Omegamax = 3;
Produkte = 1;
v = [2];
KS = 90;

KH	=	9;								
							
											
kS	=	[[1000,	38.3697,	57.8946,	30.1217,	18.8233,	28.0246,	94.1813,	31.1978,	82.6637,	6.6888],
[38.3697,	1000,	42.0865,	66.0012,	40.6863,	52.9436,	57.2311,	32.8856,	120.1414,	34.9844],		
[57.8946,	42.0865,	1000,	87.3048,	44.2297,	83.5652,	80.965,	71.1879,	121.4214,	51.2905],		
[30.1217,	66.0012,	87.3048,	1000,	44.2753,	21.9064,	117.9197,	44.6716,	65.5233,	36.336],		
[18.8233,	40.6863,	44.2297,	44.2753,	1000,	46.7413,	97.7309,	46.9758,	82.1338,	13.2944],		
[28.0246,	52.9436,	83.5652,	21.9064,	46.7413,	1000,	99.4712,	24.9261,	87.4116,	34.3822],		
[94.1813,	57.2311,	80.965,	117.9197,	97.7309,	99.4712,	1000,	74.549,	176.7898,	91.8054],		
[31.1978,	32.8856,	71.1879,	44.6716,	46.9758,	24.9261,	74.549,	1000,	108.3524,	34.1155],		
[82.6637,	120.1414,	121.4214,	65.5233,	82.1338,	87.4116,	176.7898,	108.3524,	1000,	85.1678],		
[6.6888,	34.9844,	51.2905,	36.336,	13.2944,	34.3822,	91.8054,	34.1155,	85.1678,	1000]];		
											
kem	=	[336,	36.8349,	55.5788,	28.9168,	18.0703,	26.9037,	90.414,	29.9499,	79.3572,	6.4213];
											
											
								

kI = [0.0033];
qS = [1];

d = [[[[6.6],[4.93],[14.87],[3.83],[1.73],[4.32],[6.21]],[[3.73],[0.28],[0.99],[0.05],[0],[0.03],[0.44]],[[0],[0.02],[0],[0],[5.36],[0],[0]],[[0],[0.42],[0.02],[0.14],[0.05],[2.56],[0.01]],[[0],[0.09],[0.08],[0.6],[0],[0.32],[0]],[[0.22],[0.26],[0.38],[0.67],[0],[0.34],[0]],[[0],[0],[0.32],[0],[0],[0.01],[1.03]],[[0.53],[3.32],[0],[2.32],[10.28],[0],[0.54]],[[1.88],[1.84],[1.05],[0],[0.1],[0],[0]],[[0],[0],[0],[0],[0],[0],[0]]],[[[1.75],[11.78],[6.6],[6.07],[3.58],[0.39],[4.04]],[[0.4],[0],[1.63],[0.22],[0.07],[0],[0.04]],[[0.02],[1.15],[0],[0],[0.5],[0.02],[0.53]],[[0],[2.15],[0.01],[0],[0.04],[0.03],[0]],[[0.03],[0],[0.52],[0],[0],[2.75],[0]],[[7.12],[0.62],[2.48],[1.95],[15.03],[0.69],[0.15]],[[0.28],[6.92],[0.03],[0],[0],[0.04],[0.02]],[[0.01],[0],[0],[0],[0.16],[0],[0]],[[3.28],[0.28],[0.03],[0.3],[0.64],[0.03],[0]],[[0],[0],[0],[0],[0],[0],[0]]],[[[0.87],[10.48],[13.99],[3.62],[7.85],[0.23],[10.3]],[[5.45],[0.01],[0.03],[0.1],[1.01],[0.78],[0]],[[0],[0.05],[0.41],[0],[0.22],[0.19],[0.08]],[[0.01],[0],[1.42],[0],[0.22],[0.01],[2.2]],[[0.02],[2.84],[5.18],[0.11],[1.03],[0],[0]],[[1.14],[0.21],[0.23],[0.59],[0.39],[8.22],[2.67]],[[0.62],[0.87],[4.4],[0.01],[0],[2.21],[0.03]],[[0],[3.32],[0.2],[0.04],[0.9],[0.27],[0]],[[4.54],[0.14],[0.75],[0.04],[0],[0.12],[0]],[[0],[0],[0],[0.02],[0],[0],[0]]]];

