Omegamax = 5;
Produkte = 2;
v = [2,2];
KS = 117;

KH	=	9;								
							
											
kS = [[1000,	100.3154,	67.9336,	78.6797,	66.2313,	39.1673,	15.8027,	29.5922,	86.2152,	73.4044],
[100.3154,	1000,	74.3155,	63.6129,	52.5148,	75.8219,	84.5888,	108.1348,	29.2909,	64.5159],
[67.9336,	74.3155,	1000,	15.2169,	22.6999,	29.2509,	57.317,	53.6605,	45.899,	11.1019],
[78.6797,	63.6129,	15.2169,	1000,	18.5917,	39.5901,	66.206,	67.7875,	34.3532,	5.3364],
[66.2313,	52.5148,	22.6999,	18.5917,	1000,	29.6067,	52.0814,	62.0716,	25.8883,	15.7955],
[39.1673,	75.8219,	29.2509,	39.5901,	29.6067,	1000,	28.1405,	33.0635,	53.8425,	34.2857],
[15.8027,	84.5888,	57.317,	66.206,	52.0814,	28.1405,	1000,	34.0634,	70.7486,	61.0963],
[29.5922,	108.1348,	53.6605,	67.7875,	62.0716,	33.0635,	34.0634,	1000,	86.8817,	62.6072],
[86.2152,	29.2909,	45.899,	34.3532,	25.8883,	53.8425,	70.7486,	86.8817,	1000,	35.5839],
[73.4044,	64.5159,	11.1019,	5.3364,	15.7955,	34.2857,	61.0963,	62.6072,	35.5839,	1000]];
									
kem = [336,	96.3028,	65.2162,	75.5325,	63.582,	37.6006,	15.1706,	28.4085,	82.7666,	70.4682];
										
											
								

kI = [0.0033,0.0193];
qS = [1,1];

d = [[[[6.6,0.3],[4.93,1.46],[14.87,3.37],[3.83,2.69],[1.73,14.95],[4.32,0.13],[6.21,0.08]],[[3.73,5.97],[0.28,0.14],[0.99,0.74],[0.05,0],[0,1.9],[0.03,0.09],[0.44,0.03]],[[0,0],[0.02,1.15],[0,0],[0,0],[5.36,0.03],[0,9.07],[0,0]],[[0,0.06],[0.42,0.01],[0.02,0.01],[0.14,0.22],[0.05,5.85],[2.56,0.74],[0.01,0]],[[0,0.01],[0.09,0],[0.08,0],[0.6,4.03],[0,0.01],[0.32,0],[0,0]],[[0.22,0.02],[0.26,1.54],[0.38,0.36],[0.67,0.01],[0,0.05],[0.34,5.44],[0,0.4]],[[0,0.01],[0,3.94],[0.32,0.01],[0,2.23],[0,0],[0.01,0.15],[1.03,0]],[[0.53,0],[3.32,0.02],[0,0.2],[2.32,0.18],[10.28,0],[0,1.86],[0.54,0]],[[1.88,0.14],[1.84,0.07],[1.05,0.56],[0,0.81],[0.1,0.21],[0,0.14],[0,0.05]],[[0,0],[0,0],[0,0],[0,0],[0,0],[0,0],[0,0]]],[[[1.75,0.49],[11.78,0.71],[6.6,2.04],[6.07,12.37],[3.58,2.7],[0.39,0.31],[4.04,7.9]],[[0.4,0.99],[0,8.12],[1.63,0],[0.22,0],[0.07,1.48],[0,0],[0.04,0]],[[0.02,0],[1.15,0.16],[0,0],[0,0],[0.5,0],[0.02,0],[0.53,0]],[[0,0.42],[2.15,0],[0.01,0.14],[0,0],[0.04,0.48],[0.03,0.02],[0,0]],[[0.03,0.52],[0,0.16],[0.52,0.22],[0,0.22],[0,0],[2.75,0.01],[0,0.41]],[[7.12,7.93],[0.62,1.97],[2.48,0.78],[1.95,0.3],[15.03,0.06],[0.69,0.02],[0.15,17.32]],[[0.28,1.49],[6.92,0.09],[0.03,1.83],[0,0],[0,0.02],[0.04,0.48],[0.02,0]],[[0.01,0.01],[0,2.11],[0,0.4],[0,0.05],[0.16,0],[0,0],[0,0]],[[3.28,0.16],[0.28,0.49],[0.03,1.16],[0.3,2.03],[0.64,0],[0.03,0.37],[0,0.08]],[[0,0],[0,0],[0,0],[0,0],[0,0],[0,0],[0,0]]],[[[0.87,2.34],[10.48,4.37],[13.99,5.8],[3.62,7.37],[7.85,7.61],[0.23,3.53],[10.3,0.43]],[[5.45,5.97],[0.01,6.41],[0.03,1.24],[0.1,7.65],[1.01,0],[0.78,2.47],[0,0.66]],[[0,0],[0.05,0.1],[0.41,0],[0,0],[0.22,0.13],[0.19,0],[0.08,0]],[[0.01,0],[0,0],[1.42,0],[0,0.02],[0.22,0.67],[0.01,0.96],[2.2,0.33]],[[0.02,0],[2.84,0.01],[5.18,0.26],[0.11,0],[1.03,0.48],[0,0.52],[0,0]],[[1.14,9],[0.21,6.91],[0.23,2.01],[0.59,0.56],[0.39,0.02],[8.22,2.31],[2.67,0.34]],[[0.62,0.32],[0.87,0.02],[4.4,1.22],[0.01,5.61],[0,0.2],[2.21,0],[0.03,0.02]],[[0,0.94],[3.32,0.41],[0.2,1.69],[0.04,0.13],[0.9,2.98],[0.27,0.31],[0,0]],[[4.54,0.99],[0.14,2.14],[0.75,5.27],[0.04,1.92],[0,0.39],[0.12,0.24],[0,0.02]],[[0,0],[0,0],[0,0],[0.02,0],[0,0],[0,0],[0,0]]],[[[4.98,7.55],[8.16,1.95],[5.24,4.06],[1.26,5.03],[0,3.27],[13.59,7.9],[9.89,4.93]],[[3.08,5.01],[0.12,0.05],[2.04,0.42],[0.39,0],[0.51,0],[1.56,0.37],[12.37,1.81]],[[0.02,0.02],[0,0.09],[0.95,0],[1.24,1.73],[2.5,0],[0.35,0.53],[0,0]],[[0,4.58],[0,0.22],[0.01,6.8],[0,0],[0.93,0.01],[0,0.01],[0,0]],[[1.17,0.61],[0.03,0.03],[5.18,3.52],[0,1.11],[0.01,0],[0,9.11],[0.03,5.85]],[[5.08,2.48],[0.41,0],[0.03,0],[0.01,1.75],[6.24,0.51],[0,1.63],[17.32,0.04]],[[0.06,0.5],[0,0.01],[0.58,0.87],[4.48,0],[4.1,0],[0.26,1.5],[0.15,10.63]],[[0,0],[0.03,0],[0.02,0],[0,0],[0,0.01],[0,0.18],[0,2.92]],[[7.68,10.29],[2.78,0.29],[0.33,1.1],[1.81,0.64],[0,0],[0,2.31],[0.89,0]],[[0,0],[0,0],[0,0],[0,0],[0.3,0.02],[0,0],[0,0]]],[[[7.35,22.78],[1.6,4.81],[4.98,2.34],[15.37,0.76],[5.36,2.88],[0.62,6.88],[1,23.77]],[[0.04,0.13],[1.98,0],[0.13,9.96],[6.13,0.27],[0.88,0.38],[0,0.01],[0.04,0.02]],[[0,0.11],[0,0],[0.54,0],[0,0.26],[0.18,0],[0,3.12],[0,0]],[[0.21,0.67],[3.85,1.61],[9.3,0],[9.8,0.27],[0,0],[6.3,0],[0,0.08]],[[0.01,0],[0.14,0.07],[0.34,0],[0,0.03],[0,2.84],[4.91,0],[0.17,0]],[[13.42,4.43],[0.62,0.34],[0.17,0],[0.22,0.24],[4.87,0.59],[0.06,0.59],[1.74,0]],[[0,0.09],[1.36,1.76],[0,0],[2.23,0.1],[1.07,6.63],[7.15,2],[0.09,0.03]],[[0.12,0.01],[0.09,1.43],[0,0],[0,0],[0,0.41],[0.01,1.86],[0,3.45]],[[4.54,2.76],[2.03,1.06],[1.88,0],[2.03,0.86],[0.02,4.66],[7.93,2.15],[0.14,2.15]],[[0,0],[0,0],[0,0],[0,0],[0,0],[0,0],[0,0]]]];

