Omegamax = 6;
Produkte = 3;
v = [2,2,1];
KS = 126;

KH	=	9;								
							
											
kS	=	[[1000,	38.3697,	57.8946,	30.1217,	18.8233,	28.0246,	94.1813,	31.1978,	82.6637,	6.6888],
[38.3697,	1000,	42.0865,	66.0012,	40.6863,	52.9436,	57.2311,	32.8856,	120.1414,	34.9844],		
[57.8946,	42.0865,	1000,	87.3048,	44.2297,	83.5652,	80.965,	71.1879,	121.4214,	51.2905],		
[30.1217,	66.0012,	87.3048,	1000,	44.2753,	21.9064,	117.9197,	44.6716,	65.5233,	36.336],		
[18.8233,	40.6863,	44.2297,	44.2753,	1000,	46.7413,	97.7309,	46.9758,	82.1338,	13.2944],		
[28.0246,	52.9436,	83.5652,	21.9064,	46.7413,	1000,	99.4712,	24.9261,	87.4116,	34.3822],		
[94.1813,	57.2311,	80.965,	117.9197,	97.7309,	99.4712,	1000,	74.549,	176.7898,	91.8054],		
[31.1978,	32.8856,	71.1879,	44.6716,	46.9758,	24.9261,	74.549,	1000,	108.3524,	34.1155],		
[82.6637,	120.1414,	121.4214,	65.5233,	82.1338,	87.4116,	176.7898,	108.3524,	1000,	85.1678],		
[6.6888,	34.9844,	51.2905,	36.336,	13.2944,	34.3822,	91.8054,	34.1155,	85.1678,	1000]];		
											
kem	=	[336,	36.8349,	55.5788,	28.9168,	18.0703,	26.9037,	90.414,	29.9499,	79.3572,	6.4213];
											
											
								

kI = [0.0033,0.0193,0.0514];
qS = [1,1,1];

d = [[[[6.6,0.49,0.16],[4.93,0.71,1.88],[14.87,2.04,7.99],[3.83,12.37,3.94],[1.73,2.7,0.32],[4.32,0.31,1.84],[6.21,7.9,2.65]],[[3.73,0.99,0],[0.28,8.12,0],[0.99,0,3.08],[0.05,0,2.69],[0,1.48,0],[0.03,0,4.89],[0.44,0,0.84]],[[0,0,1.29],[0.02,0.16,0.02],[0,0,0],[0,0,0],[5.36,0,0],[0,0,0],[0,0,0.1]],[[0,0.42,3.01],[0.42,0,0],[0.02,0.14,0],[0.14,0,1.11],[0.05,0.48,0.12],[2.56,0.02,0],[0.01,0,6.3]],[[0,0.52,0.56],[0.09,0.16,0],[0.08,0.22,0.02],[0.6,0.22,10.6],[0,0,0],[0.32,0.01,0.37],[0,0.41,0]],[[0.22,7.93,5.08],[0.26,1.97,0.94],[0.38,0.78,1.48],[0.67,0.3,0.24],[0,0.06,2.84],[0.34,0.02,0.24],[0,17.32,9.36]],[[0,1.49,0.54],[0,0.09,0.63],[0.32,1.83,6.19],[0,0,0.32],[0,0.02,0.72],[0.01,0.48,1.5],[1.03,0,0.26]],[[0.53,0.01,0.02],[3.32,2.11,0.01],[0,0.4,0],[2.32,0.05,9.71],[10.28,0,0.37],[0,0,0.05],[0.54,0,0]],[[1.88,0.16,1.6],[1.84,0.49,1.93],[1.05,1.16,0.67],[0,2.03,2.56],[0.1,0,0.11],[0,0.37,1.39],[0,0.08,4.74]],[[0,0,0],[0,0,0.11],[0,0,0],[0,0,0],[0,0,0],[0,0,0],[0,0,0]]],[[[1.75,2.34,2.12],[11.78,4.37,9.78],[6.6,5.8,7.35],[6.07,7.37,8.05],[3.58,7.61,25.23],[0.39,3.53,2.01],[4.04,0.43,0]],[[0.4,5.97,2.04],[0,6.41,1],[1.63,1.24,1.46],[0.22,7.65,0.05],[0.07,0,0.45],[0,2.47,0.26],[0.04,0.66,12.37]],[[0.02,0,0],[1.15,0.1,0.16],[0,0,1.29],[0,0,0.31],[0.5,0.13,0],[0.02,0,1.22],[0.53,0,0.05]],[[0,0,0.28],[2.15,0,0],[0.01,0,0],[0,0.02,0],[0.04,0.67,0],[0.03,0.96,5.07],[0,0.33,0]],[[0.03,0,0],[0,0.01,0.35],[0.52,0.26,1.79],[0,0,0.01],[0,0.48,0],[2.75,0.52,0],[0,0,0]],[[7.12,9,0],[0.62,6.91,0.21],[2.48,2.01,1.08],[1.95,0.56,1.33],[15.03,0.02,1.76],[0.69,2.31,0],[0.15,0.34,0.69]],[[0.28,0.32,0.35],[6.92,0.02,0],[0.03,1.22,0.07],[0,5.61,0],[0,0.2,4.56],[0.04,0,0],[0.02,0.02,0.29]],[[0.01,0.94,0],[0,0.41,0.34],[0,1.69,0.01],[0,0.13,0],[0.16,2.98,0],[0,0.31,0.05],[0,0,0]],[[3.28,0.99,0.03],[0.28,2.14,0],[0.03,5.27,0],[0.3,1.92,0.64],[0.64,0.39,3.48],[0.03,0.24,0],[0,0.02,0.04]],[[0,0,0],[0,0,0],[0,0,0],[0,0,0],[0,0,0],[0,0,0.19],[0,0,0]]],[[[0.87,7.55,6.43],[10.48,1.95,7.32],[13.99,4.06,0.81],[3.62,5.03,6.77],[7.85,3.27,0.69],[0.23,7.9,0.03],[10.3,4.93,1.06]],[[5.45,5.01,0.01],[0.01,0.05,0],[0.03,0.42,0],[0.1,0,0.03],[1.01,0,0],[0.78,0.37,0],[0,1.81,0.01]],[[0,0.02,0],[0.05,0.09,0.01],[0.41,0,3.82],[0,1.73,0.19],[0.22,0,0],[0.19,0.53,9.07],[0.08,0,0]],[[0.01,4.58,0.23],[0,0.22,0.3],[1.42,6.8,0],[0,0,9.8],[0.22,0.01,4.08],[0.01,0.01,0],[2.2,0,0.56]],[[0.02,0.61,0.31],[2.84,0.03,0.05],[5.18,3.52,0.66],[0.11,1.11,0],[1.03,0,0.03],[0,9.11,0],[0,5.85,0]],[[1.14,2.48,2.35],[0.21,0,0.58],[0.23,0,0.56],[0.59,1.75,5.17],[0.39,0.51,0.23],[8.22,1.63,1.87],[2.67,0.04,0]],[[0.62,0.5,0.05],[0.87,0.01,0],[4.4,0.87,0.32],[0.01,0,0.32],[0,0,1.25],[2.21,1.5,0.01],[0.03,10.63,0.01]],[[0,0,0.01],[3.32,0,0.21],[0.2,0,0.24],[0.04,0,0.31],[0.9,0.01,0.03],[0.27,0.18,0],[0,2.92,0]],[[4.54,10.29,1.98],[0.14,0.29,0.05],[0.75,1.1,1.52],[0.04,0.64,0.24],[0,0,0.01],[0.12,2.31,1.49],[0,0,0.06]],[[0,0,0],[0,0,0],[0,0,0],[0.02,0,0],[0,0.02,0],[0,0,0],[0,0,0]]],[[[4.98,22.78,2.5],[8.16,4.81,7.13],[5.24,2.34,2.27],[1.26,0.76,1.47],[0,2.88,0.99],[13.59,6.88,4.77],[9.89,23.77,1.46]],[[3.08,0.13,4.63],[0.12,0,1],[2.04,9.96,1.54],[0.39,0.27,6.13],[0.51,0.38,5.71],[1.56,0.01,0.13],[12.37,0.02,0.78]],[[0.02,0.11,0],[0,0,0],[0.95,0,0],[1.24,0.26,0],[2.5,0,0.05],[0.35,3.12,0.03],[0,0,0]],[[0,0.67,0.01],[0,1.61,0.01],[0.01,0,0.06],[0,0.27,0.02],[0.93,0,0],[0,0,0.01],[0,0.08,0]],[[1.17,0,0.05],[0.03,0.07,0.02],[5.18,0,0],[0,0.03,0],[0.01,2.84,0],[0,0,0],[0.03,0,0]],[[5.08,4.43,0.25],[0.41,0.34,0.58],[0.03,0,0],[0.01,0.24,3.25],[6.24,0.59,2.84],[0,0.59,0],[17.32,0,0]],[[0.06,0.09,0.03],[0,1.76,0],[0.58,0,0],[4.48,0.1,0.08],[4.1,6.63,0],[0.26,2,1.37],[0.15,0.03,2.21]],[[0,0.01,0.85],[0.03,1.43,0.05],[0.02,0,0.48],[0,0,3.4],[0,0.41,0.04],[0,1.86,0],[0,3.45,0]],[[7.68,2.76,2.46],[2.78,1.06,0.03],[0.33,0,0.33],[1.81,0.86,0.46],[0,4.66,0.01],[0,2.15,0.12],[0.89,2.15,0.29]],[[0,0,0],[0,0,0],[0,0,0.05],[0,0,0],[0.3,0,0],[0,0,0],[0,0,0]]],[[[7.35,3.09,5.51],[1.6,11.78,4.7],[4.98,4.62,4.06],[15.37,2.04,0.29],[5.36,0.53,1.05],[0.62,7.63,12.29],[1,8.19,0.83]],[[0.04,0.62,0.21],[1.98,0.07,0],[0.13,0,3.73],[6.13,0.32,0.07],[0.88,9.18,0.03],[0,0.12,10.16],[0.04,6.7,0.01]],[[0,0,0.41],[0,0,0.01],[0.54,0.04,0.02],[0,0,0.02],[0.18,0,0.11],[0,0,0],[0,0.99,0]],[[0.21,0,0.61],[3.85,0,0],[9.3,0.1,0],[9.8,0,0],[0,5.85,0],[6.3,0,0],[0,0,0]],[[0.01,0.18,0],[0.14,0.06,1.32],[0.34,0,0],[0,0,0.03],[0,0,0],[4.91,0.1,0],[0.17,0,0]],[[13.42,7.93,0],[0.62,1.87,0.36],[0.17,0.22,0.97],[0.22,0.67,2.06],[4.87,0.02,11.65],[0.06,0.11,1.07],[1.74,0.92,0.37]],[[0,0.01,0],[1.36,0,6.92],[0,1.83,0],[2.23,3.36,0],[1.07,3.37,2.18],[7.15,0,0.78],[0.09,0,4.69]],[[0.12,0,0.07],[0.09,1.9,0.01],[0,1.14,0],[0,0.1,2.62],[0,0.81,0],[0.01,0,0],[0,0,0]],[[4.54,2.33,0.29],[2.03,2.03,0.69],[1.88,0.1,4.54],[2.03,0,0.68],[0.02,0,0],[7.93,2,0.83],[0.14,0.66,0.1]],[[0,0,0],[0,0,0],[0,0,0.39],[0,0,0],[0,0,0.02],[0,0,0],[0,0,0]]],[[[0.3,3.75,7.55],[1.46,0.85,2.63],[3.37,6.11,12.62],[2.69,2.69,2.52],[14.95,8.94,0.58],[0.13,12.91,12.91],[0.08,11.22,6.43]],[[5.97,4,8.43],[0.14,1.78,1.78],[0.74,0,1.05],[0,0.11,0.59],[1.9,0,3.76],[0.09,2.68,0.12],[0.03,1.24,0]],[[0,7.3,0],[1.15,0,1.32],[0,0,0],[0,2.51,0],[0.03,0,0],[9.07,0,0],[0,0.01,0.53]],[[0.06,0.03,0.55],[0.01,1.61,0],[0.01,0.73,0.02],[0.22,0.05,0.01],[5.85,0,0],[0.74,0.22,0],[0,0,0.02]],[[0.01,0.02,0.04],[0,3.48,0],[0,0.15,0.01],[4.03,6.33,0],[0.01,0.01,2.54],[0,0,0],[0,0,0.46]],[[0.02,2.76,0.97],[1.54,0,1.33],[0.36,1.14,4.15],[0.01,1.4,3.67],[0.05,0.67,3.22],[5.44,0.92,17.32],[0.4,0.37,0]],[[0.01,0,0.02],[3.94,1.05,2.65],[0.01,0.01,4.87],[2.23,0.01,0],[0,0,0],[0.15,0,0.85],[0,0,1.13]],[[0,0.07,0.36],[0.02,0.37,2.11],[0.2,0,0.24],[0.18,0,0.88],[0,0,0],[1.86,0,0],[0,0.93,6.21]],[[0.14,0.01,1.52],[0.07,0.28,0.34],[0.56,0.17,0.33],[0.81,2.42,0.33],[0.21,0.19,0.77],[0.14,2,0.83],[0.05,1.29,0.12]],[[0,0,0],[0,0,0],[0,0,0],[0,0,0],[0,0,0.75],[0,0,0],[0,0,0.01]]]];

