Omegamax = 4;
Produkte = 2;
v = [2,2];
KS = 117;

KH	=	9;								
							
											
kS = [[1000,	100.3154,	67.9336,	78.6797,	66.2313,	39.1673,	15.8027,	29.5922,	86.2152,	73.4044],
[100.3154,	1000,	74.3155,	63.6129,	52.5148,	75.8219,	84.5888,	108.1348,	29.2909,	64.5159],
[67.9336,	74.3155,	1000,	15.2169,	22.6999,	29.2509,	57.317,	53.6605,	45.899,	11.1019],
[78.6797,	63.6129,	15.2169,	1000,	18.5917,	39.5901,	66.206,	67.7875,	34.3532,	5.3364],
[66.2313,	52.5148,	22.6999,	18.5917,	1000,	29.6067,	52.0814,	62.0716,	25.8883,	15.7955],
[39.1673,	75.8219,	29.2509,	39.5901,	29.6067,	1000,	28.1405,	33.0635,	53.8425,	34.2857],
[15.8027,	84.5888,	57.317,	66.206,	52.0814,	28.1405,	1000,	34.0634,	70.7486,	61.0963],
[29.5922,	108.1348,	53.6605,	67.7875,	62.0716,	33.0635,	34.0634,	1000,	86.8817,	62.6072],
[86.2152,	29.2909,	45.899,	34.3532,	25.8883,	53.8425,	70.7486,	86.8817,	1000,	35.5839],
[73.4044,	64.5159,	11.1019,	5.3364,	15.7955,	34.2857,	61.0963,	62.6072,	35.5839,	1000]];
									
kem = [336,	96.3028,	65.2162,	75.5325,	63.582,	37.6006,	15.1706,	28.4085,	82.7666,	70.4682];
										
											
								

kI = [0.0033,0.0193];
qS = [1,1];

d = [[[[6.6,7.35],[4.93,1.6],[14.87,4.98],[3.83,15.37],[1.73,5.36],[4.32,0.62],[6.21,1]],[[3.73,0.04],[0.28,1.98],[0.99,0.13],[0.05,6.13],[0,0.88],[0.03,0],[0.44,0.04]],[[0,0],[0.02,0],[0,0.54],[0,0],[5.36,0.18],[0,0],[0,0]],[[0,0.21],[0.42,3.85],[0.02,9.3],[0.14,9.8],[0.05,0],[2.56,6.3],[0.01,0]],[[0,0.01],[0.09,0.14],[0.08,0.34],[0.6,0],[0,0],[0.32,4.91],[0,0.17]],[[0.22,13.42],[0.26,0.62],[0.38,0.17],[0.67,0.22],[0,4.87],[0.34,0.06],[0,1.74]],[[0,0],[0,1.36],[0.32,0],[0,2.23],[0,1.07],[0.01,7.15],[1.03,0.09]],[[0.53,0.12],[3.32,0.09],[0,0],[2.32,0],[10.28,0],[0,0.01],[0.54,0]],[[1.88,4.54],[1.84,2.03],[1.05,1.88],[0,2.03],[0.1,0.02],[0,7.93],[0,0.14]],[[0,0],[0,0],[0,0],[0,0],[0,0],[0,0],[0,0]]],[[[1.75,0.3],[11.78,1.46],[6.6,3.37],[6.07,2.69],[3.58,14.95],[0.39,0.13],[4.04,0.08]],[[0.4,5.97],[0,0.14],[1.63,0.74],[0.22,0],[0.07,1.9],[0,0.09],[0.04,0.03]],[[0.02,0],[1.15,1.15],[0,0],[0,0],[0.5,0.03],[0.02,9.07],[0.53,0]],[[0,0.06],[2.15,0.01],[0.01,0.01],[0,0.22],[0.04,5.85],[0.03,0.74],[0,0]],[[0.03,0.01],[0,0],[0.52,0],[0,4.03],[0,0.01],[2.75,0],[0,0]],[[7.12,0.02],[0.62,1.54],[2.48,0.36],[1.95,0.01],[15.03,0.05],[0.69,5.44],[0.15,0.4]],[[0.28,0.01],[6.92,3.94],[0.03,0.01],[0,2.23],[0,0],[0.04,0.15],[0.02,0]],[[0.01,0],[0,0.02],[0,0.2],[0,0.18],[0.16,0],[0,1.86],[0,0]],[[3.28,0.14],[0.28,0.07],[0.03,0.56],[0.3,0.81],[0.64,0.21],[0.03,0.14],[0,0.05]],[[0,0],[0,0],[0,0],[0,0],[0,0],[0,0],[0,0]]],[[[0.87,0.49],[10.48,0.71],[13.99,2.04],[3.62,12.37],[7.85,2.7],[0.23,0.31],[10.3,7.9]],[[5.45,0.99],[0.01,8.12],[0.03,0],[0.1,0],[1.01,1.48],[0.78,0],[0,0]],[[0,0],[0.05,0.16],[0.41,0],[0,0],[0.22,0],[0.19,0],[0.08,0]],[[0.01,0.42],[0,0],[1.42,0.14],[0,0],[0.22,0.48],[0.01,0.02],[2.2,0]],[[0.02,0.52],[2.84,0.16],[5.18,0.22],[0.11,0.22],[1.03,0],[0,0.01],[0,0.41]],[[1.14,7.93],[0.21,1.97],[0.23,0.78],[0.59,0.3],[0.39,0.06],[8.22,0.02],[2.67,17.32]],[[0.62,1.49],[0.87,0.09],[4.4,1.83],[0.01,0],[0,0.02],[2.21,0.48],[0.03,0]],[[0,0.01],[3.32,2.11],[0.2,0.4],[0.04,0.05],[0.9,0],[0.27,0],[0,0]],[[4.54,0.16],[0.14,0.49],[0.75,1.16],[0.04,2.03],[0,0],[0.12,0.37],[0,0.08]],[[0,0],[0,0],[0,0],[0.02,0],[0,0],[0,0],[0,0]]],[[[4.98,2.34],[8.16,4.37],[5.24,5.8],[1.26,7.37],[0,7.61],[13.59,3.53],[9.89,0.43]],[[3.08,5.97],[0.12,6.41],[2.04,1.24],[0.39,7.65],[0.51,0],[1.56,2.47],[12.37,0.66]],[[0.02,0],[0,0.1],[0.95,0],[1.24,0],[2.5,0.13],[0.35,0],[0,0]],[[0,0],[0,0],[0.01,0],[0,0.02],[0.93,0.67],[0,0.96],[0,0.33]],[[1.17,0],[0.03,0.01],[5.18,0.26],[0,0],[0.01,0.48],[0,0.52],[0.03,0]],[[5.08,9],[0.41,6.91],[0.03,2.01],[0.01,0.56],[6.24,0.02],[0,2.31],[17.32,0.34]],[[0.06,0.32],[0,0.02],[0.58,1.22],[4.48,5.61],[4.1,0.2],[0.26,0],[0.15,0.02]],[[0,0.94],[0.03,0.41],[0.02,1.69],[0,0.13],[0,2.98],[0,0.31],[0,0]],[[7.68,0.99],[2.78,2.14],[0.33,5.27],[1.81,1.92],[0,0.39],[0,0.24],[0.89,0.02]],[[0,0],[0,0],[0,0],[0,0],[0.3,0],[0,0],[0,0]]]];

