Omegamax = 10;
Produkte = 1;
v = [2];
KS = 90;

KH	=	9;								
							
											
kS	=	[[1000,	38.3697,	57.8946,	30.1217,	18.8233,	28.0246,	94.1813,	31.1978,	82.6637,	6.6888],
[38.3697,	1000,	42.0865,	66.0012,	40.6863,	52.9436,	57.2311,	32.8856,	120.1414,	34.9844],		
[57.8946,	42.0865,	1000,	87.3048,	44.2297,	83.5652,	80.965,	71.1879,	121.4214,	51.2905],		
[30.1217,	66.0012,	87.3048,	1000,	44.2753,	21.9064,	117.9197,	44.6716,	65.5233,	36.336],		
[18.8233,	40.6863,	44.2297,	44.2753,	1000,	46.7413,	97.7309,	46.9758,	82.1338,	13.2944],		
[28.0246,	52.9436,	83.5652,	21.9064,	46.7413,	1000,	99.4712,	24.9261,	87.4116,	34.3822],		
[94.1813,	57.2311,	80.965,	117.9197,	97.7309,	99.4712,	1000,	74.549,	176.7898,	91.8054],		
[31.1978,	32.8856,	71.1879,	44.6716,	46.9758,	24.9261,	74.549,	1000,	108.3524,	34.1155],		
[82.6637,	120.1414,	121.4214,	65.5233,	82.1338,	87.4116,	176.7898,	108.3524,	1000,	85.1678],		
[6.6888,	34.9844,	51.2905,	36.336,	13.2944,	34.3822,	91.8054,	34.1155,	85.1678,	1000]];		
											
kem	=	[336,	36.8349,	55.5788,	28.9168,	18.0703,	26.9037,	90.414,	29.9499,	79.3572,	6.4213];
											
											
								

kI = [0.0033];
qS = [1];

d = [[[[6.6],[4.93],[14.87],[3.83],[1.73],[4.32],[6.21]],[[3.73],[0.28],[0.99],[0.05],[0],[0.03],[0.44]],[[0],[0.02],[0],[0],[5.36],[0],[0]],[[0],[0.42],[0.02],[0.14],[0.05],[2.56],[0.01]],[[0],[0.09],[0.08],[0.6],[0],[0.32],[0]],[[0.22],[0.26],[0.38],[0.67],[0],[0.34],[0]],[[0],[0],[0.32],[0],[0],[0.01],[1.03]],[[0.53],[3.32],[0],[2.32],[10.28],[0],[0.54]],[[1.88],[1.84],[1.05],[0],[0.1],[0],[0]],[[0],[0],[0],[0],[0],[0],[0]]],[[[1.75],[11.78],[6.6],[6.07],[3.58],[0.39],[4.04]],[[0.4],[0],[1.63],[0.22],[0.07],[0],[0.04]],[[0.02],[1.15],[0],[0],[0.5],[0.02],[0.53]],[[0],[2.15],[0.01],[0],[0.04],[0.03],[0]],[[0.03],[0],[0.52],[0],[0],[2.75],[0]],[[7.12],[0.62],[2.48],[1.95],[15.03],[0.69],[0.15]],[[0.28],[6.92],[0.03],[0],[0],[0.04],[0.02]],[[0.01],[0],[0],[0],[0.16],[0],[0]],[[3.28],[0.28],[0.03],[0.3],[0.64],[0.03],[0]],[[0],[0],[0],[0],[0],[0],[0]]],[[[0.87],[10.48],[13.99],[3.62],[7.85],[0.23],[10.3]],[[5.45],[0.01],[0.03],[0.1],[1.01],[0.78],[0]],[[0],[0.05],[0.41],[0],[0.22],[0.19],[0.08]],[[0.01],[0],[1.42],[0],[0.22],[0.01],[2.2]],[[0.02],[2.84],[5.18],[0.11],[1.03],[0],[0]],[[1.14],[0.21],[0.23],[0.59],[0.39],[8.22],[2.67]],[[0.62],[0.87],[4.4],[0.01],[0],[2.21],[0.03]],[[0],[3.32],[0.2],[0.04],[0.9],[0.27],[0]],[[4.54],[0.14],[0.75],[0.04],[0],[0.12],[0]],[[0],[0],[0],[0.02],[0],[0],[0]]],[[[4.98],[8.16],[5.24],[1.26],[0],[13.59],[9.89]],[[3.08],[0.12],[2.04],[0.39],[0.51],[1.56],[12.37]],[[0.02],[0],[0.95],[1.24],[2.5],[0.35],[0]],[[0],[0],[0.01],[0],[0.93],[0],[0]],[[1.17],[0.03],[5.18],[0],[0.01],[0],[0.03]],[[5.08],[0.41],[0.03],[0.01],[6.24],[0],[17.32]],[[0.06],[0],[0.58],[4.48],[4.1],[0.26],[0.15]],[[0],[0.03],[0.02],[0],[0],[0],[0]],[[7.68],[2.78],[0.33],[1.81],[0],[0],[0.89]],[[0],[0],[0],[0],[0.3],[0],[0]]],[[[7.35],[1.6],[4.98],[15.37],[5.36],[0.62],[1]],[[0.04],[1.98],[0.13],[6.13],[0.88],[0],[0.04]],[[0],[0],[0.54],[0],[0.18],[0],[0]],[[0.21],[3.85],[9.3],[9.8],[0],[6.3],[0]],[[0.01],[0.14],[0.34],[0],[0],[4.91],[0.17]],[[13.42],[0.62],[0.17],[0.22],[4.87],[0.06],[1.74]],[[0],[1.36],[0],[2.23],[1.07],[7.15],[0.09]],[[0.12],[0.09],[0],[0],[0],[0.01],[0]],[[4.54],[2.03],[1.88],[2.03],[0.02],[7.93],[0.14]],[[0],[0],[0],[0],[0],[0],[0]]],[[[0.3],[1.46],[3.37],[2.69],[14.95],[0.13],[0.08]],[[5.97],[0.14],[0.74],[0],[1.9],[0.09],[0.03]],[[0],[1.15],[0],[0],[0.03],[9.07],[0]],[[0.06],[0.01],[0.01],[0.22],[5.85],[0.74],[0]],[[0.01],[0],[0],[4.03],[0.01],[0],[0]],[[0.02],[1.54],[0.36],[0.01],[0.05],[5.44],[0.4]],[[0.01],[3.94],[0.01],[2.23],[0],[0.15],[0]],[[0],[0.02],[0.2],[0.18],[0],[1.86],[0]],[[0.14],[0.07],[0.56],[0.81],[0.21],[0.14],[0.05]],[[0],[0],[0],[0],[0],[0],[0]]],[[[0.49],[0.71],[2.04],[12.37],[2.7],[0.31],[7.9]],[[0.99],[8.12],[0],[0],[1.48],[0],[0]],[[0],[0.16],[0],[0],[0],[0],[0]],[[0.42],[0],[0.14],[0],[0.48],[0.02],[0]],[[0.52],[0.16],[0.22],[0.22],[0],[0.01],[0.41]],[[7.93],[1.97],[0.78],[0.3],[0.06],[0.02],[17.32]],[[1.49],[0.09],[1.83],[0],[0.02],[0.48],[0]],[[0.01],[2.11],[0.4],[0.05],[0],[0],[0]],[[0.16],[0.49],[1.16],[2.03],[0],[0.37],[0.08]],[[0],[0],[0],[0],[0],[0],[0]]],[[[2.34],[4.37],[5.8],[7.37],[7.61],[3.53],[0.43]],[[5.97],[6.41],[1.24],[7.65],[0],[2.47],[0.66]],[[0],[0.1],[0],[0],[0.13],[0],[0]],[[0],[0],[0],[0.02],[0.67],[0.96],[0.33]],[[0],[0.01],[0.26],[0],[0.48],[0.52],[0]],[[9],[6.91],[2.01],[0.56],[0.02],[2.31],[0.34]],[[0.32],[0.02],[1.22],[5.61],[0.2],[0],[0.02]],[[0.94],[0.41],[1.69],[0.13],[2.98],[0.31],[0]],[[0.99],[2.14],[5.27],[1.92],[0.39],[0.24],[0.02]],[[0],[0],[0],[0],[0],[0],[0]]],[[[7.55],[1.95],[4.06],[5.03],[3.27],[7.9],[4.93]],[[5.01],[0.05],[0.42],[0],[0],[0.37],[1.81]],[[0.02],[0.09],[0],[1.73],[0],[0.53],[0]],[[4.58],[0.22],[6.8],[0],[0.01],[0.01],[0]],[[0.61],[0.03],[3.52],[1.11],[0],[9.11],[5.85]],[[2.48],[0],[0],[1.75],[0.51],[1.63],[0.04]],[[0.5],[0.01],[0.87],[0],[0],[1.5],[10.63]],[[0],[0],[0],[0],[0.01],[0.18],[2.92]],[[10.29],[0.29],[1.1],[0.64],[0],[2.31],[0]],[[0],[0],[0],[0],[0.02],[0],[0]]],[[[22.78],[4.81],[2.34],[0.76],[2.88],[6.88],[23.77]],[[0.13],[0],[9.96],[0.27],[0.38],[0.01],[0.02]],[[0.11],[0],[0],[0.26],[0],[3.12],[0]],[[0.67],[1.61],[0],[0.27],[0],[0],[0.08]],[[0],[0.07],[0],[0.03],[2.84],[0],[0]],[[4.43],[0.34],[0],[0.24],[0.59],[0.59],[0]],[[0.09],[1.76],[0],[0.1],[6.63],[2],[0.03]],[[0.01],[1.43],[0],[0],[0.41],[1.86],[3.45]],[[2.76],[1.06],[0],[0.86],[4.66],[2.15],[2.15]],[[0],[0],[0],[0],[0],[0],[0]]]];

