Omegamax = 5;
Produkte = 4;
v = [2,2,1,1];
KS = 132.8;

KH	=	9;								
							
											
kS = [[1000,	57.2372,	67.818,	71.0382,	113.7826,	113.8788,	58.1284,	11.8263,	18.415,	123.4198],
[57.2372,	1000,	46.2746,	90.4893,	109.4487,	63.9478,	85.5736,	67.1704,	61.1488,	79.4736],
[67.818,	46.2746,	1000,	55.0772,	63.2108,	56.2776,	57.2214,	71.1569,	58.0168,	58.8204],
[71.0382,	90.4893,	55.0772,	1000,	51.2275,	109.1766,	14.9386,	64.9797,	52.6937,	105.6924],
[113.7826,	109.4487,	63.2108,	51.2275,	1000,	95.8549,	65.6871,	110.9154,	97.0091,	82.8634],
[113.8788,	63.9478,	56.2776,	109.1766,	95.8549,	1000,	113.2514,	120.7053,	109.6557,	21.205],
[58.1284,	85.5736,	57.2214,	14.9386,	65.6871,	113.2514,	1000,	51.0286,	39.7368,	112.4334],
[11.8263,	67.1704,	71.1569,	64.9797,	110.9154,	120.7053,	51.0286,	1000,	14.2461,	128.6299],
[18.415,	61.1488,	58.0168,	52.6937,	97.0091,	109.6557,	39.7368,	14.2461,	1000,	116.2309],
[123.4198,	79.4736,	58.8204,	105.6924,	82.8634,	21.205,	112.4334,	128.6299,	116.2309,	1000]];
									
kem = [336,	54.9478,	65.1053,	68.1967,	109.2313,	109.3237,	55.8032,	11.3532,	17.6784,	118.4831];
											
											
								

kI = [0.0033,0.0193,0.0514,0.1153];
qS = [1,1,1,1];

d = [[[[6.6,0.3,3.09,2.5],[4.93,1.46,11.78,7.13],[14.87,3.37,4.62,2.27],[3.83,2.69,2.04,1.47],[1.73,14.95,0.53,0.99],[4.32,0.13,7.63,4.77],[6.21,0.08,8.19,1.46]],[[3.73,5.97,0.62,4.63],[0.28,0.14,0.07,1],[0.99,0.74,0,1.54],[0.05,0,0.32,6.13],[0,1.9,9.18,5.71],[0.03,0.09,0.12,0.13],[0.44,0.03,6.7,0.78]],[[0,0,0,0],[0.02,1.15,0,0],[0,0,0.04,0],[0,0,0,0],[5.36,0.03,0,0.05],[0,9.07,0,0.03],[0,0,0.99,0]],[[0,0.06,0,0.01],[0.42,0.01,0,0.01],[0.02,0.01,0.1,0.06],[0.14,0.22,0,0.02],[0.05,5.85,5.85,0],[2.56,0.74,0,0.01],[0.01,0,0,0]],[[0,0.01,0.18,0.05],[0.09,0,0.06,0.02],[0.08,0,0,0],[0.6,4.03,0,0],[0,0.01,0,0],[0.32,0,0.1,0],[0,0,0,0]],[[0.22,0.02,7.93,0.25],[0.26,1.54,1.87,0.58],[0.38,0.36,0.22,0],[0.67,0.01,0.67,3.25],[0,0.05,0.02,2.84],[0.34,5.44,0.11,0],[0,0.4,0.92,0]],[[0,0.01,0.01,0.03],[0,3.94,0,0],[0.32,0.01,1.83,0],[0,2.23,3.36,0.08],[0,0,3.37,0],[0.01,0.15,0,1.37],[1.03,0,0,2.21]],[[0.53,0,0,0.85],[3.32,0.02,1.9,0.05],[0,0.2,1.14,0.48],[2.32,0.18,0.1,3.4],[10.28,0,0.81,0.04],[0,1.86,0,0],[0.54,0,0,0]],[[1.88,0.14,2.33,2.46],[1.84,0.07,2.03,0.03],[1.05,0.56,0.1,0.33],[0,0.81,0,0.46],[0.1,0.21,0,0.01],[0,0.14,2,0.12],[0,0.05,0.66,0.29]],[[0,0,0,0],[0,0,0,0],[0,0,0,0.05],[0,0,0,0],[0,0,0,0],[0,0,0,0],[0,0,0,0]]],[[[1.75,0.49,3.75,5.51],[11.78,0.71,0.85,4.7],[6.6,2.04,6.11,4.06],[6.07,12.37,2.69,0.29],[3.58,2.7,8.94,1.05],[0.39,0.31,12.91,12.29],[4.04,7.9,11.22,0.83]],[[0.4,0.99,4,0.21],[0,8.12,1.78,0],[1.63,0,0,3.73],[0.22,0,0.11,0.07],[0.07,1.48,0,0.03],[0,0,2.68,10.16],[0.04,0,1.24,0.01]],[[0.02,0,7.3,0.41],[1.15,0.16,0,0.01],[0,0,0,0.02],[0,0,2.51,0.02],[0.5,0,0,0.11],[0.02,0,0,0],[0.53,0,0.01,0]],[[0,0.42,0.03,0.61],[2.15,0,1.61,0],[0.01,0.14,0.73,0],[0,0,0.05,0],[0.04,0.48,0,0],[0.03,0.02,0.22,0],[0,0,0,0]],[[0.03,0.52,0.02,0],[0,0.16,3.48,1.32],[0.52,0.22,0.15,0],[0,0.22,6.33,0.03],[0,0,0.01,0],[2.75,0.01,0,0],[0,0.41,0,0]],[[7.12,7.93,2.76,0],[0.62,1.97,0,0.36],[2.48,0.78,1.14,0.97],[1.95,0.3,1.4,2.06],[15.03,0.06,0.67,11.65],[0.69,0.02,0.92,1.07],[0.15,17.32,0.37,0.37]],[[0.28,1.49,0,0],[6.92,0.09,1.05,6.92],[0.03,1.83,0.01,0],[0,0,0.01,0],[0,0.02,0,2.18],[0.04,0.48,0,0.78],[0.02,0,0,4.69]],[[0.01,0.01,0.07,0.07],[0,2.11,0.37,0.01],[0,0.4,0,0],[0,0.05,0,2.62],[0.16,0,0,0],[0,0,0,0],[0,0,0.93,0]],[[3.28,0.16,0.01,0.29],[0.28,0.49,0.28,0.69],[0.03,1.16,0.17,4.54],[0.3,2.03,2.42,0.68],[0.64,0,0.19,0],[0.03,0.37,2,0.83],[0,0.08,1.29,0.1]],[[0,0,0,0],[0,0,0,0],[0,0,0,0.39],[0,0,0,0],[0,0,0,0.02],[0,0,0,0],[0,0,0,0]]],[[[0.87,2.34,0.16,7.55],[10.48,4.37,1.88,2.63],[13.99,5.8,7.99,12.62],[3.62,7.37,3.94,2.52],[7.85,7.61,0.32,0.58],[0.23,3.53,1.84,12.91],[10.3,0.43,2.65,6.43]],[[5.45,5.97,0,8.43],[0.01,6.41,0,1.78],[0.03,1.24,3.08,1.05],[0.1,7.65,2.69,0.59],[1.01,0,0,3.76],[0.78,2.47,4.89,0.12],[0,0.66,0.84,0]],[[0,0,1.29,0],[0.05,0.1,0.02,1.32],[0.41,0,0,0],[0,0,0,0],[0.22,0.13,0,0],[0.19,0,0,0],[0.08,0,0.1,0.53]],[[0.01,0,3.01,0.55],[0,0,0,0],[1.42,0,0,0.02],[0,0.02,1.11,0.01],[0.22,0.67,0.12,0],[0.01,0.96,0,0],[2.2,0.33,6.3,0.02]],[[0.02,0,0.56,0.04],[2.84,0.01,0,0],[5.18,0.26,0.02,0.01],[0.11,0,10.6,0],[1.03,0.48,0,2.54],[0,0.52,0.37,0],[0,0,0,0.46]],[[1.14,9,5.08,0.97],[0.21,6.91,0.94,1.33],[0.23,2.01,1.48,4.15],[0.59,0.56,0.24,3.67],[0.39,0.02,2.84,3.22],[8.22,2.31,0.24,17.32],[2.67,0.34,9.36,0]],[[0.62,0.32,0.54,0.02],[0.87,0.02,0.63,2.65],[4.4,1.22,6.19,4.87],[0.01,5.61,0.32,0],[0,0.2,0.72,0],[2.21,0,1.5,0.85],[0.03,0.02,0.26,1.13]],[[0,0.94,0.02,0.36],[3.32,0.41,0.01,2.11],[0.2,1.69,0,0.24],[0.04,0.13,9.71,0.88],[0.9,2.98,0.37,0],[0.27,0.31,0.05,0],[0,0,0,6.21]],[[4.54,0.99,1.6,1.52],[0.14,2.14,1.93,0.34],[0.75,5.27,0.67,0.33],[0.04,1.92,2.56,0.33],[0,0.39,0.11,0.77],[0.12,0.24,1.39,0.83],[0,0.02,4.74,0.12]],[[0,0,0,0],[0,0,0.11,0],[0,0,0,0],[0.02,0,0,0],[0,0,0,0.75],[0,0,0,0],[0,0,0,0.01]]],[[[4.98,7.55,2.12,2.92],[8.16,1.95,9.78,10.87],[5.24,4.06,7.35,3.75],[1.26,5.03,8.05,7.81],[0,3.27,25.23,0.48],[13.59,7.9,2.01,0.89],[9.89,4.93,0,0.89]],[[3.08,5.01,2.04,0.88],[0.12,0.05,1,4.92],[2.04,0.42,1.46,1.93],[0.39,0,0.05,0],[0.51,0,0.45,2.83],[1.56,0.37,0.26,7.57],[12.37,1.81,12.37,0.03]],[[0.02,0.02,0,0],[0,0.09,0.16,0],[0.95,0,1.29,2.51],[1.24,1.73,0.31,0],[2.5,0,0,0],[0.35,0.53,1.22,1.22],[0,0,0.05,0]],[[0,4.58,0.28,0],[0,0.22,0,0.07],[0.01,6.8,0,0.08],[0,0,0,0.74],[0.93,0.01,0,0.01],[0,0.01,5.07,0.43],[0,0,0,0.09]],[[1.17,0.61,0,3.96],[0.03,0.03,0.35,0.04],[5.18,3.52,1.79,0.16],[0,1.11,0.01,0.01],[0.01,0,0,2.54],[0,9.11,0,5.85],[0.03,5.85,0,0]],[[5.08,2.48,0,3.9],[0.41,0,0.21,0.24],[0.03,0,1.08,10.57],[0.01,1.75,1.33,4.48],[6.24,0.51,1.76,1.56],[0,1.63,0,4.57],[17.32,0.04,0.69,0]],[[0.06,0.5,0.35,0.28],[0,0.01,0,0],[0.58,0.87,0.07,0],[4.48,0,0,0],[4.1,0,4.56,0.99],[0.26,1.5,0,0],[0.15,10.63,0.29,0.15]],[[0,0,0,0.2],[0.03,0,0.34,0.9],[0.02,0,0.01,0.04],[0,0,0,0.12],[0,0.01,0,0],[0,0.18,0.05,6.21],[0,2.92,0,0]],[[7.68,10.29,0.03,0.59],[2.78,0.29,0,4.8],[0.33,1.1,0,0.31],[1.81,0.64,0.64,0.01],[0,0,3.48,0],[0,2.31,0,1.03],[0.89,0,0.04,0.04]],[[0,0,0,0],[0,0,0,0],[0,0,0,0.02],[0,0,0,0.35],[0.3,0.02,0,0],[0,0,0.19,0],[0,0,0,0]]],[[[7.35,22.78,6.43,0.09],[1.6,4.81,7.32,2.02],[4.98,2.34,0.81,19.3],[15.37,0.76,6.77,8.83],[5.36,2.88,0.69,1.87],[0.62,6.88,0.03,1.13],[1,23.77,1.06,14.36]],[[0.04,0.13,0.01,0],[1.98,0,0,3.96],[0.13,9.96,0,0.22],[6.13,0.27,0.03,0.09],[0.88,0.38,0,0.01],[0,0.01,0,0],[0.04,0.02,0.01,0.01]],[[0,0.11,0,0],[0,0,0.01,0],[0.54,0,3.82,2.09],[0,0.26,0.19,0],[0.18,0,0,0],[0,3.12,9.07,0],[0,0,0,0]],[[0.21,0.67,0.23,0],[3.85,1.61,0.3,0],[9.3,0,0,0.88],[9.8,0.27,9.8,0.01],[0,0,4.08,0.84],[6.3,0,0,0],[0,0.08,0.56,0.01]],[[0.01,0,0.31,5.18],[0.14,0.07,0.05,0.18],[0.34,0,0.66,0.34],[0,0.03,0,0.05],[0,2.84,0.03,0.04],[4.91,0,0,0.93],[0.17,0,0,0]],[[13.42,4.43,2.35,4.43],[0.62,0.34,0.58,0.01],[0.17,0,0.56,0.7],[0.22,0.24,5.17,0.3],[4.87,0.59,0.23,0.03],[0.06,0.59,1.87,0.16],[1.74,0,0,0]],[[0,0.09,0.05,0.08],[1.36,1.76,0,2.65],[0,0,0.32,0],[2.23,0.1,0.32,1.15],[1.07,6.63,1.25,0.04],[7.15,2,0.01,0],[0.09,0.03,0.01,0]],[[0.12,0.01,0.01,0.05],[0.09,1.43,0.21,0],[0,0,0.24,2.62],[0,0,0.31,0.07],[0,0.41,0.03,1.01],[0.01,1.86,0,0],[0,3.45,0,0]],[[4.54,2.76,1.98,13.12],[2.03,1.06,0.05,0.01],[1.88,0,1.52,0.11],[2.03,0.86,0.24,0.81],[0.02,4.66,0.01,0.45],[7.93,2.15,1.49,0.56],[0.14,2.15,0.06,0]],[[0,0,0,0],[0,0,0,0],[0,0,0,0],[0,0,0,0],[0,0,0,0],[0,0,0,0],[0,0,0,0]]]];

