Omegamax = 10;
Produkte = 2;
v = [2,2];
KS = 117;

KH	=	9;								
							
											
kS = [[1000,	57.2372,	67.818,	71.0382,	113.7826,	113.8788,	58.1284,	11.8263,	18.415,	123.4198],
[57.2372,	1000,	46.2746,	90.4893,	109.4487,	63.9478,	85.5736,	67.1704,	61.1488,	79.4736],
[67.818,	46.2746,	1000,	55.0772,	63.2108,	56.2776,	57.2214,	71.1569,	58.0168,	58.8204],
[71.0382,	90.4893,	55.0772,	1000,	51.2275,	109.1766,	14.9386,	64.9797,	52.6937,	105.6924],
[113.7826,	109.4487,	63.2108,	51.2275,	1000,	95.8549,	65.6871,	110.9154,	97.0091,	82.8634],
[113.8788,	63.9478,	56.2776,	109.1766,	95.8549,	1000,	113.2514,	120.7053,	109.6557,	21.205],
[58.1284,	85.5736,	57.2214,	14.9386,	65.6871,	113.2514,	1000,	51.0286,	39.7368,	112.4334],
[11.8263,	67.1704,	71.1569,	64.9797,	110.9154,	120.7053,	51.0286,	1000,	14.2461,	128.6299],
[18.415,	61.1488,	58.0168,	52.6937,	97.0091,	109.6557,	39.7368,	14.2461,	1000,	116.2309],
[123.4198,	79.4736,	58.8204,	105.6924,	82.8634,	21.205,	112.4334,	128.6299,	116.2309,	1000]];
									
kem = [336,	54.9478,	65.1053,	68.1967,	109.2313,	109.3237,	55.8032,	11.3532,	17.6784,	118.4831];
											
											
								

kI = [0.0033,0.0193];
qS = [1,1];

d = [[[[6.6,3.09],[4.93,11.78],[14.87,4.62],[3.83,2.04],[1.73,0.53],[4.32,7.63],[6.21,8.19]],[[3.73,0.62],[0.28,0.07],[0.99,0],[0.05,0.32],[0,9.18],[0.03,0.12],[0.44,6.7]],[[0,0],[0.02,0],[0,0.04],[0,0],[5.36,0],[0,0],[0,0.99]],[[0,0],[0.42,0],[0.02,0.1],[0.14,0],[0.05,5.85],[2.56,0],[0.01,0]],[[0,0.18],[0.09,0.06],[0.08,0],[0.6,0],[0,0],[0.32,0.1],[0,0]],[[0.22,7.93],[0.26,1.87],[0.38,0.22],[0.67,0.67],[0,0.02],[0.34,0.11],[0,0.92]],[[0,0.01],[0,0],[0.32,1.83],[0,3.36],[0,3.37],[0.01,0],[1.03,0]],[[0.53,0],[3.32,1.9],[0,1.14],[2.32,0.1],[10.28,0.81],[0,0],[0.54,0]],[[1.88,2.33],[1.84,2.03],[1.05,0.1],[0,0],[0.1,0],[0,2],[0,0.66]],[[0,0],[0,0],[0,0],[0,0],[0,0],[0,0],[0,0]]],[[[1.75,3.75],[11.78,0.85],[6.6,6.11],[6.07,2.69],[3.58,8.94],[0.39,12.91],[4.04,11.22]],[[0.4,4],[0,1.78],[1.63,0],[0.22,0.11],[0.07,0],[0,2.68],[0.04,1.24]],[[0.02,7.3],[1.15,0],[0,0],[0,2.51],[0.5,0],[0.02,0],[0.53,0.01]],[[0,0.03],[2.15,1.61],[0.01,0.73],[0,0.05],[0.04,0],[0.03,0.22],[0,0]],[[0.03,0.02],[0,3.48],[0.52,0.15],[0,6.33],[0,0.01],[2.75,0],[0,0]],[[7.12,2.76],[0.62,0],[2.48,1.14],[1.95,1.4],[15.03,0.67],[0.69,0.92],[0.15,0.37]],[[0.28,0],[6.92,1.05],[0.03,0.01],[0,0.01],[0,0],[0.04,0],[0.02,0]],[[0.01,0.07],[0,0.37],[0,0],[0,0],[0.16,0],[0,0],[0,0.93]],[[3.28,0.01],[0.28,0.28],[0.03,0.17],[0.3,2.42],[0.64,0.19],[0.03,2],[0,1.29]],[[0,0],[0,0],[0,0],[0,0],[0,0],[0,0],[0,0]]],[[[0.87,0.16],[10.48,1.88],[13.99,7.99],[3.62,3.94],[7.85,0.32],[0.23,1.84],[10.3,2.65]],[[5.45,0],[0.01,0],[0.03,3.08],[0.1,2.69],[1.01,0],[0.78,4.89],[0,0.84]],[[0,1.29],[0.05,0.02],[0.41,0],[0,0],[0.22,0],[0.19,0],[0.08,0.1]],[[0.01,3.01],[0,0],[1.42,0],[0,1.11],[0.22,0.12],[0.01,0],[2.2,6.3]],[[0.02,0.56],[2.84,0],[5.18,0.02],[0.11,10.6],[1.03,0],[0,0.37],[0,0]],[[1.14,5.08],[0.21,0.94],[0.23,1.48],[0.59,0.24],[0.39,2.84],[8.22,0.24],[2.67,9.36]],[[0.62,0.54],[0.87,0.63],[4.4,6.19],[0.01,0.32],[0,0.72],[2.21,1.5],[0.03,0.26]],[[0,0.02],[3.32,0.01],[0.2,0],[0.04,9.71],[0.9,0.37],[0.27,0.05],[0,0]],[[4.54,1.6],[0.14,1.93],[0.75,0.67],[0.04,2.56],[0,0.11],[0.12,1.39],[0,4.74]],[[0,0],[0,0.11],[0,0],[0.02,0],[0,0],[0,0],[0,0]]],[[[4.98,2.12],[8.16,9.78],[5.24,7.35],[1.26,8.05],[0,25.23],[13.59,2.01],[9.89,0]],[[3.08,2.04],[0.12,1],[2.04,1.46],[0.39,0.05],[0.51,0.45],[1.56,0.26],[12.37,12.37]],[[0.02,0],[0,0.16],[0.95,1.29],[1.24,0.31],[2.5,0],[0.35,1.22],[0,0.05]],[[0,0.28],[0,0],[0.01,0],[0,0],[0.93,0],[0,5.07],[0,0]],[[1.17,0],[0.03,0.35],[5.18,1.79],[0,0.01],[0.01,0],[0,0],[0.03,0]],[[5.08,0],[0.41,0.21],[0.03,1.08],[0.01,1.33],[6.24,1.76],[0,0],[17.32,0.69]],[[0.06,0.35],[0,0],[0.58,0.07],[4.48,0],[4.1,4.56],[0.26,0],[0.15,0.29]],[[0,0],[0.03,0.34],[0.02,0.01],[0,0],[0,0],[0,0.05],[0,0]],[[7.68,0.03],[2.78,0],[0.33,0],[1.81,0.64],[0,3.48],[0,0],[0.89,0.04]],[[0,0],[0,0],[0,0],[0,0],[0.3,0],[0,0.19],[0,0]]],[[[7.35,6.43],[1.6,7.32],[4.98,0.81],[15.37,6.77],[5.36,0.69],[0.62,0.03],[1,1.06]],[[0.04,0.01],[1.98,0],[0.13,0],[6.13,0.03],[0.88,0],[0,0],[0.04,0.01]],[[0,0],[0,0.01],[0.54,3.82],[0,0.19],[0.18,0],[0,9.07],[0,0]],[[0.21,0.23],[3.85,0.3],[9.3,0],[9.8,9.8],[0,4.08],[6.3,0],[0,0.56]],[[0.01,0.31],[0.14,0.05],[0.34,0.66],[0,0],[0,0.03],[4.91,0],[0.17,0]],[[13.42,2.35],[0.62,0.58],[0.17,0.56],[0.22,5.17],[4.87,0.23],[0.06,1.87],[1.74,0]],[[0,0.05],[1.36,0],[0,0.32],[2.23,0.32],[1.07,1.25],[7.15,0.01],[0.09,0.01]],[[0.12,0.01],[0.09,0.21],[0,0.24],[0,0.31],[0,0.03],[0.01,0],[0,0]],[[4.54,1.98],[2.03,0.05],[1.88,1.52],[2.03,0.24],[0.02,0.01],[7.93,1.49],[0.14,0.06]],[[0,0],[0,0],[0,0],[0,0],[0,0],[0,0],[0,0]]],[[[0.3,2.5],[1.46,7.13],[3.37,2.27],[2.69,1.47],[14.95,0.99],[0.13,4.77],[0.08,1.46]],[[5.97,4.63],[0.14,1],[0.74,1.54],[0,6.13],[1.9,5.71],[0.09,0.13],[0.03,0.78]],[[0,0],[1.15,0],[0,0],[0,0],[0.03,0.05],[9.07,0.03],[0,0]],[[0.06,0.01],[0.01,0.01],[0.01,0.06],[0.22,0.02],[5.85,0],[0.74,0.01],[0,0]],[[0.01,0.05],[0,0.02],[0,0],[4.03,0],[0.01,0],[0,0],[0,0]],[[0.02,0.25],[1.54,0.58],[0.36,0],[0.01,3.25],[0.05,2.84],[5.44,0],[0.4,0]],[[0.01,0.03],[3.94,0],[0.01,0],[2.23,0.08],[0,0],[0.15,1.37],[0,2.21]],[[0,0.85],[0.02,0.05],[0.2,0.48],[0.18,3.4],[0,0.04],[1.86,0],[0,0]],[[0.14,2.46],[0.07,0.03],[0.56,0.33],[0.81,0.46],[0.21,0.01],[0.14,0.12],[0.05,0.29]],[[0,0],[0,0],[0,0.05],[0,0],[0,0],[0,0],[0,0]]],[[[0.49,5.51],[0.71,4.7],[2.04,4.06],[12.37,0.29],[2.7,1.05],[0.31,12.29],[7.9,0.83]],[[0.99,0.21],[8.12,0],[0,3.73],[0,0.07],[1.48,0.03],[0,10.16],[0,0.01]],[[0,0.41],[0.16,0.01],[0,0.02],[0,0.02],[0,0.11],[0,0],[0,0]],[[0.42,0.61],[0,0],[0.14,0],[0,0],[0.48,0],[0.02,0],[0,0]],[[0.52,0],[0.16,1.32],[0.22,0],[0.22,0.03],[0,0],[0.01,0],[0.41,0]],[[7.93,0],[1.97,0.36],[0.78,0.97],[0.3,2.06],[0.06,11.65],[0.02,1.07],[17.32,0.37]],[[1.49,0],[0.09,6.92],[1.83,0],[0,0],[0.02,2.18],[0.48,0.78],[0,4.69]],[[0.01,0.07],[2.11,0.01],[0.4,0],[0.05,2.62],[0,0],[0,0],[0,0]],[[0.16,0.29],[0.49,0.69],[1.16,4.54],[2.03,0.68],[0,0],[0.37,0.83],[0.08,0.1]],[[0,0],[0,0],[0,0.39],[0,0],[0,0.02],[0,0],[0,0]]],[[[2.34,7.55],[4.37,2.63],[5.8,12.62],[7.37,2.52],[7.61,0.58],[3.53,12.91],[0.43,6.43]],[[5.97,8.43],[6.41,1.78],[1.24,1.05],[7.65,0.59],[0,3.76],[2.47,0.12],[0.66,0]],[[0,0],[0.1,1.32],[0,0],[0,0],[0.13,0],[0,0],[0,0.53]],[[0,0.55],[0,0],[0,0.02],[0.02,0.01],[0.67,0],[0.96,0],[0.33,0.02]],[[0,0.04],[0.01,0],[0.26,0.01],[0,0],[0.48,2.54],[0.52,0],[0,0.46]],[[9,0.97],[6.91,1.33],[2.01,4.15],[0.56,3.67],[0.02,3.22],[2.31,17.32],[0.34,0]],[[0.32,0.02],[0.02,2.65],[1.22,4.87],[5.61,0],[0.2,0],[0,0.85],[0.02,1.13]],[[0.94,0.36],[0.41,2.11],[1.69,0.24],[0.13,0.88],[2.98,0],[0.31,0],[0,6.21]],[[0.99,1.52],[2.14,0.34],[5.27,0.33],[1.92,0.33],[0.39,0.77],[0.24,0.83],[0.02,0.12]],[[0,0],[0,0],[0,0],[0,0],[0,0.75],[0,0],[0,0.01]]],[[[7.55,2.92],[1.95,10.87],[4.06,3.75],[5.03,7.81],[3.27,0.48],[7.9,0.89],[4.93,0.89]],[[5.01,0.88],[0.05,4.92],[0.42,1.93],[0,0],[0,2.83],[0.37,7.57],[1.81,0.03]],[[0.02,0],[0.09,0],[0,2.51],[1.73,0],[0,0],[0.53,1.22],[0,0]],[[4.58,0],[0.22,0.07],[6.8,0.08],[0,0.74],[0.01,0.01],[0.01,0.43],[0,0.09]],[[0.61,3.96],[0.03,0.04],[3.52,0.16],[1.11,0.01],[0,2.54],[9.11,5.85],[5.85,0]],[[2.48,3.9],[0,0.24],[0,10.57],[1.75,4.48],[0.51,1.56],[1.63,4.57],[0.04,0]],[[0.5,0.28],[0.01,0],[0.87,0],[0,0],[0,0.99],[1.5,0],[10.63,0.15]],[[0,0.2],[0,0.9],[0,0.04],[0,0.12],[0.01,0],[0.18,6.21],[2.92,0]],[[10.29,0.59],[0.29,4.8],[1.1,0.31],[0.64,0.01],[0,0],[2.31,1.03],[0,0.04]],[[0,0],[0,0],[0,0.02],[0,0.35],[0.02,0],[0,0],[0,0]]],[[[22.78,0.09],[4.81,2.02],[2.34,19.3],[0.76,8.83],[2.88,1.87],[6.88,1.13],[23.77,14.36]],[[0.13,0],[0,3.96],[9.96,0.22],[0.27,0.09],[0.38,0.01],[0.01,0],[0.02,0.01]],[[0.11,0],[0,0],[0,2.09],[0.26,0],[0,0],[3.12,0],[0,0]],[[0.67,0],[1.61,0],[0,0.88],[0.27,0.01],[0,0.84],[0,0],[0.08,0.01]],[[0,5.18],[0.07,0.18],[0,0.34],[0.03,0.05],[2.84,0.04],[0,0.93],[0,0]],[[4.43,4.43],[0.34,0.01],[0,0.7],[0.24,0.3],[0.59,0.03],[0.59,0.16],[0,0]],[[0.09,0.08],[1.76,2.65],[0,0],[0.1,1.15],[6.63,0.04],[2,0],[0.03,0]],[[0.01,0.05],[1.43,0],[0,2.62],[0,0.07],[0.41,1.01],[1.86,0],[3.45,0]],[[2.76,13.12],[1.06,0.01],[0,0.11],[0.86,0.81],[4.66,0.45],[2.15,0.56],[2.15,0]],[[0,0],[0,0],[0,0],[0,0],[0,0],[0,0],[0,0]]]];

