Omegamax = 5;
Produkte = 3;
v = [2,2,1];
KS = 126;

KH	=	9;								
							
											
kS	=	[[1000,	38.3697,	57.8946,	30.1217,	18.8233,	28.0246,	94.1813,	31.1978,	82.6637,	6.6888],
[38.3697,	1000,	42.0865,	66.0012,	40.6863,	52.9436,	57.2311,	32.8856,	120.1414,	34.9844],		
[57.8946,	42.0865,	1000,	87.3048,	44.2297,	83.5652,	80.965,	71.1879,	121.4214,	51.2905],		
[30.1217,	66.0012,	87.3048,	1000,	44.2753,	21.9064,	117.9197,	44.6716,	65.5233,	36.336],		
[18.8233,	40.6863,	44.2297,	44.2753,	1000,	46.7413,	97.7309,	46.9758,	82.1338,	13.2944],		
[28.0246,	52.9436,	83.5652,	21.9064,	46.7413,	1000,	99.4712,	24.9261,	87.4116,	34.3822],		
[94.1813,	57.2311,	80.965,	117.9197,	97.7309,	99.4712,	1000,	74.549,	176.7898,	91.8054],		
[31.1978,	32.8856,	71.1879,	44.6716,	46.9758,	24.9261,	74.549,	1000,	108.3524,	34.1155],		
[82.6637,	120.1414,	121.4214,	65.5233,	82.1338,	87.4116,	176.7898,	108.3524,	1000,	85.1678],		
[6.6888,	34.9844,	51.2905,	36.336,	13.2944,	34.3822,	91.8054,	34.1155,	85.1678,	1000]];		
											
kem	=	[336,	36.8349,	55.5788,	28.9168,	18.0703,	26.9037,	90.414,	29.9499,	79.3572,	6.4213];
											
											
								

kI = [0.0033,0.0193,0.0514];
qS = [1,1,1];

d = [[[[6.6,0.3,3.09],[4.93,1.46,11.78],[14.87,3.37,4.62],[3.83,2.69,2.04],[1.73,14.95,0.53],[4.32,0.13,7.63],[6.21,0.08,8.19]],[[3.73,5.97,0.62],[0.28,0.14,0.07],[0.99,0.74,0],[0.05,0,0.32],[0,1.9,9.18],[0.03,0.09,0.12],[0.44,0.03,6.7]],[[0,0,0],[0.02,1.15,0],[0,0,0.04],[0,0,0],[5.36,0.03,0],[0,9.07,0],[0,0,0.99]],[[0,0.06,0],[0.42,0.01,0],[0.02,0.01,0.1],[0.14,0.22,0],[0.05,5.85,5.85],[2.56,0.74,0],[0.01,0,0]],[[0,0.01,0.18],[0.09,0,0.06],[0.08,0,0],[0.6,4.03,0],[0,0.01,0],[0.32,0,0.1],[0,0,0]],[[0.22,0.02,7.93],[0.26,1.54,1.87],[0.38,0.36,0.22],[0.67,0.01,0.67],[0,0.05,0.02],[0.34,5.44,0.11],[0,0.4,0.92]],[[0,0.01,0.01],[0,3.94,0],[0.32,0.01,1.83],[0,2.23,3.36],[0,0,3.37],[0.01,0.15,0],[1.03,0,0]],[[0.53,0,0],[3.32,0.02,1.9],[0,0.2,1.14],[2.32,0.18,0.1],[10.28,0,0.81],[0,1.86,0],[0.54,0,0]],[[1.88,0.14,2.33],[1.84,0.07,2.03],[1.05,0.56,0.1],[0,0.81,0],[0.1,0.21,0],[0,0.14,2],[0,0.05,0.66]],[[0,0,0],[0,0,0],[0,0,0],[0,0,0],[0,0,0],[0,0,0],[0,0,0]]],[[[1.75,0.49,3.75],[11.78,0.71,0.85],[6.6,2.04,6.11],[6.07,12.37,2.69],[3.58,2.7,8.94],[0.39,0.31,12.91],[4.04,7.9,11.22]],[[0.4,0.99,4],[0,8.12,1.78],[1.63,0,0],[0.22,0,0.11],[0.07,1.48,0],[0,0,2.68],[0.04,0,1.24]],[[0.02,0,7.3],[1.15,0.16,0],[0,0,0],[0,0,2.51],[0.5,0,0],[0.02,0,0],[0.53,0,0.01]],[[0,0.42,0.03],[2.15,0,1.61],[0.01,0.14,0.73],[0,0,0.05],[0.04,0.48,0],[0.03,0.02,0.22],[0,0,0]],[[0.03,0.52,0.02],[0,0.16,3.48],[0.52,0.22,0.15],[0,0.22,6.33],[0,0,0.01],[2.75,0.01,0],[0,0.41,0]],[[7.12,7.93,2.76],[0.62,1.97,0],[2.48,0.78,1.14],[1.95,0.3,1.4],[15.03,0.06,0.67],[0.69,0.02,0.92],[0.15,17.32,0.37]],[[0.28,1.49,0],[6.92,0.09,1.05],[0.03,1.83,0.01],[0,0,0.01],[0,0.02,0],[0.04,0.48,0],[0.02,0,0]],[[0.01,0.01,0.07],[0,2.11,0.37],[0,0.4,0],[0,0.05,0],[0.16,0,0],[0,0,0],[0,0,0.93]],[[3.28,0.16,0.01],[0.28,0.49,0.28],[0.03,1.16,0.17],[0.3,2.03,2.42],[0.64,0,0.19],[0.03,0.37,2],[0,0.08,1.29]],[[0,0,0],[0,0,0],[0,0,0],[0,0,0],[0,0,0],[0,0,0],[0,0,0]]],[[[0.87,2.34,0.16],[10.48,4.37,1.88],[13.99,5.8,7.99],[3.62,7.37,3.94],[7.85,7.61,0.32],[0.23,3.53,1.84],[10.3,0.43,2.65]],[[5.45,5.97,0],[0.01,6.41,0],[0.03,1.24,3.08],[0.1,7.65,2.69],[1.01,0,0],[0.78,2.47,4.89],[0,0.66,0.84]],[[0,0,1.29],[0.05,0.1,0.02],[0.41,0,0],[0,0,0],[0.22,0.13,0],[0.19,0,0],[0.08,0,0.1]],[[0.01,0,3.01],[0,0,0],[1.42,0,0],[0,0.02,1.11],[0.22,0.67,0.12],[0.01,0.96,0],[2.2,0.33,6.3]],[[0.02,0,0.56],[2.84,0.01,0],[5.18,0.26,0.02],[0.11,0,10.6],[1.03,0.48,0],[0,0.52,0.37],[0,0,0]],[[1.14,9,5.08],[0.21,6.91,0.94],[0.23,2.01,1.48],[0.59,0.56,0.24],[0.39,0.02,2.84],[8.22,2.31,0.24],[2.67,0.34,9.36]],[[0.62,0.32,0.54],[0.87,0.02,0.63],[4.4,1.22,6.19],[0.01,5.61,0.32],[0,0.2,0.72],[2.21,0,1.5],[0.03,0.02,0.26]],[[0,0.94,0.02],[3.32,0.41,0.01],[0.2,1.69,0],[0.04,0.13,9.71],[0.9,2.98,0.37],[0.27,0.31,0.05],[0,0,0]],[[4.54,0.99,1.6],[0.14,2.14,1.93],[0.75,5.27,0.67],[0.04,1.92,2.56],[0,0.39,0.11],[0.12,0.24,1.39],[0,0.02,4.74]],[[0,0,0],[0,0,0.11],[0,0,0],[0.02,0,0],[0,0,0],[0,0,0],[0,0,0]]],[[[4.98,7.55,2.12],[8.16,1.95,9.78],[5.24,4.06,7.35],[1.26,5.03,8.05],[0,3.27,25.23],[13.59,7.9,2.01],[9.89,4.93,0]],[[3.08,5.01,2.04],[0.12,0.05,1],[2.04,0.42,1.46],[0.39,0,0.05],[0.51,0,0.45],[1.56,0.37,0.26],[12.37,1.81,12.37]],[[0.02,0.02,0],[0,0.09,0.16],[0.95,0,1.29],[1.24,1.73,0.31],[2.5,0,0],[0.35,0.53,1.22],[0,0,0.05]],[[0,4.58,0.28],[0,0.22,0],[0.01,6.8,0],[0,0,0],[0.93,0.01,0],[0,0.01,5.07],[0,0,0]],[[1.17,0.61,0],[0.03,0.03,0.35],[5.18,3.52,1.79],[0,1.11,0.01],[0.01,0,0],[0,9.11,0],[0.03,5.85,0]],[[5.08,2.48,0],[0.41,0,0.21],[0.03,0,1.08],[0.01,1.75,1.33],[6.24,0.51,1.76],[0,1.63,0],[17.32,0.04,0.69]],[[0.06,0.5,0.35],[0,0.01,0],[0.58,0.87,0.07],[4.48,0,0],[4.1,0,4.56],[0.26,1.5,0],[0.15,10.63,0.29]],[[0,0,0],[0.03,0,0.34],[0.02,0,0.01],[0,0,0],[0,0.01,0],[0,0.18,0.05],[0,2.92,0]],[[7.68,10.29,0.03],[2.78,0.29,0],[0.33,1.1,0],[1.81,0.64,0.64],[0,0,3.48],[0,2.31,0],[0.89,0,0.04]],[[0,0,0],[0,0,0],[0,0,0],[0,0,0],[0.3,0.02,0],[0,0,0.19],[0,0,0]]],[[[7.35,22.78,6.43],[1.6,4.81,7.32],[4.98,2.34,0.81],[15.37,0.76,6.77],[5.36,2.88,0.69],[0.62,6.88,0.03],[1,23.77,1.06]],[[0.04,0.13,0.01],[1.98,0,0],[0.13,9.96,0],[6.13,0.27,0.03],[0.88,0.38,0],[0,0.01,0],[0.04,0.02,0.01]],[[0,0.11,0],[0,0,0.01],[0.54,0,3.82],[0,0.26,0.19],[0.18,0,0],[0,3.12,9.07],[0,0,0]],[[0.21,0.67,0.23],[3.85,1.61,0.3],[9.3,0,0],[9.8,0.27,9.8],[0,0,4.08],[6.3,0,0],[0,0.08,0.56]],[[0.01,0,0.31],[0.14,0.07,0.05],[0.34,0,0.66],[0,0.03,0],[0,2.84,0.03],[4.91,0,0],[0.17,0,0]],[[13.42,4.43,2.35],[0.62,0.34,0.58],[0.17,0,0.56],[0.22,0.24,5.17],[4.87,0.59,0.23],[0.06,0.59,1.87],[1.74,0,0]],[[0,0.09,0.05],[1.36,1.76,0],[0,0,0.32],[2.23,0.1,0.32],[1.07,6.63,1.25],[7.15,2,0.01],[0.09,0.03,0.01]],[[0.12,0.01,0.01],[0.09,1.43,0.21],[0,0,0.24],[0,0,0.31],[0,0.41,0.03],[0.01,1.86,0],[0,3.45,0]],[[4.54,2.76,1.98],[2.03,1.06,0.05],[1.88,0,1.52],[2.03,0.86,0.24],[0.02,4.66,0.01],[7.93,2.15,1.49],[0.14,2.15,0.06]],[[0,0,0],[0,0,0],[0,0,0],[0,0,0],[0,0,0],[0,0,0],[0,0,0]]]];

