Omegamax = 7;
Produkte = 1;
v = [2];
KS = 90;

KH	=	9;								
							
											
kS = [[1000,	57.2372,	67.818,	71.0382,	113.7826,	113.8788,	58.1284,	11.8263,	18.415,	123.4198],
[57.2372,	1000,	46.2746,	90.4893,	109.4487,	63.9478,	85.5736,	67.1704,	61.1488,	79.4736],
[67.818,	46.2746,	1000,	55.0772,	63.2108,	56.2776,	57.2214,	71.1569,	58.0168,	58.8204],
[71.0382,	90.4893,	55.0772,	1000,	51.2275,	109.1766,	14.9386,	64.9797,	52.6937,	105.6924],
[113.7826,	109.4487,	63.2108,	51.2275,	1000,	95.8549,	65.6871,	110.9154,	97.0091,	82.8634],
[113.8788,	63.9478,	56.2776,	109.1766,	95.8549,	1000,	113.2514,	120.7053,	109.6557,	21.205],
[58.1284,	85.5736,	57.2214,	14.9386,	65.6871,	113.2514,	1000,	51.0286,	39.7368,	112.4334],
[11.8263,	67.1704,	71.1569,	64.9797,	110.9154,	120.7053,	51.0286,	1000,	14.2461,	128.6299],
[18.415,	61.1488,	58.0168,	52.6937,	97.0091,	109.6557,	39.7368,	14.2461,	1000,	116.2309],
[123.4198,	79.4736,	58.8204,	105.6924,	82.8634,	21.205,	112.4334,	128.6299,	116.2309,	1000]];
									
kem = [336,	54.9478,	65.1053,	68.1967,	109.2313,	109.3237,	55.8032,	11.3532,	17.6784,	118.4831];
											
											
								

kI = [0.0033];
qS = [1];

d = [[[[6.6],[4.93],[14.87],[3.83],[1.73],[4.32],[6.21]],[[3.73],[0.28],[0.99],[0.05],[0],[0.03],[0.44]],[[0],[0.02],[0],[0],[5.36],[0],[0]],[[0],[0.42],[0.02],[0.14],[0.05],[2.56],[0.01]],[[0],[0.09],[0.08],[0.6],[0],[0.32],[0]],[[0.22],[0.26],[0.38],[0.67],[0],[0.34],[0]],[[0],[0],[0.32],[0],[0],[0.01],[1.03]],[[0.53],[3.32],[0],[2.32],[10.28],[0],[0.54]],[[1.88],[1.84],[1.05],[0],[0.1],[0],[0]],[[0],[0],[0],[0],[0],[0],[0]]],[[[1.75],[11.78],[6.6],[6.07],[3.58],[0.39],[4.04]],[[0.4],[0],[1.63],[0.22],[0.07],[0],[0.04]],[[0.02],[1.15],[0],[0],[0.5],[0.02],[0.53]],[[0],[2.15],[0.01],[0],[0.04],[0.03],[0]],[[0.03],[0],[0.52],[0],[0],[2.75],[0]],[[7.12],[0.62],[2.48],[1.95],[15.03],[0.69],[0.15]],[[0.28],[6.92],[0.03],[0],[0],[0.04],[0.02]],[[0.01],[0],[0],[0],[0.16],[0],[0]],[[3.28],[0.28],[0.03],[0.3],[0.64],[0.03],[0]],[[0],[0],[0],[0],[0],[0],[0]]],[[[0.87],[10.48],[13.99],[3.62],[7.85],[0.23],[10.3]],[[5.45],[0.01],[0.03],[0.1],[1.01],[0.78],[0]],[[0],[0.05],[0.41],[0],[0.22],[0.19],[0.08]],[[0.01],[0],[1.42],[0],[0.22],[0.01],[2.2]],[[0.02],[2.84],[5.18],[0.11],[1.03],[0],[0]],[[1.14],[0.21],[0.23],[0.59],[0.39],[8.22],[2.67]],[[0.62],[0.87],[4.4],[0.01],[0],[2.21],[0.03]],[[0],[3.32],[0.2],[0.04],[0.9],[0.27],[0]],[[4.54],[0.14],[0.75],[0.04],[0],[0.12],[0]],[[0],[0],[0],[0.02],[0],[0],[0]]],[[[4.98],[8.16],[5.24],[1.26],[0],[13.59],[9.89]],[[3.08],[0.12],[2.04],[0.39],[0.51],[1.56],[12.37]],[[0.02],[0],[0.95],[1.24],[2.5],[0.35],[0]],[[0],[0],[0.01],[0],[0.93],[0],[0]],[[1.17],[0.03],[5.18],[0],[0.01],[0],[0.03]],[[5.08],[0.41],[0.03],[0.01],[6.24],[0],[17.32]],[[0.06],[0],[0.58],[4.48],[4.1],[0.26],[0.15]],[[0],[0.03],[0.02],[0],[0],[0],[0]],[[7.68],[2.78],[0.33],[1.81],[0],[0],[0.89]],[[0],[0],[0],[0],[0.3],[0],[0]]],[[[7.35],[1.6],[4.98],[15.37],[5.36],[0.62],[1]],[[0.04],[1.98],[0.13],[6.13],[0.88],[0],[0.04]],[[0],[0],[0.54],[0],[0.18],[0],[0]],[[0.21],[3.85],[9.3],[9.8],[0],[6.3],[0]],[[0.01],[0.14],[0.34],[0],[0],[4.91],[0.17]],[[13.42],[0.62],[0.17],[0.22],[4.87],[0.06],[1.74]],[[0],[1.36],[0],[2.23],[1.07],[7.15],[0.09]],[[0.12],[0.09],[0],[0],[0],[0.01],[0]],[[4.54],[2.03],[1.88],[2.03],[0.02],[7.93],[0.14]],[[0],[0],[0],[0],[0],[0],[0]]],[[[0.3],[1.46],[3.37],[2.69],[14.95],[0.13],[0.08]],[[5.97],[0.14],[0.74],[0],[1.9],[0.09],[0.03]],[[0],[1.15],[0],[0],[0.03],[9.07],[0]],[[0.06],[0.01],[0.01],[0.22],[5.85],[0.74],[0]],[[0.01],[0],[0],[4.03],[0.01],[0],[0]],[[0.02],[1.54],[0.36],[0.01],[0.05],[5.44],[0.4]],[[0.01],[3.94],[0.01],[2.23],[0],[0.15],[0]],[[0],[0.02],[0.2],[0.18],[0],[1.86],[0]],[[0.14],[0.07],[0.56],[0.81],[0.21],[0.14],[0.05]],[[0],[0],[0],[0],[0],[0],[0]]],[[[0.49],[0.71],[2.04],[12.37],[2.7],[0.31],[7.9]],[[0.99],[8.12],[0],[0],[1.48],[0],[0]],[[0],[0.16],[0],[0],[0],[0],[0]],[[0.42],[0],[0.14],[0],[0.48],[0.02],[0]],[[0.52],[0.16],[0.22],[0.22],[0],[0.01],[0.41]],[[7.93],[1.97],[0.78],[0.3],[0.06],[0.02],[17.32]],[[1.49],[0.09],[1.83],[0],[0.02],[0.48],[0]],[[0.01],[2.11],[0.4],[0.05],[0],[0],[0]],[[0.16],[0.49],[1.16],[2.03],[0],[0.37],[0.08]],[[0],[0],[0],[0],[0],[0],[0]]]];

