Omegamax = 4;
Produkte = 4;
v = [2,2,1,1];
KS = 132.8;

KH	=	9;								
							
											
kS	=	[[1000,	38.3697,	57.8946,	30.1217,	18.8233,	28.0246,	94.1813,	31.1978,	82.6637,	6.6888],
[38.3697,	1000,	42.0865,	66.0012,	40.6863,	52.9436,	57.2311,	32.8856,	120.1414,	34.9844],		
[57.8946,	42.0865,	1000,	87.3048,	44.2297,	83.5652,	80.965,	71.1879,	121.4214,	51.2905],		
[30.1217,	66.0012,	87.3048,	1000,	44.2753,	21.9064,	117.9197,	44.6716,	65.5233,	36.336],		
[18.8233,	40.6863,	44.2297,	44.2753,	1000,	46.7413,	97.7309,	46.9758,	82.1338,	13.2944],		
[28.0246,	52.9436,	83.5652,	21.9064,	46.7413,	1000,	99.4712,	24.9261,	87.4116,	34.3822],		
[94.1813,	57.2311,	80.965,	117.9197,	97.7309,	99.4712,	1000,	74.549,	176.7898,	91.8054],		
[31.1978,	32.8856,	71.1879,	44.6716,	46.9758,	24.9261,	74.549,	1000,	108.3524,	34.1155],		
[82.6637,	120.1414,	121.4214,	65.5233,	82.1338,	87.4116,	176.7898,	108.3524,	1000,	85.1678],		
[6.6888,	34.9844,	51.2905,	36.336,	13.2944,	34.3822,	91.8054,	34.1155,	85.1678,	1000]];		
											
kem	=	[336,	36.8349,	55.5788,	28.9168,	18.0703,	26.9037,	90.414,	29.9499,	79.3572,	6.4213];
											
											
								

kI = [0.0033,0.0193,0.0514,0.1153];
qS = [1,1,1,1];

d = [[[[6.6,7.35,7.55,0.16],[4.93,1.6,1.95,1.88],[14.87,4.98,4.06,7.99],[3.83,15.37,5.03,3.94],[1.73,5.36,3.27,0.32],[4.32,0.62,7.9,1.84],[6.21,1,4.93,2.65]],[[3.73,0.04,5.01,0],[0.28,1.98,0.05,0],[0.99,0.13,0.42,3.08],[0.05,6.13,0,2.69],[0,0.88,0,0],[0.03,0,0.37,4.89],[0.44,0.04,1.81,0.84]],[[0,0,0.02,1.29],[0.02,0,0.09,0.02],[0,0.54,0,0],[0,0,1.73,0],[5.36,0.18,0,0],[0,0,0.53,0],[0,0,0,0.1]],[[0,0.21,4.58,3.01],[0.42,3.85,0.22,0],[0.02,9.3,6.8,0],[0.14,9.8,0,1.11],[0.05,0,0.01,0.12],[2.56,6.3,0.01,0],[0.01,0,0,6.3]],[[0,0.01,0.61,0.56],[0.09,0.14,0.03,0],[0.08,0.34,3.52,0.02],[0.6,0,1.11,10.6],[0,0,0,0],[0.32,4.91,9.11,0.37],[0,0.17,5.85,0]],[[0.22,13.42,2.48,5.08],[0.26,0.62,0,0.94],[0.38,0.17,0,1.48],[0.67,0.22,1.75,0.24],[0,4.87,0.51,2.84],[0.34,0.06,1.63,0.24],[0,1.74,0.04,9.36]],[[0,0,0.5,0.54],[0,1.36,0.01,0.63],[0.32,0,0.87,6.19],[0,2.23,0,0.32],[0,1.07,0,0.72],[0.01,7.15,1.5,1.5],[1.03,0.09,10.63,0.26]],[[0.53,0.12,0,0.02],[3.32,0.09,0,0.01],[0,0,0,0],[2.32,0,0,9.71],[10.28,0,0.01,0.37],[0,0.01,0.18,0.05],[0.54,0,2.92,0]],[[1.88,4.54,10.29,1.6],[1.84,2.03,0.29,1.93],[1.05,1.88,1.1,0.67],[0,2.03,0.64,2.56],[0.1,0.02,0,0.11],[0,7.93,2.31,1.39],[0,0.14,0,4.74]],[[0,0,0,0],[0,0,0,0.11],[0,0,0,0],[0,0,0,0],[0,0,0.02,0],[0,0,0,0],[0,0,0,0]]],[[[1.75,0.3,22.78,2.12],[11.78,1.46,4.81,9.78],[6.6,3.37,2.34,7.35],[6.07,2.69,0.76,8.05],[3.58,14.95,2.88,25.23],[0.39,0.13,6.88,2.01],[4.04,0.08,23.77,0]],[[0.4,5.97,0.13,2.04],[0,0.14,0,1],[1.63,0.74,9.96,1.46],[0.22,0,0.27,0.05],[0.07,1.9,0.38,0.45],[0,0.09,0.01,0.26],[0.04,0.03,0.02,12.37]],[[0.02,0,0.11,0],[1.15,1.15,0,0.16],[0,0,0,1.29],[0,0,0.26,0.31],[0.5,0.03,0,0],[0.02,9.07,3.12,1.22],[0.53,0,0,0.05]],[[0,0.06,0.67,0.28],[2.15,0.01,1.61,0],[0.01,0.01,0,0],[0,0.22,0.27,0],[0.04,5.85,0,0],[0.03,0.74,0,5.07],[0,0,0.08,0]],[[0.03,0.01,0,0],[0,0,0.07,0.35],[0.52,0,0,1.79],[0,4.03,0.03,0.01],[0,0.01,2.84,0],[2.75,0,0,0],[0,0,0,0]],[[7.12,0.02,4.43,0],[0.62,1.54,0.34,0.21],[2.48,0.36,0,1.08],[1.95,0.01,0.24,1.33],[15.03,0.05,0.59,1.76],[0.69,5.44,0.59,0],[0.15,0.4,0,0.69]],[[0.28,0.01,0.09,0.35],[6.92,3.94,1.76,0],[0.03,0.01,0,0.07],[0,2.23,0.1,0],[0,0,6.63,4.56],[0.04,0.15,2,0],[0.02,0,0.03,0.29]],[[0.01,0,0.01,0],[0,0.02,1.43,0.34],[0,0.2,0,0.01],[0,0.18,0,0],[0.16,0,0.41,0],[0,1.86,1.86,0.05],[0,0,3.45,0]],[[3.28,0.14,2.76,0.03],[0.28,0.07,1.06,0],[0.03,0.56,0,0],[0.3,0.81,0.86,0.64],[0.64,0.21,4.66,3.48],[0.03,0.14,2.15,0],[0,0.05,2.15,0.04]],[[0,0,0,0],[0,0,0,0],[0,0,0,0],[0,0,0,0],[0,0,0,0],[0,0,0,0.19],[0,0,0,0]]],[[[0.87,0.49,3.09,6.43],[10.48,0.71,11.78,7.32],[13.99,2.04,4.62,0.81],[3.62,12.37,2.04,6.77],[7.85,2.7,0.53,0.69],[0.23,0.31,7.63,0.03],[10.3,7.9,8.19,1.06]],[[5.45,0.99,0.62,0.01],[0.01,8.12,0.07,0],[0.03,0,0,0],[0.1,0,0.32,0.03],[1.01,1.48,9.18,0],[0.78,0,0.12,0],[0,0,6.7,0.01]],[[0,0,0,0],[0.05,0.16,0,0.01],[0.41,0,0.04,3.82],[0,0,0,0.19],[0.22,0,0,0],[0.19,0,0,9.07],[0.08,0,0.99,0]],[[0.01,0.42,0,0.23],[0,0,0,0.3],[1.42,0.14,0.1,0],[0,0,0,9.8],[0.22,0.48,5.85,4.08],[0.01,0.02,0,0],[2.2,0,0,0.56]],[[0.02,0.52,0.18,0.31],[2.84,0.16,0.06,0.05],[5.18,0.22,0,0.66],[0.11,0.22,0,0],[1.03,0,0,0.03],[0,0.01,0.1,0],[0,0.41,0,0]],[[1.14,7.93,7.93,2.35],[0.21,1.97,1.87,0.58],[0.23,0.78,0.22,0.56],[0.59,0.3,0.67,5.17],[0.39,0.06,0.02,0.23],[8.22,0.02,0.11,1.87],[2.67,17.32,0.92,0]],[[0.62,1.49,0.01,0.05],[0.87,0.09,0,0],[4.4,1.83,1.83,0.32],[0.01,0,3.36,0.32],[0,0.02,3.37,1.25],[2.21,0.48,0,0.01],[0.03,0,0,0.01]],[[0,0.01,0,0.01],[3.32,2.11,1.9,0.21],[0.2,0.4,1.14,0.24],[0.04,0.05,0.1,0.31],[0.9,0,0.81,0.03],[0.27,0,0,0],[0,0,0,0]],[[4.54,0.16,2.33,1.98],[0.14,0.49,2.03,0.05],[0.75,1.16,0.1,1.52],[0.04,2.03,0,0.24],[0,0,0,0.01],[0.12,0.37,2,1.49],[0,0.08,0.66,0.06]],[[0,0,0,0],[0,0,0,0],[0,0,0,0],[0.02,0,0,0],[0,0,0,0],[0,0,0,0],[0,0,0,0]]],[[[4.98,2.34,3.75,2.5],[8.16,4.37,0.85,7.13],[5.24,5.8,6.11,2.27],[1.26,7.37,2.69,1.47],[0,7.61,8.94,0.99],[13.59,3.53,12.91,4.77],[9.89,0.43,11.22,1.46]],[[3.08,5.97,4,4.63],[0.12,6.41,1.78,1],[2.04,1.24,0,1.54],[0.39,7.65,0.11,6.13],[0.51,0,0,5.71],[1.56,2.47,2.68,0.13],[12.37,0.66,1.24,0.78]],[[0.02,0,7.3,0],[0,0.1,0,0],[0.95,0,0,0],[1.24,0,2.51,0],[2.5,0.13,0,0.05],[0.35,0,0,0.03],[0,0,0.01,0]],[[0,0,0.03,0.01],[0,0,1.61,0.01],[0.01,0,0.73,0.06],[0,0.02,0.05,0.02],[0.93,0.67,0,0],[0,0.96,0.22,0.01],[0,0.33,0,0]],[[1.17,0,0.02,0.05],[0.03,0.01,3.48,0.02],[5.18,0.26,0.15,0],[0,0,6.33,0],[0.01,0.48,0.01,0],[0,0.52,0,0],[0.03,0,0,0]],[[5.08,9,2.76,0.25],[0.41,6.91,0,0.58],[0.03,2.01,1.14,0],[0.01,0.56,1.4,3.25],[6.24,0.02,0.67,2.84],[0,2.31,0.92,0],[17.32,0.34,0.37,0]],[[0.06,0.32,0,0.03],[0,0.02,1.05,0],[0.58,1.22,0.01,0],[4.48,5.61,0.01,0.08],[4.1,0.2,0,0],[0.26,0,0,1.37],[0.15,0.02,0,2.21]],[[0,0.94,0.07,0.85],[0.03,0.41,0.37,0.05],[0.02,1.69,0,0.48],[0,0.13,0,3.4],[0,2.98,0,0.04],[0,0.31,0,0],[0,0,0.93,0]],[[7.68,0.99,0.01,2.46],[2.78,2.14,0.28,0.03],[0.33,5.27,0.17,0.33],[1.81,1.92,2.42,0.46],[0,0.39,0.19,0.01],[0,0.24,2,0.12],[0.89,0.02,1.29,0.29]],[[0,0,0,0],[0,0,0,0],[0,0,0,0.05],[0,0,0,0],[0.3,0,0,0],[0,0,0,0],[0,0,0,0]]]];

