Omegamax = 8;
Produkte = 3;
v = [2,2,1];
KS = 126;

KH	=	9;								
							
											
kS = [[1000,	61.0982,	135.3811,	125.4204,	136.6548,	117.0763,	56.9162,	31.051,	62.8976,	111.512],
[61.0982,	1000,	93.9225,	90.9353,	148.5481,	121.9531,	18.7415,	88.1098,	108.0461,	125.9754],
[135.3811,	93.9225,	1000,	17.3325,	119.2363,	93.723,	83.6537,	147.5133,	143.5935,	110.1599],
[125.4204,	90.9353,	17.3325,	1000,	102.3983,	76.5169,	77.8317,	134.7515,	128.243,	92.8303],
[136.6548,	148.5481,	119.2363,	102.3983,	1000,	28.1437,	129.8136,	121.5764,	90.0895,	25.1435],
[117.0763,	121.9531,	93.723,	76.5169,	28.1437,	1000,	103.2318,	107.2947,	81.5113,	18.9332],
[56.9162,	18.7415,	83.6537,	77.8317,	129.8136,	103.2318,	1000,	79.282,	94.1049,	107.3586],
[31.051,	88.1098,	147.5133,	134.7515,	121.5764,	107.2947,	79.282,	1000,	36.2807,	97.1766],
[62.8976,	108.0461,	143.5935,	128.243,	90.0895,	81.5113,	94.1049,	36.2807,	1000,	67.5128],
[111.512,	125.9754,	110.1599,	92.8303,	25.1435,	18.9332,	107.3586,	97.1766,	67.5128,	1000]];
									
kem = [336,	58.6543,	129.9659,	120.4035,	131.1886,	112.3933,	54.6396,	29.8089,	60.3817,	107.0515];
											
											
								

kI = [0.0033,0.0193,0.0514];
qS = [1,1,1];

d = [[[[6.6,7.55,5.51],[4.93,1.95,4.7],[14.87,4.06,4.06],[3.83,5.03,0.29],[1.73,3.27,1.05],[4.32,7.9,12.29],[6.21,4.93,0.83]],[[3.73,5.01,0.21],[0.28,0.05,0],[0.99,0.42,3.73],[0.05,0,0.07],[0,0,0.03],[0.03,0.37,10.16],[0.44,1.81,0.01]],[[0,0.02,0.41],[0.02,0.09,0.01],[0,0,0.02],[0,1.73,0.02],[5.36,0,0.11],[0,0.53,0],[0,0,0]],[[0,4.58,0.61],[0.42,0.22,0],[0.02,6.8,0],[0.14,0,0],[0.05,0.01,0],[2.56,0.01,0],[0.01,0,0]],[[0,0.61,0],[0.09,0.03,1.32],[0.08,3.52,0],[0.6,1.11,0.03],[0,0,0],[0.32,9.11,0],[0,5.85,0]],[[0.22,2.48,0],[0.26,0,0.36],[0.38,0,0.97],[0.67,1.75,2.06],[0,0.51,11.65],[0.34,1.63,1.07],[0,0.04,0.37]],[[0,0.5,0],[0,0.01,6.92],[0.32,0.87,0],[0,0,0],[0,0,2.18],[0.01,1.5,0.78],[1.03,10.63,4.69]],[[0.53,0,0.07],[3.32,0,0.01],[0,0,0],[2.32,0,2.62],[10.28,0.01,0],[0,0.18,0],[0.54,2.92,0]],[[1.88,10.29,0.29],[1.84,0.29,0.69],[1.05,1.1,4.54],[0,0.64,0.68],[0.1,0,0],[0,2.31,0.83],[0,0,0.1]],[[0,0,0],[0,0,0],[0,0,0.39],[0,0,0],[0,0.02,0.02],[0,0,0],[0,0,0]]],[[[1.75,22.78,7.55],[11.78,4.81,2.63],[6.6,2.34,12.62],[6.07,0.76,2.52],[3.58,2.88,0.58],[0.39,6.88,12.91],[4.04,23.77,6.43]],[[0.4,0.13,8.43],[0,0,1.78],[1.63,9.96,1.05],[0.22,0.27,0.59],[0.07,0.38,3.76],[0,0.01,0.12],[0.04,0.02,0]],[[0.02,0.11,0],[1.15,0,1.32],[0,0,0],[0,0.26,0],[0.5,0,0],[0.02,3.12,0],[0.53,0,0.53]],[[0,0.67,0.55],[2.15,1.61,0],[0.01,0,0.02],[0,0.27,0.01],[0.04,0,0],[0.03,0,0],[0,0.08,0.02]],[[0.03,0,0.04],[0,0.07,0],[0.52,0,0.01],[0,0.03,0],[0,2.84,2.54],[2.75,0,0],[0,0,0.46]],[[7.12,4.43,0.97],[0.62,0.34,1.33],[2.48,0,4.15],[1.95,0.24,3.67],[15.03,0.59,3.22],[0.69,0.59,17.32],[0.15,0,0]],[[0.28,0.09,0.02],[6.92,1.76,2.65],[0.03,0,4.87],[0,0.1,0],[0,6.63,0],[0.04,2,0.85],[0.02,0.03,1.13]],[[0.01,0.01,0.36],[0,1.43,2.11],[0,0,0.24],[0,0,0.88],[0.16,0.41,0],[0,1.86,0],[0,3.45,6.21]],[[3.28,2.76,1.52],[0.28,1.06,0.34],[0.03,0,0.33],[0.3,0.86,0.33],[0.64,4.66,0.77],[0.03,2.15,0.83],[0,2.15,0.12]],[[0,0,0],[0,0,0],[0,0,0],[0,0,0],[0,0,0.75],[0,0,0],[0,0,0.01]]],[[[0.87,3.09,2.92],[10.48,11.78,10.87],[13.99,4.62,3.75],[3.62,2.04,7.81],[7.85,0.53,0.48],[0.23,7.63,0.89],[10.3,8.19,0.89]],[[5.45,0.62,0.88],[0.01,0.07,4.92],[0.03,0,1.93],[0.1,0.32,0],[1.01,9.18,2.83],[0.78,0.12,7.57],[0,6.7,0.03]],[[0,0,0],[0.05,0,0],[0.41,0.04,2.51],[0,0,0],[0.22,0,0],[0.19,0,1.22],[0.08,0.99,0]],[[0.01,0,0],[0,0,0.07],[1.42,0.1,0.08],[0,0,0.74],[0.22,5.85,0.01],[0.01,0,0.43],[2.2,0,0.09]],[[0.02,0.18,3.96],[2.84,0.06,0.04],[5.18,0,0.16],[0.11,0,0.01],[1.03,0,2.54],[0,0.1,5.85],[0,0,0]],[[1.14,7.93,3.9],[0.21,1.87,0.24],[0.23,0.22,10.57],[0.59,0.67,4.48],[0.39,0.02,1.56],[8.22,0.11,4.57],[2.67,0.92,0]],[[0.62,0.01,0.28],[0.87,0,0],[4.4,1.83,0],[0.01,3.36,0],[0,3.37,0.99],[2.21,0,0],[0.03,0,0.15]],[[0,0,0.2],[3.32,1.9,0.9],[0.2,1.14,0.04],[0.04,0.1,0.12],[0.9,0.81,0],[0.27,0,6.21],[0,0,0]],[[4.54,2.33,0.59],[0.14,2.03,4.8],[0.75,0.1,0.31],[0.04,0,0.01],[0,0,0],[0.12,2,1.03],[0,0.66,0.04]],[[0,0,0],[0,0,0],[0,0,0.02],[0.02,0,0.35],[0,0,0],[0,0,0],[0,0,0]]],[[[4.98,3.75,0.09],[8.16,0.85,2.02],[5.24,6.11,19.3],[1.26,2.69,8.83],[0,8.94,1.87],[13.59,12.91,1.13],[9.89,11.22,14.36]],[[3.08,4,0],[0.12,1.78,3.96],[2.04,0,0.22],[0.39,0.11,0.09],[0.51,0,0.01],[1.56,2.68,0],[12.37,1.24,0.01]],[[0.02,7.3,0],[0,0,0],[0.95,0,2.09],[1.24,2.51,0],[2.5,0,0],[0.35,0,0],[0,0.01,0]],[[0,0.03,0],[0,1.61,0],[0.01,0.73,0.88],[0,0.05,0.01],[0.93,0,0.84],[0,0.22,0],[0,0,0.01]],[[1.17,0.02,5.18],[0.03,3.48,0.18],[5.18,0.15,0.34],[0,6.33,0.05],[0.01,0.01,0.04],[0,0,0.93],[0.03,0,0]],[[5.08,2.76,4.43],[0.41,0,0.01],[0.03,1.14,0.7],[0.01,1.4,0.3],[6.24,0.67,0.03],[0,0.92,0.16],[17.32,0.37,0]],[[0.06,0,0.08],[0,1.05,2.65],[0.58,0.01,0],[4.48,0.01,1.15],[4.1,0,0.04],[0.26,0,0],[0.15,0,0]],[[0,0.07,0.05],[0.03,0.37,0],[0.02,0,2.62],[0,0,0.07],[0,0,1.01],[0,0,0],[0,0.93,0]],[[7.68,0.01,13.12],[2.78,0.28,0.01],[0.33,0.17,0.11],[1.81,2.42,0.81],[0,0.19,0.45],[0,2,0.56],[0.89,1.29,0]],[[0,0,0],[0,0,0],[0,0,0],[0,0,0],[0.3,0,0],[0,0,0],[0,0,0]]],[[[7.35,0.16,0.62],[1.6,1.88,2.48],[4.98,7.99,7.77],[15.37,3.94,6.96],[5.36,0.32,3.27],[0.62,1.84,0.43],[1,2.65,3.53]],[[0.04,0,1.93],[1.98,0,0.01],[0.13,3.08,8.43],[6.13,2.69,0],[0.88,0,0],[0,4.89,0.28],[0.04,0.84,0.16]],[[0,1.29,0.54],[0,0.02,0],[0.54,0,0],[0,0,0],[0.18,0,0.01],[0,0,0],[0,0.1,1.91]],[[0.21,3.01,0.21],[3.85,0,0],[9.3,0,0.09],[9.8,1.11,0],[0,0.12,0.03],[6.3,0,0],[0,6.3,3.52]],[[0.01,0.56,0],[0.14,0,0.06],[0.34,0.02,0.66],[0,10.6,3.18],[0,0,4.71],[4.91,0.37,0],[0.17,0,0.2]],[[13.42,5.08,0.2],[0.62,0.94,3.87],[0.17,1.48,2.12],[0.22,0.24,0.02],[4.87,2.84,5.27],[0.06,0.24,8.22],[1.74,9.36,0.92]],[[0,0.54,1.39],[1.36,0.63,0],[0,6.19,0.06],[2.23,0.32,0.69],[1.07,0.72,0.41],[7.15,1.5,0.01],[0.09,0.26,0.01]],[[0.12,0.02,0.06],[0.09,0.01,0.01],[0,0,0.02],[0,9.71,0.1],[0,0.37,0.9],[0.01,0.05,0.02],[0,0,0]],[[4.54,1.6,0.01],[2.03,1.93,1.29],[1.88,0.67,3.49],[2.03,2.56,0.02],[0.02,0.11,0.31],[7.93,1.39,0.18],[0.14,4.74,0.17]],[[0,0,0],[0,0.11,0],[0,0,0],[0,0,0],[0,0,0],[0,0,0],[0,0,0]]],[[[0.3,2.12,2.04],[1.46,9.78,5.7],[3.37,7.35,9.61],[2.69,8.05,0.46],[14.95,25.23,6.95],[0.13,2.01,1.39],[0.08,0,10.3]],[[5.97,2.04,7.38],[0.14,1,0],[0.74,1.46,0.02],[0,0.05,0],[1.9,0.45,2.83],[0.09,0.26,0.72],[0.03,12.37,0.1]],[[0,0,0],[1.15,0.16,0],[0,1.29,0],[0,0.31,0],[0.03,0,0.05],[9.07,1.22,0],[0,0.05,1.91]],[[0.06,0.28,0.31],[0.01,0,1.22],[0.01,0,0],[0.22,0,4],[5.85,0,0],[0.74,5.07,1.1],[0,0,0.56]],[[0.01,0,0],[0,0.35,0.03],[0,1.79,0],[4.03,0.01,1.02],[0.01,0,0],[0,0,0],[0,0,0]],[[0.02,0,5.48],[1.54,0.21,0],[0.36,1.08,2.48],[0.01,1.33,0],[0.05,1.76,0.45],[5.44,0,3.09],[0.4,0.69,0.04]],[[0.01,0.35,0.14],[3.94,0,0.19],[0.01,0.07,0.04],[2.23,0,1.24],[0,4.56,0.01],[0.15,0,0],[0,0.29,1.65]],[[0,0,0.04],[0.02,0.34,0.44],[0.2,0.01,0.16],[0.18,0,0],[0,0,0],[1.86,0.05,0],[0,0,0.15]],[[0.14,0.03,0.2],[0.07,0,0],[0.56,0,0.46],[0.81,0.64,0],[0.21,3.48,0],[0.14,0,0],[0.05,0.04,0]],[[0,0,0],[0,0,0],[0,0,0],[0,0,0],[0,0,0],[0,0.19,0],[0,0,0]]],[[[0.49,6.43,2.75],[0.71,7.32,2.1],[2.04,0.81,3.65],[12.37,6.77,0.06],[2.7,0.69,5.07],[0.31,0.03,9.89],[7.9,1.06,13.59]],[[0.99,0.01,0.83],[8.12,0,0.25],[0,0,1.72],[0,0.03,0.11],[1.48,0,9.18],[0,0,1.34],[0,0.01,0]],[[0,0,0],[0.16,0.01,0.03],[0,3.82,0.54],[0,0.19,0],[0,0,0.01],[0,9.07,0],[0,0,0]],[[0.42,0.23,0.03],[0,0.3,0],[0.14,0,2.38],[0,9.8,0],[0.48,4.08,0.06],[0.02,0,0.01],[0,0.56,0]],[[0.52,0.31,2.34],[0.16,0.05,0],[0.22,0.66,0],[0.22,0,0.15],[0,0.03,0.04],[0.01,0,0],[0.41,0,1.48]],[[7.93,2.35,2.23],[1.97,0.58,0.03],[0.78,0.56,3.46],[0.3,5.17,0.52],[0.06,0.23,0.01],[0.02,1.87,0.69],[17.32,0,1.87]],[[1.49,0.05,0.32],[0.09,0,0.03],[1.83,0.32,3.08],[0,0.32,3.09],[0.02,1.25,0.78],[0.48,0.01,1.37],[0,0.01,14.55]],[[0.01,0.01,0],[2.11,0.21,8.79],[0.4,0.24,0],[0.05,0.31,0.01],[0,0.03,2.98],[0,0,0.2],[0,0,1.61]],[[0.16,1.98,10.29],[0.49,0.05,0.62],[1.16,1.52,0.46],[2.03,0.24,2.03],[0,0.01,4.01],[0.37,1.49,0.34],[0.08,0.06,0]],[[0,0,0.09],[0,0,0],[0,0,0],[0,0,0],[0,0,0],[0,0,0],[0,0,0]]],[[[2.34,2.5,8.47],[4.37,7.13,7.72],[5.8,2.27,2.27],[7.37,1.47,10.9],[7.61,0.99,2.52],[3.53,4.77,12.29],[0.43,1.46,7.9]],[[5.97,4.63,1.54],[6.41,1,0.48],[1.24,1.54,0.02],[7.65,6.13,0.05],[0,5.71,0.72],[2.47,0.13,0.01],[0.66,0.78,2.68]],[[0,0,0],[0.1,0,0.07],[0,0,0],[0,0,0],[0.13,0.05,0.18],[0,0.03,0],[0,0,0]],[[0,0.01,0.01],[0,0.01,0],[0,0.06,0.19],[0.02,0.02,0.03],[0.67,0,0],[0.96,0.01,0],[0.33,0,6.3]],[[0,0.05,0],[0.01,0.02,0.97],[0.26,0,4.5],[0,0,0.09],[0.48,0,0.03],[0.52,0,1.32],[0,0,0.08]],[[9,0.25,0.01],[6.91,0.58,2.65],[2.01,0,4.15],[0.56,3.25,0.35],[0.02,2.84,0.03],[2.31,0,0.11],[0.34,0,10.89]],[[0.32,0.03,0.04],[0.02,0,0.72],[1.22,0,0.58],[5.61,0.08,0.01],[0.2,0,0],[0,1.37,0],[0.02,2.21,0.71]],[[0.94,0.85,0],[0.41,0.05,0.34],[1.69,0.48,0.44],[0.13,3.4,0],[2.98,0.04,0.01],[0.31,0,0],[0,0,1.4]],[[0.99,2.46,2.92],[2.14,0.03,0.69],[5.27,0.33,0.25],[1.92,0.46,0.4],[0.39,0.01,6],[0.24,0.12,0],[0.02,0.29,0.71]],[[0,0,0],[0,0,0],[0,0.05,0],[0,0,0],[0,0,0],[0,0,0],[0,0,0]]]];

