Omegamax = 7;
Produkte = 4;
v = [2,2,1,1];
KS = 132.8;

KH	=	9;								
							
											
kS = [[1000,	57.2372,	67.818,	71.0382,	113.7826,	113.8788,	58.1284,	11.8263,	18.415,	123.4198],
[57.2372,	1000,	46.2746,	90.4893,	109.4487,	63.9478,	85.5736,	67.1704,	61.1488,	79.4736],
[67.818,	46.2746,	1000,	55.0772,	63.2108,	56.2776,	57.2214,	71.1569,	58.0168,	58.8204],
[71.0382,	90.4893,	55.0772,	1000,	51.2275,	109.1766,	14.9386,	64.9797,	52.6937,	105.6924],
[113.7826,	109.4487,	63.2108,	51.2275,	1000,	95.8549,	65.6871,	110.9154,	97.0091,	82.8634],
[113.8788,	63.9478,	56.2776,	109.1766,	95.8549,	1000,	113.2514,	120.7053,	109.6557,	21.205],
[58.1284,	85.5736,	57.2214,	14.9386,	65.6871,	113.2514,	1000,	51.0286,	39.7368,	112.4334],
[11.8263,	67.1704,	71.1569,	64.9797,	110.9154,	120.7053,	51.0286,	1000,	14.2461,	128.6299],
[18.415,	61.1488,	58.0168,	52.6937,	97.0091,	109.6557,	39.7368,	14.2461,	1000,	116.2309],
[123.4198,	79.4736,	58.8204,	105.6924,	82.8634,	21.205,	112.4334,	128.6299,	116.2309,	1000]];
									
kem = [336,	54.9478,	65.1053,	68.1967,	109.2313,	109.3237,	55.8032,	11.3532,	17.6784,	118.4831];
											
											
								

kI = [0.0033,0.0193,0.0514,0.1153];
qS = [1,1,1,1];

d = [[[[6.6,2.34,6.43,2.04],[4.93,4.37,7.32,5.7],[14.87,5.8,0.81,9.61],[3.83,7.37,6.77,0.46],[1.73,7.61,0.69,6.95],[4.32,3.53,0.03,1.39],[6.21,0.43,1.06,10.3]],[[3.73,5.97,0.01,7.38],[0.28,6.41,0,0],[0.99,1.24,0,0.02],[0.05,7.65,0.03,0],[0,0,0,2.83],[0.03,2.47,0,0.72],[0.44,0.66,0.01,0.1]],[[0,0,0,0],[0.02,0.1,0.01,0],[0,0,3.82,0],[0,0,0.19,0],[5.36,0.13,0,0.05],[0,0,9.07,0],[0,0,0,1.91]],[[0,0,0.23,0.31],[0.42,0,0.3,1.22],[0.02,0,0,0],[0.14,0.02,9.8,4],[0.05,0.67,4.08,0],[2.56,0.96,0,1.1],[0.01,0.33,0.56,0.56]],[[0,0,0.31,0],[0.09,0.01,0.05,0.03],[0.08,0.26,0.66,0],[0.6,0,0,1.02],[0,0.48,0.03,0],[0.32,0.52,0,0],[0,0,0,0]],[[0.22,9,2.35,5.48],[0.26,6.91,0.58,0],[0.38,2.01,0.56,2.48],[0.67,0.56,5.17,0],[0,0.02,0.23,0.45],[0.34,2.31,1.87,3.09],[0,0.34,0,0.04]],[[0,0.32,0.05,0.14],[0,0.02,0,0.19],[0.32,1.22,0.32,0.04],[0,5.61,0.32,1.24],[0,0.2,1.25,0.01],[0.01,0,0.01,0],[1.03,0.02,0.01,1.65]],[[0.53,0.94,0.01,0.04],[3.32,0.41,0.21,0.44],[0,1.69,0.24,0.16],[2.32,0.13,0.31,0],[10.28,2.98,0.03,0],[0,0.31,0,0],[0.54,0,0,0.15]],[[1.88,0.99,1.98,0.2],[1.84,2.14,0.05,0],[1.05,5.27,1.52,0.46],[0,1.92,0.24,0],[0.1,0.39,0.01,0],[0,0.24,1.49,0],[0,0.02,0.06,0]],[[0,0,0,0],[0,0,0,0],[0,0,0,0],[0,0,0,0],[0,0,0,0],[0,0,0,0],[0,0,0,0]]],[[[1.75,7.55,2.5,2.75],[11.78,1.95,7.13,2.1],[6.6,4.06,2.27,3.65],[6.07,5.03,1.47,0.06],[3.58,3.27,0.99,5.07],[0.39,7.9,4.77,9.89],[4.04,4.93,1.46,13.59]],[[0.4,5.01,4.63,0.83],[0,0.05,1,0.25],[1.63,0.42,1.54,1.72],[0.22,0,6.13,0.11],[0.07,0,5.71,9.18],[0,0.37,0.13,1.34],[0.04,1.81,0.78,0]],[[0.02,0.02,0,0],[1.15,0.09,0,0.03],[0,0,0,0.54],[0,1.73,0,0],[0.5,0,0.05,0.01],[0.02,0.53,0.03,0],[0.53,0,0,0]],[[0,4.58,0.01,0.03],[2.15,0.22,0.01,0],[0.01,6.8,0.06,2.38],[0,0,0.02,0],[0.04,0.01,0,0.06],[0.03,0.01,0.01,0.01],[0,0,0,0]],[[0.03,0.61,0.05,2.34],[0,0.03,0.02,0],[0.52,3.52,0,0],[0,1.11,0,0.15],[0,0,0,0.04],[2.75,9.11,0,0],[0,5.85,0,1.48]],[[7.12,2.48,0.25,2.23],[0.62,0,0.58,0.03],[2.48,0,0,3.46],[1.95,1.75,3.25,0.52],[15.03,0.51,2.84,0.01],[0.69,1.63,0,0.69],[0.15,0.04,0,1.87]],[[0.28,0.5,0.03,0.32],[6.92,0.01,0,0.03],[0.03,0.87,0,3.08],[0,0,0.08,3.09],[0,0,0,0.78],[0.04,1.5,1.37,1.37],[0.02,10.63,2.21,14.55]],[[0.01,0,0.85,0],[0,0,0.05,8.79],[0,0,0.48,0],[0,0,3.4,0.01],[0.16,0.01,0.04,2.98],[0,0.18,0,0.2],[0,2.92,0,1.61]],[[3.28,10.29,2.46,10.29],[0.28,0.29,0.03,0.62],[0.03,1.1,0.33,0.46],[0.3,0.64,0.46,2.03],[0.64,0,0.01,4.01],[0.03,2.31,0.12,0.34],[0,0,0.29,0]],[[0,0,0,0.09],[0,0,0,0],[0,0,0.05,0],[0,0,0,0],[0,0.02,0,0],[0,0,0,0],[0,0,0,0]]],[[[0.87,22.78,5.51,8.47],[10.48,4.81,4.7,7.72],[13.99,2.34,4.06,2.27],[3.62,0.76,0.29,10.9],[7.85,2.88,1.05,2.52],[0.23,6.88,12.29,12.29],[10.3,23.77,0.83,7.9]],[[5.45,0.13,0.21,1.54],[0.01,0,0,0.48],[0.03,9.96,3.73,0.02],[0.1,0.27,0.07,0.05],[1.01,0.38,0.03,0.72],[0.78,0.01,10.16,0.01],[0,0.02,0.01,2.68]],[[0,0.11,0.41,0],[0.05,0,0.01,0.07],[0.41,0,0.02,0],[0,0.26,0.02,0],[0.22,0,0.11,0.18],[0.19,3.12,0,0],[0.08,0,0,0]],[[0.01,0.67,0.61,0.01],[0,1.61,0,0],[1.42,0,0,0.19],[0,0.27,0,0.03],[0.22,0,0,0],[0.01,0,0,0],[2.2,0.08,0,6.3]],[[0.02,0,0,0],[2.84,0.07,1.32,0.97],[5.18,0,0,4.5],[0.11,0.03,0.03,0.09],[1.03,2.84,0,0.03],[0,0,0,1.32],[0,0,0,0.08]],[[1.14,4.43,0,0.01],[0.21,0.34,0.36,2.65],[0.23,0,0.97,4.15],[0.59,0.24,2.06,0.35],[0.39,0.59,11.65,0.03],[8.22,0.59,1.07,0.11],[2.67,0,0.37,10.89]],[[0.62,0.09,0,0.04],[0.87,1.76,6.92,0.72],[4.4,0,0,0.58],[0.01,0.1,0,0.01],[0,6.63,2.18,0],[2.21,2,0.78,0],[0.03,0.03,4.69,0.71]],[[0,0.01,0.07,0],[3.32,1.43,0.01,0.34],[0.2,0,0,0.44],[0.04,0,2.62,0],[0.9,0.41,0,0.01],[0.27,1.86,0,0],[0,3.45,0,1.4]],[[4.54,2.76,0.29,2.92],[0.14,1.06,0.69,0.69],[0.75,0,4.54,0.25],[0.04,0.86,0.68,0.4],[0,4.66,0,6],[0.12,2.15,0.83,0],[0,2.15,0.1,0.71]],[[0,0,0,0],[0,0,0,0],[0,0,0.39,0],[0.02,0,0,0],[0,0,0.02,0],[0,0,0,0],[0,0,0,0]]],[[[4.98,3.09,7.55,7.99],[8.16,11.78,2.63,3.04],[5.24,4.62,12.62,6.96],[1.26,2.04,2.52,3.23],[0,0.53,0.58,3.58],[13.59,7.63,12.91,7.9],[9.89,8.19,6.43,1.32]],[[3.08,0.62,8.43,5.45],[0.12,0.07,1.78,0],[2.04,0,1.05,0],[0.39,0.32,0.59,0.01],[0.51,9.18,3.76,0.14],[1.56,0.12,0.12,0],[12.37,6.7,0,3.42]],[[0.02,0,0,0],[0,0,1.32,0],[0.95,0.04,0,0],[1.24,0,0,0],[2.5,0,0,0],[0.35,0,0,0.23],[0,0.99,0.53,0]],[[0,0,0.55,4.58],[0,0,0,1.95],[0.01,0.1,0.02,1.57],[0,0,0.01,0],[0.93,5.85,0,0.48],[0,0,0,0.33],[0,0,0.02,0.38]],[[1.17,0.18,0.04,0],[0.03,0.06,0,0.07],[5.18,0,0.01,0.03],[0,0,0,0.78],[0.01,0,2.54,0],[0,0.1,0,0],[0.03,0,0.46,1.88]],[[5.08,7.93,0.97,0.63],[0.41,1.87,1.33,0.44],[0.03,0.22,4.15,0.83],[0.01,0.67,3.67,0],[6.24,0.02,3.22,9.81],[0,0.11,17.32,0.01],[17.32,0.92,0,9.36]],[[0.06,0.01,0.02,0],[0,0,2.65,1.88],[0.58,1.83,4.87,0.22],[4.48,3.36,0,0],[4.1,3.37,0,0.07],[0.26,0,0.85,0],[0.15,0,1.13,0.01]],[[0,0,0.36,4.52],[0.03,1.9,2.11,0],[0.02,1.14,0.24,0.85],[0,0.1,0.88,0],[0,0.81,0,0.03],[0,0,0,0],[0,0,6.21,1.06]],[[7.68,2.33,1.52,1.78],[2.78,2.03,0.34,0.1],[0.33,0.1,0.33,2.46],[1.81,0,0.33,0.02],[0,0,0.77,1.73],[0,2,0.83,0.56],[0.89,0.66,0.12,3.67]],[[0,0,0,0],[0,0,0,0],[0,0,0,0.05],[0,0,0,0],[0.3,0,0.75,0],[0,0,0,0],[0,0,0.01,0]]],[[[7.35,3.75,2.92,1.07],[1.6,0.85,10.87,14.42],[4.98,6.11,3.75,1.4],[15.37,2.69,7.81,0.88],[5.36,8.94,0.48,4.65],[0.62,12.91,0.89,7.11],[1,11.22,0.89,1.76]],[[0.04,4,0.88,0.83],[1.98,1.78,4.92,0.54],[0.13,0,1.93,0.01],[6.13,0.11,0,0],[0.88,0,2.83,1.48],[0,2.68,7.57,1.68],[0.04,1.24,0.03,0.05]],[[0,7.3,0,0],[0,0,0,0],[0.54,0,2.51,0],[0,2.51,0,0],[0.18,0,0,0],[0,0,1.22,0],[0,0.01,0,0.43]],[[0.21,0.03,0,0.06],[3.85,1.61,0.07,0.15],[9.3,0.73,0.08,2.38],[9.8,0.05,0.74,0.55],[0,0,0.01,0.93],[6.3,0.22,0.43,0],[0,0,0.09,0.01]],[[0.01,0.02,3.96,5.18],[0.14,3.48,0.04,2.84],[0.34,0.15,0.16,0.28],[0,6.33,0.01,0.05],[0,0.01,2.54,0],[4.91,0,5.85,0.08],[0.17,0,0,0]],[[13.42,2.76,3.9,2.12],[0.62,0,0.24,3.65],[0.17,1.14,10.57,9],[0.22,1.4,4.48,0.06],[4.87,0.67,1.56,0],[0.06,0.92,4.57,0.02],[1.74,0.37,0,0.74]],[[0,0,0.28,0],[1.36,1.05,0,0],[0,0.01,0,0.71],[2.23,0.01,0,1.15],[1.07,0,0.99,0.02],[7.15,0,0,0],[0.09,0,0.15,0.85]],[[0.12,0.07,0.2,1.03],[0.09,0.37,0.9,0],[0,0,0.04,0.02],[0,0,0.12,0.02],[0,0,0,1.01],[0.01,0,6.21,1.22],[0,0.93,0,0]],[[4.54,0.01,0.59,0.2],[2.03,0.28,4.8,1.58],[1.88,0.17,0.31,1.16],[2.03,2.42,0.01,3.07],[0.02,0.19,0,0],[7.93,2,1.03,0.07],[0.14,1.29,0.04,6.32]],[[0,0,0,0],[0,0,0,0],[0,0,0.02,0],[0,0,0.35,0.35],[0,0,0,0],[0,0,0,0],[0,0,0,0]]],[[[0.3,0.16,0.09,3.65],[1.46,1.88,2.02,1.95],[3.37,7.99,19.3,1.47],[2.69,3.94,8.83,14.44],[14.95,0.32,1.87,0.04],[0.13,1.84,1.13,2.65],[0.08,2.65,14.36,2.55]],[[5.97,0,0,0],[0.14,0,3.96,0.25],[0.74,3.08,0.22,0],[0,2.69,0.09,0],[1.9,0,0.01,0.48],[0.09,4.89,0,0.28],[0.03,0.84,0.01,0.02]],[[0,1.29,0,0],[1.15,0.02,0,0],[0,0,2.09,0.47],[0,0,0,0],[0.03,0,0,0],[9.07,0,0,0],[0,0.1,0,0]],[[0.06,3.01,0,0],[0.01,0,0,0.01],[0.01,0,0.88,0.05],[0.22,1.11,0.01,0.07],[5.85,0.12,0.84,0],[0.74,0,0,0],[0,6.3,0.01,1.1]],[[0.01,0.56,5.18,0],[0,0,0.18,1.68],[0,0.02,0.34,0],[4.03,10.6,0.05,2.1],[0.01,0,0.04,0.58],[0,0.37,0.93,7.14],[0,0,0,0.17]],[[0.02,5.08,4.43,2.12],[1.54,0.94,0.01,0.32],[0.36,1.48,0.7,0.25],[0.01,0.24,0.3,1.12],[0.05,2.84,0.03,0.04],[5.44,0.24,0.16,0],[0.4,9.36,0,0.69]],[[0.01,0.54,0.08,0.09],[3.94,0.63,2.65,0.32],[0.01,6.19,0,0.37],[2.23,0.32,1.15,9.03],[0,0.72,0.04,0],[0.15,1.5,0,0.09],[0,0.26,0,0]],[[0,0.02,0.05,0],[0.02,0.01,0,0],[0.2,0,2.62,0.13],[0.18,9.71,0.07,0.88],[0,0.37,1.01,0],[1.86,0.05,0,2.92],[0,0,0,0]],[[0.14,1.6,13.12,0.46],[0.07,1.93,0.01,1.11],[0.56,0.67,0.11,2.46],[0.81,2.56,0.81,0.01],[0.21,0.11,0.45,0.02],[0.14,1.39,0.56,0.17],[0.05,4.74,0,1.29]],[[0,0,0,0.86],[0,0.11,0,0],[0,0,0,0],[0,0,0,0],[0,0,0,0],[0,0,0,0],[0,0,0,0]]],[[[0.49,2.12,0.62,8.23],[0.71,9.78,2.48,0.91],[2.04,7.35,7.77,1.4],[12.37,8.05,6.96,7.81],[2.7,25.23,3.27,2.35],[0.31,2.01,0.43,20.95],[7.9,0,3.53,15.24]],[[0.99,2.04,1.93,0],[8.12,1,0.01,0],[0,1.46,8.43,9.96],[0,0.05,0,0.71],[1.48,0.45,0,0],[0,0.26,0.28,0.28],[0,12.37,0.16,0]],[[0,0,0.54,0.01],[0.16,0.16,0,0],[0,1.29,0,0],[0,0.31,0,0.09],[0,0,0.01,0.09],[0,1.22,0,0.07],[0,0.05,1.91,0]],[[0.42,0.28,0.21,0.08],[0,0,0,0],[0.14,0,0.09,0.31],[0,0,0,0],[0.48,0,0.03,0],[0.02,5.07,0,0.25],[0,0,3.52,0]],[[0.52,0,0,0.07],[0.16,0.35,0.06,0.03],[0.22,1.79,0.66,0.01],[0.22,0.01,3.18,3.56],[0,0,4.71,0],[0.01,0,0,0],[0.41,0,0.2,0.01]],[[7.93,0,0.2,0.46],[1.97,0.21,3.87,5.37],[0.78,1.08,2.12,13.42],[0.3,1.33,0.02,1.19],[0.06,1.76,5.27,0.15],[0.02,0,8.22,0.22],[17.32,0.69,0.92,0.2]],[[1.49,0.35,1.39,0.02],[0.09,0,0,0.01],[1.83,0.07,0.06,1.07],[0,0,0.69,0.15],[0.02,4.56,0.41,0],[0.48,0,0.01,0.48],[0,0.29,0.01,0]],[[0.01,0,0.06,1.88],[2.11,0.34,0.01,1.43],[0.4,0.01,0.02,0],[0.05,0,0.1,0],[0,0,0.9,0],[0,0.05,0.02,0],[0,0,0,0]],[[0.16,0.03,0.01,0.53],[0.49,0,1.29,1.5],[1.16,0,3.49,0.22],[2.03,0.64,0.02,5.85],[0,3.48,0.31,0.04],[0.37,0,0.18,0],[0.08,0.04,0.17,2.31]],[[0,0,0,0],[0,0,0,0],[0,0,0,0],[0,0,0,0],[0,0,0,0],[0,0.19,0,0],[0,0,0,0]]]];

