Omegamax = 3;
Produkte = 4;
v = [2,2,1,1];
KS = 132.8;

KH	=	9;								
							
											
kS = [[1000,	61.0982,	135.3811,	125.4204,	136.6548,	117.0763,	56.9162,	31.051,	62.8976,	111.512],
[61.0982,	1000,	93.9225,	90.9353,	148.5481,	121.9531,	18.7415,	88.1098,	108.0461,	125.9754],
[135.3811,	93.9225,	1000,	17.3325,	119.2363,	93.723,	83.6537,	147.5133,	143.5935,	110.1599],
[125.4204,	90.9353,	17.3325,	1000,	102.3983,	76.5169,	77.8317,	134.7515,	128.243,	92.8303],
[136.6548,	148.5481,	119.2363,	102.3983,	1000,	28.1437,	129.8136,	121.5764,	90.0895,	25.1435],
[117.0763,	121.9531,	93.723,	76.5169,	28.1437,	1000,	103.2318,	107.2947,	81.5113,	18.9332],
[56.9162,	18.7415,	83.6537,	77.8317,	129.8136,	103.2318,	1000,	79.282,	94.1049,	107.3586],
[31.051,	88.1098,	147.5133,	134.7515,	121.5764,	107.2947,	79.282,	1000,	36.2807,	97.1766],
[62.8976,	108.0461,	143.5935,	128.243,	90.0895,	81.5113,	94.1049,	36.2807,	1000,	67.5128],
[111.512,	125.9754,	110.1599,	92.8303,	25.1435,	18.9332,	107.3586,	97.1766,	67.5128,	1000]];
									
kem = [336,	58.6543,	129.9659,	120.4035,	131.1886,	112.3933,	54.6396,	29.8089,	60.3817,	107.0515];
											
											
								

kI = [0.0033,0.0193,0.0514,0.1153];
qS = [1,1,1,1];

d = [[[[6.6,4.98,0.49,22.78],[4.93,8.16,0.71,4.81],[14.87,5.24,2.04,2.34],[3.83,1.26,12.37,0.76],[1.73,0,2.7,2.88],[4.32,13.59,0.31,6.88],[6.21,9.89,7.9,23.77]],[[3.73,3.08,0.99,0.13],[0.28,0.12,8.12,0],[0.99,2.04,0,9.96],[0.05,0.39,0,0.27],[0,0.51,1.48,0.38],[0.03,1.56,0,0.01],[0.44,12.37,0,0.02]],[[0,0.02,0,0.11],[0.02,0,0.16,0],[0,0.95,0,0],[0,1.24,0,0.26],[5.36,2.5,0,0],[0,0.35,0,3.12],[0,0,0,0]],[[0,0,0.42,0.67],[0.42,0,0,1.61],[0.02,0.01,0.14,0],[0.14,0,0,0.27],[0.05,0.93,0.48,0],[2.56,0,0.02,0],[0.01,0,0,0.08]],[[0,1.17,0.52,0],[0.09,0.03,0.16,0.07],[0.08,5.18,0.22,0],[0.6,0,0.22,0.03],[0,0.01,0,2.84],[0.32,0,0.01,0],[0,0.03,0.41,0]],[[0.22,5.08,7.93,4.43],[0.26,0.41,1.97,0.34],[0.38,0.03,0.78,0],[0.67,0.01,0.3,0.24],[0,6.24,0.06,0.59],[0.34,0,0.02,0.59],[0,17.32,17.32,0]],[[0,0.06,1.49,0.09],[0,0,0.09,1.76],[0.32,0.58,1.83,0],[0,4.48,0,0.1],[0,4.1,0.02,6.63],[0.01,0.26,0.48,2],[1.03,0.15,0,0.03]],[[0.53,0,0.01,0.01],[3.32,0.03,2.11,1.43],[0,0.02,0.4,0],[2.32,0,0.05,0],[10.28,0,0,0.41],[0,0,0,1.86],[0.54,0,0,3.45]],[[1.88,7.68,0.16,2.76],[1.84,2.78,0.49,1.06],[1.05,0.33,1.16,0],[0,1.81,2.03,0.86],[0.1,0,0,4.66],[0,0,0.37,2.15],[0,0.89,0.08,2.15]],[[0,0,0,0],[0,0,0,0],[0,0,0,0],[0,0,0,0],[0,0.3,0,0],[0,0,0,0],[0,0,0,0]]],[[[1.75,7.35,2.34,3.09],[11.78,1.6,4.37,11.78],[6.6,4.98,5.8,4.62],[6.07,15.37,7.37,2.04],[3.58,5.36,7.61,0.53],[0.39,0.62,3.53,7.63],[4.04,1,0.43,8.19]],[[0.4,0.04,5.97,0.62],[0,1.98,6.41,0.07],[1.63,0.13,1.24,0],[0.22,6.13,7.65,0.32],[0.07,0.88,0,9.18],[0,0,2.47,0.12],[0.04,0.04,0.66,6.7]],[[0.02,0,0,0],[1.15,0,0.1,0],[0,0.54,0,0.04],[0,0,0,0],[0.5,0.18,0.13,0],[0.02,0,0,0],[0.53,0,0,0.99]],[[0,0.21,0,0],[2.15,3.85,0,0],[0.01,9.3,0,0.1],[0,9.8,0.02,0],[0.04,0,0.67,5.85],[0.03,6.3,0.96,0],[0,0,0.33,0]],[[0.03,0.01,0,0.18],[0,0.14,0.01,0.06],[0.52,0.34,0.26,0],[0,0,0,0],[0,0,0.48,0],[2.75,4.91,0.52,0.1],[0,0.17,0,0]],[[7.12,13.42,9,7.93],[0.62,0.62,6.91,1.87],[2.48,0.17,2.01,0.22],[1.95,0.22,0.56,0.67],[15.03,4.87,0.02,0.02],[0.69,0.06,2.31,0.11],[0.15,1.74,0.34,0.92]],[[0.28,0,0.32,0.01],[6.92,1.36,0.02,0],[0.03,0,1.22,1.83],[0,2.23,5.61,3.36],[0,1.07,0.2,3.37],[0.04,7.15,0,0],[0.02,0.09,0.02,0]],[[0.01,0.12,0.94,0],[0,0.09,0.41,1.9],[0,0,1.69,1.14],[0,0,0.13,0.1],[0.16,0,2.98,0.81],[0,0.01,0.31,0],[0,0,0,0]],[[3.28,4.54,0.99,2.33],[0.28,2.03,2.14,2.03],[0.03,1.88,5.27,0.1],[0.3,2.03,1.92,0],[0.64,0.02,0.39,0],[0.03,7.93,0.24,2],[0,0.14,0.02,0.66]],[[0,0,0,0],[0,0,0,0],[0,0,0,0],[0,0,0,0],[0,0,0,0],[0,0,0,0],[0,0,0,0]]],[[[0.87,0.3,7.55,3.75],[10.48,1.46,1.95,0.85],[13.99,3.37,4.06,6.11],[3.62,2.69,5.03,2.69],[7.85,14.95,3.27,8.94],[0.23,0.13,7.9,12.91],[10.3,0.08,4.93,11.22]],[[5.45,5.97,5.01,4],[0.01,0.14,0.05,1.78],[0.03,0.74,0.42,0],[0.1,0,0,0.11],[1.01,1.9,0,0],[0.78,0.09,0.37,2.68],[0,0.03,1.81,1.24]],[[0,0,0.02,7.3],[0.05,1.15,0.09,0],[0.41,0,0,0],[0,0,1.73,2.51],[0.22,0.03,0,0],[0.19,9.07,0.53,0],[0.08,0,0,0.01]],[[0.01,0.06,4.58,0.03],[0,0.01,0.22,1.61],[1.42,0.01,6.8,0.73],[0,0.22,0,0.05],[0.22,5.85,0.01,0],[0.01,0.74,0.01,0.22],[2.2,0,0,0]],[[0.02,0.01,0.61,0.02],[2.84,0,0.03,3.48],[5.18,0,3.52,0.15],[0.11,4.03,1.11,6.33],[1.03,0.01,0,0.01],[0,0,9.11,0],[0,0,5.85,0]],[[1.14,0.02,2.48,2.76],[0.21,1.54,0,0],[0.23,0.36,0,1.14],[0.59,0.01,1.75,1.4],[0.39,0.05,0.51,0.67],[8.22,5.44,1.63,0.92],[2.67,0.4,0.04,0.37]],[[0.62,0.01,0.5,0],[0.87,3.94,0.01,1.05],[4.4,0.01,0.87,0.01],[0.01,2.23,0,0.01],[0,0,0,0],[2.21,0.15,1.5,0],[0.03,0,10.63,0]],[[0,0,0,0.07],[3.32,0.02,0,0.37],[0.2,0.2,0,0],[0.04,0.18,0,0],[0.9,0,0.01,0],[0.27,1.86,0.18,0],[0,0,2.92,0.93]],[[4.54,0.14,10.29,0.01],[0.14,0.07,0.29,0.28],[0.75,0.56,1.1,0.17],[0.04,0.81,0.64,2.42],[0,0.21,0,0.19],[0.12,0.14,2.31,2],[0,0.05,0,1.29]],[[0,0,0,0],[0,0,0,0],[0,0,0,0],[0.02,0,0,0],[0,0,0.02,0],[0,0,0,0],[0,0,0,0]]]];

