Omegamax = 3;
Produkte = 2;
v = [2,2];
KS = 117;

KH	=	9;								
							
											
kS = [[1000,	61.0982,	135.3811,	125.4204,	136.6548,	117.0763,	56.9162,	31.051,	62.8976,	111.512],
[61.0982,	1000,	93.9225,	90.9353,	148.5481,	121.9531,	18.7415,	88.1098,	108.0461,	125.9754],
[135.3811,	93.9225,	1000,	17.3325,	119.2363,	93.723,	83.6537,	147.5133,	143.5935,	110.1599],
[125.4204,	90.9353,	17.3325,	1000,	102.3983,	76.5169,	77.8317,	134.7515,	128.243,	92.8303],
[136.6548,	148.5481,	119.2363,	102.3983,	1000,	28.1437,	129.8136,	121.5764,	90.0895,	25.1435],
[117.0763,	121.9531,	93.723,	76.5169,	28.1437,	1000,	103.2318,	107.2947,	81.5113,	18.9332],
[56.9162,	18.7415,	83.6537,	77.8317,	129.8136,	103.2318,	1000,	79.282,	94.1049,	107.3586],
[31.051,	88.1098,	147.5133,	134.7515,	121.5764,	107.2947,	79.282,	1000,	36.2807,	97.1766],
[62.8976,	108.0461,	143.5935,	128.243,	90.0895,	81.5113,	94.1049,	36.2807,	1000,	67.5128],
[111.512,	125.9754,	110.1599,	92.8303,	25.1435,	18.9332,	107.3586,	97.1766,	67.5128,	1000]];
									
kem = [336,	58.6543,	129.9659,	120.4035,	131.1886,	112.3933,	54.6396,	29.8089,	60.3817,	107.0515];
											
											
								

kI = [0.0033,0.0193];
qS = [1,1];

d = [[[[6.6,4.98],[4.93,8.16],[14.87,5.24],[3.83,1.26],[1.73,0],[4.32,13.59],[6.21,9.89]],[[3.73,3.08],[0.28,0.12],[0.99,2.04],[0.05,0.39],[0,0.51],[0.03,1.56],[0.44,12.37]],[[0,0.02],[0.02,0],[0,0.95],[0,1.24],[5.36,2.5],[0,0.35],[0,0]],[[0,0],[0.42,0],[0.02,0.01],[0.14,0],[0.05,0.93],[2.56,0],[0.01,0]],[[0,1.17],[0.09,0.03],[0.08,5.18],[0.6,0],[0,0.01],[0.32,0],[0,0.03]],[[0.22,5.08],[0.26,0.41],[0.38,0.03],[0.67,0.01],[0,6.24],[0.34,0],[0,17.32]],[[0,0.06],[0,0],[0.32,0.58],[0,4.48],[0,4.1],[0.01,0.26],[1.03,0.15]],[[0.53,0],[3.32,0.03],[0,0.02],[2.32,0],[10.28,0],[0,0],[0.54,0]],[[1.88,7.68],[1.84,2.78],[1.05,0.33],[0,1.81],[0.1,0],[0,0],[0,0.89]],[[0,0],[0,0],[0,0],[0,0],[0,0.3],[0,0],[0,0]]],[[[1.75,7.35],[11.78,1.6],[6.6,4.98],[6.07,15.37],[3.58,5.36],[0.39,0.62],[4.04,1]],[[0.4,0.04],[0,1.98],[1.63,0.13],[0.22,6.13],[0.07,0.88],[0,0],[0.04,0.04]],[[0.02,0],[1.15,0],[0,0.54],[0,0],[0.5,0.18],[0.02,0],[0.53,0]],[[0,0.21],[2.15,3.85],[0.01,9.3],[0,9.8],[0.04,0],[0.03,6.3],[0,0]],[[0.03,0.01],[0,0.14],[0.52,0.34],[0,0],[0,0],[2.75,4.91],[0,0.17]],[[7.12,13.42],[0.62,0.62],[2.48,0.17],[1.95,0.22],[15.03,4.87],[0.69,0.06],[0.15,1.74]],[[0.28,0],[6.92,1.36],[0.03,0],[0,2.23],[0,1.07],[0.04,7.15],[0.02,0.09]],[[0.01,0.12],[0,0.09],[0,0],[0,0],[0.16,0],[0,0.01],[0,0]],[[3.28,4.54],[0.28,2.03],[0.03,1.88],[0.3,2.03],[0.64,0.02],[0.03,7.93],[0,0.14]],[[0,0],[0,0],[0,0],[0,0],[0,0],[0,0],[0,0]]],[[[0.87,0.3],[10.48,1.46],[13.99,3.37],[3.62,2.69],[7.85,14.95],[0.23,0.13],[10.3,0.08]],[[5.45,5.97],[0.01,0.14],[0.03,0.74],[0.1,0],[1.01,1.9],[0.78,0.09],[0,0.03]],[[0,0],[0.05,1.15],[0.41,0],[0,0],[0.22,0.03],[0.19,9.07],[0.08,0]],[[0.01,0.06],[0,0.01],[1.42,0.01],[0,0.22],[0.22,5.85],[0.01,0.74],[2.2,0]],[[0.02,0.01],[2.84,0],[5.18,0],[0.11,4.03],[1.03,0.01],[0,0],[0,0]],[[1.14,0.02],[0.21,1.54],[0.23,0.36],[0.59,0.01],[0.39,0.05],[8.22,5.44],[2.67,0.4]],[[0.62,0.01],[0.87,3.94],[4.4,0.01],[0.01,2.23],[0,0],[2.21,0.15],[0.03,0]],[[0,0],[3.32,0.02],[0.2,0.2],[0.04,0.18],[0.9,0],[0.27,1.86],[0,0]],[[4.54,0.14],[0.14,0.07],[0.75,0.56],[0.04,0.81],[0,0.21],[0.12,0.14],[0,0.05]],[[0,0],[0,0],[0,0],[0.02,0],[0,0],[0,0],[0,0]]]];

