Omegamax = 7;
Produkte = 2;
v = [2,2];
KS = 117;

KH	=	9;								
							
											
kS = [[1000,	100.3154,	67.9336,	78.6797,	66.2313,	39.1673,	15.8027,	29.5922,	86.2152,	73.4044],
[100.3154,	1000,	74.3155,	63.6129,	52.5148,	75.8219,	84.5888,	108.1348,	29.2909,	64.5159],
[67.9336,	74.3155,	1000,	15.2169,	22.6999,	29.2509,	57.317,	53.6605,	45.899,	11.1019],
[78.6797,	63.6129,	15.2169,	1000,	18.5917,	39.5901,	66.206,	67.7875,	34.3532,	5.3364],
[66.2313,	52.5148,	22.6999,	18.5917,	1000,	29.6067,	52.0814,	62.0716,	25.8883,	15.7955],
[39.1673,	75.8219,	29.2509,	39.5901,	29.6067,	1000,	28.1405,	33.0635,	53.8425,	34.2857],
[15.8027,	84.5888,	57.317,	66.206,	52.0814,	28.1405,	1000,	34.0634,	70.7486,	61.0963],
[29.5922,	108.1348,	53.6605,	67.7875,	62.0716,	33.0635,	34.0634,	1000,	86.8817,	62.6072],
[86.2152,	29.2909,	45.899,	34.3532,	25.8883,	53.8425,	70.7486,	86.8817,	1000,	35.5839],
[73.4044,	64.5159,	11.1019,	5.3364,	15.7955,	34.2857,	61.0963,	62.6072,	35.5839,	1000]];
									
kem = [336,	96.3028,	65.2162,	75.5325,	63.582,	37.6006,	15.1706,	28.4085,	82.7666,	70.4682];
										
											
								

kI = [0.0033,0.0193];
qS = [1,1];

d = [[[[6.6,2.34],[4.93,4.37],[14.87,5.8],[3.83,7.37],[1.73,7.61],[4.32,3.53],[6.21,0.43]],[[3.73,5.97],[0.28,6.41],[0.99,1.24],[0.05,7.65],[0,0],[0.03,2.47],[0.44,0.66]],[[0,0],[0.02,0.1],[0,0],[0,0],[5.36,0.13],[0,0],[0,0]],[[0,0],[0.42,0],[0.02,0],[0.14,0.02],[0.05,0.67],[2.56,0.96],[0.01,0.33]],[[0,0],[0.09,0.01],[0.08,0.26],[0.6,0],[0,0.48],[0.32,0.52],[0,0]],[[0.22,9],[0.26,6.91],[0.38,2.01],[0.67,0.56],[0,0.02],[0.34,2.31],[0,0.34]],[[0,0.32],[0,0.02],[0.32,1.22],[0,5.61],[0,0.2],[0.01,0],[1.03,0.02]],[[0.53,0.94],[3.32,0.41],[0,1.69],[2.32,0.13],[10.28,2.98],[0,0.31],[0.54,0]],[[1.88,0.99],[1.84,2.14],[1.05,5.27],[0,1.92],[0.1,0.39],[0,0.24],[0,0.02]],[[0,0],[0,0],[0,0],[0,0],[0,0],[0,0],[0,0]]],[[[1.75,7.55],[11.78,1.95],[6.6,4.06],[6.07,5.03],[3.58,3.27],[0.39,7.9],[4.04,4.93]],[[0.4,5.01],[0,0.05],[1.63,0.42],[0.22,0],[0.07,0],[0,0.37],[0.04,1.81]],[[0.02,0.02],[1.15,0.09],[0,0],[0,1.73],[0.5,0],[0.02,0.53],[0.53,0]],[[0,4.58],[2.15,0.22],[0.01,6.8],[0,0],[0.04,0.01],[0.03,0.01],[0,0]],[[0.03,0.61],[0,0.03],[0.52,3.52],[0,1.11],[0,0],[2.75,9.11],[0,5.85]],[[7.12,2.48],[0.62,0],[2.48,0],[1.95,1.75],[15.03,0.51],[0.69,1.63],[0.15,0.04]],[[0.28,0.5],[6.92,0.01],[0.03,0.87],[0,0],[0,0],[0.04,1.5],[0.02,10.63]],[[0.01,0],[0,0],[0,0],[0,0],[0.16,0.01],[0,0.18],[0,2.92]],[[3.28,10.29],[0.28,0.29],[0.03,1.1],[0.3,0.64],[0.64,0],[0.03,2.31],[0,0]],[[0,0],[0,0],[0,0],[0,0],[0,0.02],[0,0],[0,0]]],[[[0.87,22.78],[10.48,4.81],[13.99,2.34],[3.62,0.76],[7.85,2.88],[0.23,6.88],[10.3,23.77]],[[5.45,0.13],[0.01,0],[0.03,9.96],[0.1,0.27],[1.01,0.38],[0.78,0.01],[0,0.02]],[[0,0.11],[0.05,0],[0.41,0],[0,0.26],[0.22,0],[0.19,3.12],[0.08,0]],[[0.01,0.67],[0,1.61],[1.42,0],[0,0.27],[0.22,0],[0.01,0],[2.2,0.08]],[[0.02,0],[2.84,0.07],[5.18,0],[0.11,0.03],[1.03,2.84],[0,0],[0,0]],[[1.14,4.43],[0.21,0.34],[0.23,0],[0.59,0.24],[0.39,0.59],[8.22,0.59],[2.67,0]],[[0.62,0.09],[0.87,1.76],[4.4,0],[0.01,0.1],[0,6.63],[2.21,2],[0.03,0.03]],[[0,0.01],[3.32,1.43],[0.2,0],[0.04,0],[0.9,0.41],[0.27,1.86],[0,3.45]],[[4.54,2.76],[0.14,1.06],[0.75,0],[0.04,0.86],[0,4.66],[0.12,2.15],[0,2.15]],[[0,0],[0,0],[0,0],[0.02,0],[0,0],[0,0],[0,0]]],[[[4.98,3.09],[8.16,11.78],[5.24,4.62],[1.26,2.04],[0,0.53],[13.59,7.63],[9.89,8.19]],[[3.08,0.62],[0.12,0.07],[2.04,0],[0.39,0.32],[0.51,9.18],[1.56,0.12],[12.37,6.7]],[[0.02,0],[0,0],[0.95,0.04],[1.24,0],[2.5,0],[0.35,0],[0,0.99]],[[0,0],[0,0],[0.01,0.1],[0,0],[0.93,5.85],[0,0],[0,0]],[[1.17,0.18],[0.03,0.06],[5.18,0],[0,0],[0.01,0],[0,0.1],[0.03,0]],[[5.08,7.93],[0.41,1.87],[0.03,0.22],[0.01,0.67],[6.24,0.02],[0,0.11],[17.32,0.92]],[[0.06,0.01],[0,0],[0.58,1.83],[4.48,3.36],[4.1,3.37],[0.26,0],[0.15,0]],[[0,0],[0.03,1.9],[0.02,1.14],[0,0.1],[0,0.81],[0,0],[0,0]],[[7.68,2.33],[2.78,2.03],[0.33,0.1],[1.81,0],[0,0],[0,2],[0.89,0.66]],[[0,0],[0,0],[0,0],[0,0],[0.3,0],[0,0],[0,0]]],[[[7.35,3.75],[1.6,0.85],[4.98,6.11],[15.37,2.69],[5.36,8.94],[0.62,12.91],[1,11.22]],[[0.04,4],[1.98,1.78],[0.13,0],[6.13,0.11],[0.88,0],[0,2.68],[0.04,1.24]],[[0,7.3],[0,0],[0.54,0],[0,2.51],[0.18,0],[0,0],[0,0.01]],[[0.21,0.03],[3.85,1.61],[9.3,0.73],[9.8,0.05],[0,0],[6.3,0.22],[0,0]],[[0.01,0.02],[0.14,3.48],[0.34,0.15],[0,6.33],[0,0.01],[4.91,0],[0.17,0]],[[13.42,2.76],[0.62,0],[0.17,1.14],[0.22,1.4],[4.87,0.67],[0.06,0.92],[1.74,0.37]],[[0,0],[1.36,1.05],[0,0.01],[2.23,0.01],[1.07,0],[7.15,0],[0.09,0]],[[0.12,0.07],[0.09,0.37],[0,0],[0,0],[0,0],[0.01,0],[0,0.93]],[[4.54,0.01],[2.03,0.28],[1.88,0.17],[2.03,2.42],[0.02,0.19],[7.93,2],[0.14,1.29]],[[0,0],[0,0],[0,0],[0,0],[0,0],[0,0],[0,0]]],[[[0.3,0.16],[1.46,1.88],[3.37,7.99],[2.69,3.94],[14.95,0.32],[0.13,1.84],[0.08,2.65]],[[5.97,0],[0.14,0],[0.74,3.08],[0,2.69],[1.9,0],[0.09,4.89],[0.03,0.84]],[[0,1.29],[1.15,0.02],[0,0],[0,0],[0.03,0],[9.07,0],[0,0.1]],[[0.06,3.01],[0.01,0],[0.01,0],[0.22,1.11],[5.85,0.12],[0.74,0],[0,6.3]],[[0.01,0.56],[0,0],[0,0.02],[4.03,10.6],[0.01,0],[0,0.37],[0,0]],[[0.02,5.08],[1.54,0.94],[0.36,1.48],[0.01,0.24],[0.05,2.84],[5.44,0.24],[0.4,9.36]],[[0.01,0.54],[3.94,0.63],[0.01,6.19],[2.23,0.32],[0,0.72],[0.15,1.5],[0,0.26]],[[0,0.02],[0.02,0.01],[0.2,0],[0.18,9.71],[0,0.37],[1.86,0.05],[0,0]],[[0.14,1.6],[0.07,1.93],[0.56,0.67],[0.81,2.56],[0.21,0.11],[0.14,1.39],[0.05,4.74]],[[0,0],[0,0.11],[0,0],[0,0],[0,0],[0,0],[0,0]]],[[[0.49,2.12],[0.71,9.78],[2.04,7.35],[12.37,8.05],[2.7,25.23],[0.31,2.01],[7.9,0]],[[0.99,2.04],[8.12,1],[0,1.46],[0,0.05],[1.48,0.45],[0,0.26],[0,12.37]],[[0,0],[0.16,0.16],[0,1.29],[0,0.31],[0,0],[0,1.22],[0,0.05]],[[0.42,0.28],[0,0],[0.14,0],[0,0],[0.48,0],[0.02,5.07],[0,0]],[[0.52,0],[0.16,0.35],[0.22,1.79],[0.22,0.01],[0,0],[0.01,0],[0.41,0]],[[7.93,0],[1.97,0.21],[0.78,1.08],[0.3,1.33],[0.06,1.76],[0.02,0],[17.32,0.69]],[[1.49,0.35],[0.09,0],[1.83,0.07],[0,0],[0.02,4.56],[0.48,0],[0,0.29]],[[0.01,0],[2.11,0.34],[0.4,0.01],[0.05,0],[0,0],[0,0.05],[0,0]],[[0.16,0.03],[0.49,0],[1.16,0],[2.03,0.64],[0,3.48],[0.37,0],[0.08,0.04]],[[0,0],[0,0],[0,0],[0,0],[0,0],[0,0.19],[0,0]]]];

