Omegamax = 1;
Produkte = 2;
v = [2,2];
KS = 117;

KH	=	9;								
							
											
kS = [[1000,	57.2372,	67.818,	71.0382,	113.7826,	113.8788,	58.1284,	11.8263,	18.415,	123.4198],
[57.2372,	1000,	46.2746,	90.4893,	109.4487,	63.9478,	85.5736,	67.1704,	61.1488,	79.4736],
[67.818,	46.2746,	1000,	55.0772,	63.2108,	56.2776,	57.2214,	71.1569,	58.0168,	58.8204],
[71.0382,	90.4893,	55.0772,	1000,	51.2275,	109.1766,	14.9386,	64.9797,	52.6937,	105.6924],
[113.7826,	109.4487,	63.2108,	51.2275,	1000,	95.8549,	65.6871,	110.9154,	97.0091,	82.8634],
[113.8788,	63.9478,	56.2776,	109.1766,	95.8549,	1000,	113.2514,	120.7053,	109.6557,	21.205],
[58.1284,	85.5736,	57.2214,	14.9386,	65.6871,	113.2514,	1000,	51.0286,	39.7368,	112.4334],
[11.8263,	67.1704,	71.1569,	64.9797,	110.9154,	120.7053,	51.0286,	1000,	14.2461,	128.6299],
[18.415,	61.1488,	58.0168,	52.6937,	97.0091,	109.6557,	39.7368,	14.2461,	1000,	116.2309],
[123.4198,	79.4736,	58.8204,	105.6924,	82.8634,	21.205,	112.4334,	128.6299,	116.2309,	1000]];
									
kem = [336,	54.9478,	65.1053,	68.1967,	109.2313,	109.3237,	55.8032,	11.3532,	17.6784,	118.4831];
											
											
								

kI = [0.0033,0.0193];
qS = [1,1];

d = [[[[6.6,1.75],[4.93,11.78],[14.87,6.6],[3.83,6.07],[1.73,3.58],[4.32,0.39],[6.21,4.04]],[[3.73,0.4],[0.28,0],[0.99,1.63],[0.05,0.22],[0,0.07],[0.03,0],[0.44,0.04]],[[0,0.02],[0.02,1.15],[0,0],[0,0],[5.36,0.5],[0,0.02],[0,0.53]],[[0,0],[0.42,2.15],[0.02,0.01],[0.14,0],[0.05,0.04],[2.56,0.03],[0.01,0]],[[0,0.03],[0.09,0],[0.08,0.52],[0.6,0],[0,0],[0.32,2.75],[0,0]],[[0.22,7.12],[0.26,0.62],[0.38,2.48],[0.67,1.95],[0,15.03],[0.34,0.69],[0,0.15]],[[0,0.28],[0,6.92],[0.32,0.03],[0,0],[0,0],[0.01,0.04],[1.03,0.02]],[[0.53,0.01],[3.32,0],[0,0],[2.32,0],[10.28,0.16],[0,0],[0.54,0]],[[1.88,3.28],[1.84,0.28],[1.05,0.03],[0,0.3],[0.1,0.64],[0,0.03],[0,0]],[[0,0],[0,0],[0,0],[0,0],[0,0],[0,0],[0,0]]]];

