Omegamax = 6;
Produkte = 5;
v = [2,2,1,1,1];
KS = 137.3;

KH	=	9;								
							
											
kS = [[1000,	57.2372,	67.818,	71.0382,	113.7826,	113.8788,	58.1284,	11.8263,	18.415,	123.4198],
[57.2372,	1000,	46.2746,	90.4893,	109.4487,	63.9478,	85.5736,	67.1704,	61.1488,	79.4736],
[67.818,	46.2746,	1000,	55.0772,	63.2108,	56.2776,	57.2214,	71.1569,	58.0168,	58.8204],
[71.0382,	90.4893,	55.0772,	1000,	51.2275,	109.1766,	14.9386,	64.9797,	52.6937,	105.6924],
[113.7826,	109.4487,	63.2108,	51.2275,	1000,	95.8549,	65.6871,	110.9154,	97.0091,	82.8634],
[113.8788,	63.9478,	56.2776,	109.1766,	95.8549,	1000,	113.2514,	120.7053,	109.6557,	21.205],
[58.1284,	85.5736,	57.2214,	14.9386,	65.6871,	113.2514,	1000,	51.0286,	39.7368,	112.4334],
[11.8263,	67.1704,	71.1569,	64.9797,	110.9154,	120.7053,	51.0286,	1000,	14.2461,	128.6299],
[18.415,	61.1488,	58.0168,	52.6937,	97.0091,	109.6557,	39.7368,	14.2461,	1000,	116.2309],
[123.4198,	79.4736,	58.8204,	105.6924,	82.8634,	21.205,	112.4334,	128.6299,	116.2309,	1000]];
									
kem = [336,	54.9478,	65.1053,	68.1967,	109.2313,	109.3237,	55.8032,	11.3532,	17.6784,	118.4831];
											
											
								

kI = [0.0033,0.0193,0.0514,0.1153,0.2933];
qS = [1,1,1,1,1];

d = [[[[6.6,0.49,0.16,2.92,7.99],[4.93,0.71,1.88,10.87,3.04],[14.87,2.04,7.99,3.75,6.96],[3.83,12.37,3.94,7.81,3.23],[1.73,2.7,0.32,0.48,3.58],[4.32,0.31,1.84,0.89,7.9],[6.21,7.9,2.65,0.89,1.32]],[[3.73,0.99,0,0.88,5.45],[0.28,8.12,0,4.92,0],[0.99,0,3.08,1.93,0],[0.05,0,2.69,0,0.01],[0,1.48,0,2.83,0.14],[0.03,0,4.89,7.57,0],[0.44,0,0.84,0.03,3.42]],[[0,0,1.29,0,0],[0.02,0.16,0.02,0,0],[0,0,0,2.51,0],[0,0,0,0,0],[5.36,0,0,0,0],[0,0,0,1.22,0.23],[0,0,0.1,0,0]],[[0,0.42,3.01,0,4.58],[0.42,0,0,0.07,1.95],[0.02,0.14,0,0.08,1.57],[0.14,0,1.11,0.74,0],[0.05,0.48,0.12,0.01,0.48],[2.56,0.02,0,0.43,0.33],[0.01,0,6.3,0.09,0.38]],[[0,0.52,0.56,3.96,0],[0.09,0.16,0,0.04,0.07],[0.08,0.22,0.02,0.16,0.03],[0.6,0.22,10.6,0.01,0.78],[0,0,0,2.54,0],[0.32,0.01,0.37,5.85,0],[0,0.41,0,0,1.88]],[[0.22,7.93,5.08,3.9,0.63],[0.26,1.97,0.94,0.24,0.44],[0.38,0.78,1.48,10.57,0.83],[0.67,0.3,0.24,4.48,0],[0,0.06,2.84,1.56,9.81],[0.34,0.02,0.24,4.57,0.01],[0,17.32,9.36,0,9.36]],[[0,1.49,0.54,0.28,0],[0,0.09,0.63,0,1.88],[0.32,1.83,6.19,0,0.22],[0,0,0.32,0,0],[0,0.02,0.72,0.99,0.07],[0.01,0.48,1.5,0,0],[1.03,0,0.26,0.15,0.01]],[[0.53,0.01,0.02,0.2,4.52],[3.32,2.11,0.01,0.9,0],[0,0.4,0,0.04,0.85],[2.32,0.05,9.71,0.12,0],[10.28,0,0.37,0,0.03],[0,0,0.05,6.21,0],[0.54,0,0,0,1.06]],[[1.88,0.16,1.6,0.59,1.78],[1.84,0.49,1.93,4.8,0.1],[1.05,1.16,0.67,0.31,2.46],[0,2.03,2.56,0.01,0.02],[0.1,0,0.11,0,1.73],[0,0.37,1.39,1.03,0.56],[0,0.08,4.74,0.04,3.67]],[[0,0,0,0,0],[0,0,0.11,0,0],[0,0,0,0.02,0.05],[0,0,0,0.35,0],[0,0,0,0,0],[0,0,0,0,0],[0,0,0,0,0]]],[[[1.75,2.34,2.12,0.09,1.07],[11.78,4.37,9.78,2.02,14.42],[6.6,5.8,7.35,19.3,1.4],[6.07,7.37,8.05,8.83,0.88],[3.58,7.61,25.23,1.87,4.65],[0.39,3.53,2.01,1.13,7.11],[4.04,0.43,0,14.36,1.76]],[[0.4,5.97,2.04,0,0.83],[0,6.41,1,3.96,0.54],[1.63,1.24,1.46,0.22,0.01],[0.22,7.65,0.05,0.09,0],[0.07,0,0.45,0.01,1.48],[0,2.47,0.26,0,1.68],[0.04,0.66,12.37,0.01,0.05]],[[0.02,0,0,0,0],[1.15,0.1,0.16,0,0],[0,0,1.29,2.09,0],[0,0,0.31,0,0],[0.5,0.13,0,0,0],[0.02,0,1.22,0,0],[0.53,0,0.05,0,0.43]],[[0,0,0.28,0,0.06],[2.15,0,0,0,0.15],[0.01,0,0,0.88,2.38],[0,0.02,0,0.01,0.55],[0.04,0.67,0,0.84,0.93],[0.03,0.96,5.07,0,0],[0,0.33,0,0.01,0.01]],[[0.03,0,0,5.18,5.18],[0,0.01,0.35,0.18,2.84],[0.52,0.26,1.79,0.34,0.28],[0,0,0.01,0.05,0.05],[0,0.48,0,0.04,0],[2.75,0.52,0,0.93,0.08],[0,0,0,0,0]],[[7.12,9,0,4.43,2.12],[0.62,6.91,0.21,0.01,3.65],[2.48,2.01,1.08,0.7,9],[1.95,0.56,1.33,0.3,0.06],[15.03,0.02,1.76,0.03,0],[0.69,2.31,0,0.16,0.02],[0.15,0.34,0.69,0,0.74]],[[0.28,0.32,0.35,0.08,0],[6.92,0.02,0,2.65,0],[0.03,1.22,0.07,0,0.71],[0,5.61,0,1.15,1.15],[0,0.2,4.56,0.04,0.02],[0.04,0,0,0,0],[0.02,0.02,0.29,0,0.85]],[[0.01,0.94,0,0.05,1.03],[0,0.41,0.34,0,0],[0,1.69,0.01,2.62,0.02],[0,0.13,0,0.07,0.02],[0.16,2.98,0,1.01,1.01],[0,0.31,0.05,0,1.22],[0,0,0,0,0]],[[3.28,0.99,0.03,13.12,0.2],[0.28,2.14,0,0.01,1.58],[0.03,5.27,0,0.11,1.16],[0.3,1.92,0.64,0.81,3.07],[0.64,0.39,3.48,0.45,0],[0.03,0.24,0,0.56,0.07],[0,0.02,0.04,0,6.32]],[[0,0,0,0,0],[0,0,0,0,0],[0,0,0,0,0],[0,0,0,0,0.35],[0,0,0,0,0],[0,0,0.19,0,0],[0,0,0,0,0]]],[[[0.87,7.55,6.43,0.62,3.65],[10.48,1.95,7.32,2.48,1.95],[13.99,4.06,0.81,7.77,1.47],[3.62,5.03,6.77,6.96,14.44],[7.85,3.27,0.69,3.27,0.04],[0.23,7.9,0.03,0.43,2.65],[10.3,4.93,1.06,3.53,2.55]],[[5.45,5.01,0.01,1.93,0],[0.01,0.05,0,0.01,0.25],[0.03,0.42,0,8.43,0],[0.1,0,0.03,0,0],[1.01,0,0,0,0.48],[0.78,0.37,0,0.28,0.28],[0,1.81,0.01,0.16,0.02]],[[0,0.02,0,0.54,0],[0.05,0.09,0.01,0,0],[0.41,0,3.82,0,0.47],[0,1.73,0.19,0,0],[0.22,0,0,0.01,0],[0.19,0.53,9.07,0,0],[0.08,0,0,1.91,0]],[[0.01,4.58,0.23,0.21,0],[0,0.22,0.3,0,0.01],[1.42,6.8,0,0.09,0.05],[0,0,9.8,0,0.07],[0.22,0.01,4.08,0.03,0],[0.01,0.01,0,0,0],[2.2,0,0.56,3.52,1.1]],[[0.02,0.61,0.31,0,0],[2.84,0.03,0.05,0.06,1.68],[5.18,3.52,0.66,0.66,0],[0.11,1.11,0,3.18,2.1],[1.03,0,0.03,4.71,0.58],[0,9.11,0,0,7.14],[0,5.85,0,0.2,0.17]],[[1.14,2.48,2.35,0.2,2.12],[0.21,0,0.58,3.87,0.32],[0.23,0,0.56,2.12,0.25],[0.59,1.75,5.17,0.02,1.12],[0.39,0.51,0.23,5.27,0.04],[8.22,1.63,1.87,8.22,0],[2.67,0.04,0,0.92,0.69]],[[0.62,0.5,0.05,1.39,0.09],[0.87,0.01,0,0,0.32],[4.4,0.87,0.32,0.06,0.37],[0.01,0,0.32,0.69,9.03],[0,0,1.25,0.41,0],[2.21,1.5,0.01,0.01,0.09],[0.03,10.63,0.01,0.01,0]],[[0,0,0.01,0.06,0],[3.32,0,0.21,0.01,0],[0.2,0,0.24,0.02,0.13],[0.04,0,0.31,0.1,0.88],[0.9,0.01,0.03,0.9,0],[0.27,0.18,0,0.02,2.92],[0,2.92,0,0,0]],[[4.54,10.29,1.98,0.01,0.46],[0.14,0.29,0.05,1.29,1.11],[0.75,1.1,1.52,3.49,2.46],[0.04,0.64,0.24,0.02,0.01],[0,0,0.01,0.31,0.02],[0.12,2.31,1.49,0.18,0.17],[0,0,0.06,0.17,1.29]],[[0,0,0,0,0.86],[0,0,0,0,0],[0,0,0,0,0],[0.02,0,0,0,0],[0,0.02,0,0,0],[0,0,0,0,0],[0,0,0,0,0]]],[[[4.98,22.78,2.5,2.04,8.23],[8.16,4.81,7.13,5.7,0.91],[5.24,2.34,2.27,9.61,1.4],[1.26,0.76,1.47,0.46,7.81],[0,2.88,0.99,6.95,2.35],[13.59,6.88,4.77,1.39,20.95],[9.89,23.77,1.46,10.3,15.24]],[[3.08,0.13,4.63,7.38,0],[0.12,0,1,0,0],[2.04,9.96,1.54,0.02,9.96],[0.39,0.27,6.13,0,0.71],[0.51,0.38,5.71,2.83,0],[1.56,0.01,0.13,0.72,0.28],[12.37,0.02,0.78,0.1,0]],[[0.02,0.11,0,0,0.01],[0,0,0,0,0],[0.95,0,0,0,0],[1.24,0.26,0,0,0.09],[2.5,0,0.05,0.05,0.09],[0.35,3.12,0.03,0,0.07],[0,0,0,1.91,0]],[[0,0.67,0.01,0.31,0.08],[0,1.61,0.01,1.22,0],[0.01,0,0.06,0,0.31],[0,0.27,0.02,4,0],[0.93,0,0,0,0],[0,0,0.01,1.1,0.25],[0,0.08,0,0.56,0]],[[1.17,0,0.05,0,0.07],[0.03,0.07,0.02,0.03,0.03],[5.18,0,0,0,0.01],[0,0.03,0,1.02,3.56],[0.01,2.84,0,0,0],[0,0,0,0,0],[0.03,0,0,0,0.01]],[[5.08,4.43,0.25,5.48,0.46],[0.41,0.34,0.58,0,5.37],[0.03,0,0,2.48,13.42],[0.01,0.24,3.25,0,1.19],[6.24,0.59,2.84,0.45,0.15],[0,0.59,0,3.09,0.22],[17.32,0,0,0.04,0.2]],[[0.06,0.09,0.03,0.14,0.02],[0,1.76,0,0.19,0.01],[0.58,0,0,0.04,1.07],[4.48,0.1,0.08,1.24,0.15],[4.1,6.63,0,0.01,0],[0.26,2,1.37,0,0.48],[0.15,0.03,2.21,1.65,0]],[[0,0.01,0.85,0.04,1.88],[0.03,1.43,0.05,0.44,1.43],[0.02,0,0.48,0.16,0],[0,0,3.4,0,0],[0,0.41,0.04,0,0],[0,1.86,0,0,0],[0,3.45,0,0.15,0]],[[7.68,2.76,2.46,0.2,0.53],[2.78,1.06,0.03,0,1.5],[0.33,0,0.33,0.46,0.22],[1.81,0.86,0.46,0,5.85],[0,4.66,0.01,0,0.04],[0,2.15,0.12,0,0],[0.89,2.15,0.29,0,2.31]],[[0,0,0,0,0],[0,0,0,0,0],[0,0,0.05,0,0],[0,0,0,0,0],[0.3,0,0,0,0],[0,0,0,0,0],[0,0,0,0,0]]],[[[7.35,3.09,5.51,2.75,0.49],[1.6,11.78,4.7,2.1,10.87],[4.98,4.62,4.06,3.65,6.6],[15.37,2.04,0.29,0.06,5.6],[5.36,0.53,1.05,5.07,12.14],[0.62,7.63,12.29,9.89,0.48],[1,8.19,0.83,13.59,4.46]],[[0.04,0.62,0.21,0.83,0],[1.98,0.07,0,0.25,0],[0.13,0,3.73,1.72,0],[6.13,0.32,0.07,0.11,0.03],[0.88,9.18,0.03,9.18,0],[0,0.12,10.16,1.34,0.09],[0.04,6.7,0.01,0,12.37]],[[0,0,0.41,0,0.82],[0,0,0.01,0.03,0.03],[0.54,0.04,0.02,0.54,0.62],[0,0,0.02,0,0],[0.18,0,0.11,0.01,0.04],[0,0,0,0,0.04],[0,0.99,0,0,0]],[[0.21,0,0.61,0.03,2.14],[3.85,0,0,0,0.78],[9.3,0.1,0,2.38,0],[9.8,0,0,0,0.02],[0,5.85,0,0.06,0.02],[6.3,0,0,0.01,0],[0,0,0,0,11.84]],[[0.01,0.18,0,2.34,0],[0.14,0.06,1.32,0,0],[0.34,0,0,0,0.84],[0,0,0.03,0.15,0.65],[0,0,0,0.04,0.05],[4.91,0.1,0,0,0.93],[0.17,0,0,1.48,0.06]],[[13.42,7.93,0,2.23,0.27],[0.62,1.87,0.36,0.03,0.08],[0.17,0.22,0.97,3.46,0.52],[0.22,0.67,2.06,0.52,0.05],[4.87,0.02,11.65,0.01,0.36],[0.06,0.11,1.07,0.69,9.36],[1.74,0.92,0.37,1.87,2.48]],[[0,0.01,0,0.32,8.63],[1.36,0,6.92,0.03,1.12],[0,1.83,0,3.08,0],[2.23,3.36,0,3.09,0.02],[1.07,3.37,2.18,0.78,0.09],[7.15,0,0.78,1.37,1.82],[0.09,0,4.69,14.55,4.69]],[[0.12,0,0.07,0,0],[0.09,1.9,0.01,8.79,0.28],[0,1.14,0,0,0],[0,0.1,2.62,0.01,0.1],[0,0.81,0,2.98,0.05],[0.01,0,0,0.2,1.06],[0,0,0,1.61,0.47]],[[4.54,2.33,0.29,10.29,0],[2.03,2.03,0.69,0.62,0],[1.88,0.1,4.54,0.46,0.84],[2.03,0,0.68,2.03,2.15],[0.02,0,0,4.01,8.28],[7.93,2,0.83,0.34,0.09],[0.14,0.66,0.1,0,0]],[[0,0,0,0.09,0],[0,0,0,0,0],[0,0,0.39,0,0],[0,0,0,0,0],[0,0,0.02,0,0],[0,0,0,0,0],[0,0,0,0,0]]],[[[0.3,3.75,7.55,8.47,0.23],[1.46,0.85,2.63,7.72,2.17],[3.37,6.11,12.62,2.27,5.37],[2.69,2.69,2.52,10.9,1.01],[14.95,8.94,0.58,2.52,18.83],[0.13,12.91,12.91,12.29,2.75],[0.08,11.22,6.43,7.9,2.36]],[[5.97,4,8.43,1.54,0],[0.14,1.78,1.78,0.48,0.02],[0.74,0,1.05,0.02,2.28],[0,0.11,0.59,0.05,10.44],[1.9,0,3.76,0.72,5.21],[0.09,2.68,0.12,0.01,0.04],[0.03,1.24,0,2.68,0.44]],[[0,7.3,0,0,0.17],[1.15,0,1.32,0.07,0.3],[0,0,0,0,0.02],[0,2.51,0,0,0],[0.03,0,0,0.18,0],[9.07,0,0,0,0.53],[0,0.01,0.53,0,0.53]],[[0.06,0.03,0.55,0.01,0],[0.01,1.61,0,0,0],[0.01,0.73,0.02,0.19,2.14],[0.22,0.05,0.01,0.03,0],[5.85,0,0,0,0.12],[0.74,0.22,0,0,0.14],[0,0,0.02,6.3,0]],[[0.01,0.02,0.04,0,0.61],[0,3.48,0,0.97,0],[0,0.15,0.01,4.5,0.78],[4.03,6.33,0,0.09,0.42],[0.01,0.01,2.54,0.03,0.24],[0,0,0,1.32,0.04],[0,0,0.46,0.08,0]],[[0.02,2.76,0.97,0.01,0.78],[1.54,0,1.33,2.65,1.4],[0.36,1.14,4.15,4.15,0.66],[0.01,1.4,3.67,0.35,0],[0.05,0.67,3.22,0.03,0],[5.44,0.92,17.32,0.11,1.14],[0.4,0.37,0,10.89,0]],[[0.01,0,0.02,0.04,0.02],[3.94,1.05,2.65,0.72,0],[0.01,0.01,4.87,0.58,0.03],[2.23,0.01,0,0.01,1.15],[0,0,0,0,2.58],[0.15,0,0.85,0,0],[0,0,1.13,0.71,2]],[[0,0.07,0.36,0,1.25],[0.02,0.37,2.11,0.34,0.04],[0.2,0,0.24,0.44,0.04],[0.18,0,0.88,0,0.02],[0,0,0,0.01,0.29],[1.86,0,0,0,0.13],[0,0.93,6.21,1.4,4.12]],[[0.14,0.01,1.52,2.92,0],[0.07,0.28,0.34,0.69,0.52],[0.56,0.17,0.33,0.25,0.11],[0.81,2.42,0.33,0.4,0.64],[0.21,0.19,0.77,6,0.01],[0.14,2,0.83,0,1.29],[0.05,1.29,0.12,0.71,0.41]],[[0,0,0,0,0],[0,0,0,0,0],[0,0,0,0,0],[0,0,0,0,0],[0,0,0.75,0,0],[0,0,0,0,0],[0,0,0.01,0,0.19]]]];

