Omegamax = 4;
Produkte = 5;
v = [2,2,1,1,1];
KS = 137.3;

KH	=	9;								
							
											
kS = [[1000,	57.2372,	67.818,	71.0382,	113.7826,	113.8788,	58.1284,	11.8263,	18.415,	123.4198],
[57.2372,	1000,	46.2746,	90.4893,	109.4487,	63.9478,	85.5736,	67.1704,	61.1488,	79.4736],
[67.818,	46.2746,	1000,	55.0772,	63.2108,	56.2776,	57.2214,	71.1569,	58.0168,	58.8204],
[71.0382,	90.4893,	55.0772,	1000,	51.2275,	109.1766,	14.9386,	64.9797,	52.6937,	105.6924],
[113.7826,	109.4487,	63.2108,	51.2275,	1000,	95.8549,	65.6871,	110.9154,	97.0091,	82.8634],
[113.8788,	63.9478,	56.2776,	109.1766,	95.8549,	1000,	113.2514,	120.7053,	109.6557,	21.205],
[58.1284,	85.5736,	57.2214,	14.9386,	65.6871,	113.2514,	1000,	51.0286,	39.7368,	112.4334],
[11.8263,	67.1704,	71.1569,	64.9797,	110.9154,	120.7053,	51.0286,	1000,	14.2461,	128.6299],
[18.415,	61.1488,	58.0168,	52.6937,	97.0091,	109.6557,	39.7368,	14.2461,	1000,	116.2309],
[123.4198,	79.4736,	58.8204,	105.6924,	82.8634,	21.205,	112.4334,	128.6299,	116.2309,	1000]];
									
kem = [336,	54.9478,	65.1053,	68.1967,	109.2313,	109.3237,	55.8032,	11.3532,	17.6784,	118.4831];
											
											
								

kI = [0.0033,0.0193,0.0514,0.1153,0.2933];
qS = [1,1,1,1,1];

d = [[[[6.6,7.35,7.55,0.16,5.51],[4.93,1.6,1.95,1.88,4.7],[14.87,4.98,4.06,7.99,4.06],[3.83,15.37,5.03,3.94,0.29],[1.73,5.36,3.27,0.32,1.05],[4.32,0.62,7.9,1.84,12.29],[6.21,1,4.93,2.65,0.83]],[[3.73,0.04,5.01,0,0.21],[0.28,1.98,0.05,0,0],[0.99,0.13,0.42,3.08,3.73],[0.05,6.13,0,2.69,0.07],[0,0.88,0,0,0.03],[0.03,0,0.37,4.89,10.16],[0.44,0.04,1.81,0.84,0.01]],[[0,0,0.02,1.29,0.41],[0.02,0,0.09,0.02,0.01],[0,0.54,0,0,0.02],[0,0,1.73,0,0.02],[5.36,0.18,0,0,0.11],[0,0,0.53,0,0],[0,0,0,0.1,0]],[[0,0.21,4.58,3.01,0.61],[0.42,3.85,0.22,0,0],[0.02,9.3,6.8,0,0],[0.14,9.8,0,1.11,0],[0.05,0,0.01,0.12,0],[2.56,6.3,0.01,0,0],[0.01,0,0,6.3,0]],[[0,0.01,0.61,0.56,0],[0.09,0.14,0.03,0,1.32],[0.08,0.34,3.52,0.02,0],[0.6,0,1.11,10.6,0.03],[0,0,0,0,0],[0.32,4.91,9.11,0.37,0],[0,0.17,5.85,0,0]],[[0.22,13.42,2.48,5.08,0],[0.26,0.62,0,0.94,0.36],[0.38,0.17,0,1.48,0.97],[0.67,0.22,1.75,0.24,2.06],[0,4.87,0.51,2.84,11.65],[0.34,0.06,1.63,0.24,1.07],[0,1.74,0.04,9.36,0.37]],[[0,0,0.5,0.54,0],[0,1.36,0.01,0.63,6.92],[0.32,0,0.87,6.19,0],[0,2.23,0,0.32,0],[0,1.07,0,0.72,2.18],[0.01,7.15,1.5,1.5,0.78],[1.03,0.09,10.63,0.26,4.69]],[[0.53,0.12,0,0.02,0.07],[3.32,0.09,0,0.01,0.01],[0,0,0,0,0],[2.32,0,0,9.71,2.62],[10.28,0,0.01,0.37,0],[0,0.01,0.18,0.05,0],[0.54,0,2.92,0,0]],[[1.88,4.54,10.29,1.6,0.29],[1.84,2.03,0.29,1.93,0.69],[1.05,1.88,1.1,0.67,4.54],[0,2.03,0.64,2.56,0.68],[0.1,0.02,0,0.11,0],[0,7.93,2.31,1.39,0.83],[0,0.14,0,4.74,0.1]],[[0,0,0,0,0],[0,0,0,0.11,0],[0,0,0,0,0.39],[0,0,0,0,0],[0,0,0.02,0,0.02],[0,0,0,0,0],[0,0,0,0,0]]],[[[1.75,0.3,22.78,2.12,7.55],[11.78,1.46,4.81,9.78,2.63],[6.6,3.37,2.34,7.35,12.62],[6.07,2.69,0.76,8.05,2.52],[3.58,14.95,2.88,25.23,0.58],[0.39,0.13,6.88,2.01,12.91],[4.04,0.08,23.77,0,6.43]],[[0.4,5.97,0.13,2.04,8.43],[0,0.14,0,1,1.78],[1.63,0.74,9.96,1.46,1.05],[0.22,0,0.27,0.05,0.59],[0.07,1.9,0.38,0.45,3.76],[0,0.09,0.01,0.26,0.12],[0.04,0.03,0.02,12.37,0]],[[0.02,0,0.11,0,0],[1.15,1.15,0,0.16,1.32],[0,0,0,1.29,0],[0,0,0.26,0.31,0],[0.5,0.03,0,0,0],[0.02,9.07,3.12,1.22,0],[0.53,0,0,0.05,0.53]],[[0,0.06,0.67,0.28,0.55],[2.15,0.01,1.61,0,0],[0.01,0.01,0,0,0.02],[0,0.22,0.27,0,0.01],[0.04,5.85,0,0,0],[0.03,0.74,0,5.07,0],[0,0,0.08,0,0.02]],[[0.03,0.01,0,0,0.04],[0,0,0.07,0.35,0],[0.52,0,0,1.79,0.01],[0,4.03,0.03,0.01,0],[0,0.01,2.84,0,2.54],[2.75,0,0,0,0],[0,0,0,0,0.46]],[[7.12,0.02,4.43,0,0.97],[0.62,1.54,0.34,0.21,1.33],[2.48,0.36,0,1.08,4.15],[1.95,0.01,0.24,1.33,3.67],[15.03,0.05,0.59,1.76,3.22],[0.69,5.44,0.59,0,17.32],[0.15,0.4,0,0.69,0]],[[0.28,0.01,0.09,0.35,0.02],[6.92,3.94,1.76,0,2.65],[0.03,0.01,0,0.07,4.87],[0,2.23,0.1,0,0],[0,0,6.63,4.56,0],[0.04,0.15,2,0,0.85],[0.02,0,0.03,0.29,1.13]],[[0.01,0,0.01,0,0.36],[0,0.02,1.43,0.34,2.11],[0,0.2,0,0.01,0.24],[0,0.18,0,0,0.88],[0.16,0,0.41,0,0],[0,1.86,1.86,0.05,0],[0,0,3.45,0,6.21]],[[3.28,0.14,2.76,0.03,1.52],[0.28,0.07,1.06,0,0.34],[0.03,0.56,0,0,0.33],[0.3,0.81,0.86,0.64,0.33],[0.64,0.21,4.66,3.48,0.77],[0.03,0.14,2.15,0,0.83],[0,0.05,2.15,0.04,0.12]],[[0,0,0,0,0],[0,0,0,0,0],[0,0,0,0,0],[0,0,0,0,0],[0,0,0,0,0.75],[0,0,0,0.19,0],[0,0,0,0,0.01]]],[[[0.87,0.49,3.09,6.43,2.92],[10.48,0.71,11.78,7.32,10.87],[13.99,2.04,4.62,0.81,3.75],[3.62,12.37,2.04,6.77,7.81],[7.85,2.7,0.53,0.69,0.48],[0.23,0.31,7.63,0.03,0.89],[10.3,7.9,8.19,1.06,0.89]],[[5.45,0.99,0.62,0.01,0.88],[0.01,8.12,0.07,0,4.92],[0.03,0,0,0,1.93],[0.1,0,0.32,0.03,0],[1.01,1.48,9.18,0,2.83],[0.78,0,0.12,0,7.57],[0,0,6.7,0.01,0.03]],[[0,0,0,0,0],[0.05,0.16,0,0.01,0],[0.41,0,0.04,3.82,2.51],[0,0,0,0.19,0],[0.22,0,0,0,0],[0.19,0,0,9.07,1.22],[0.08,0,0.99,0,0]],[[0.01,0.42,0,0.23,0],[0,0,0,0.3,0.07],[1.42,0.14,0.1,0,0.08],[0,0,0,9.8,0.74],[0.22,0.48,5.85,4.08,0.01],[0.01,0.02,0,0,0.43],[2.2,0,0,0.56,0.09]],[[0.02,0.52,0.18,0.31,3.96],[2.84,0.16,0.06,0.05,0.04],[5.18,0.22,0,0.66,0.16],[0.11,0.22,0,0,0.01],[1.03,0,0,0.03,2.54],[0,0.01,0.1,0,5.85],[0,0.41,0,0,0]],[[1.14,7.93,7.93,2.35,3.9],[0.21,1.97,1.87,0.58,0.24],[0.23,0.78,0.22,0.56,10.57],[0.59,0.3,0.67,5.17,4.48],[0.39,0.06,0.02,0.23,1.56],[8.22,0.02,0.11,1.87,4.57],[2.67,17.32,0.92,0,0]],[[0.62,1.49,0.01,0.05,0.28],[0.87,0.09,0,0,0],[4.4,1.83,1.83,0.32,0],[0.01,0,3.36,0.32,0],[0,0.02,3.37,1.25,0.99],[2.21,0.48,0,0.01,0],[0.03,0,0,0.01,0.15]],[[0,0.01,0,0.01,0.2],[3.32,2.11,1.9,0.21,0.9],[0.2,0.4,1.14,0.24,0.04],[0.04,0.05,0.1,0.31,0.12],[0.9,0,0.81,0.03,0],[0.27,0,0,0,6.21],[0,0,0,0,0]],[[4.54,0.16,2.33,1.98,0.59],[0.14,0.49,2.03,0.05,4.8],[0.75,1.16,0.1,1.52,0.31],[0.04,2.03,0,0.24,0.01],[0,0,0,0.01,0],[0.12,0.37,2,1.49,1.03],[0,0.08,0.66,0.06,0.04]],[[0,0,0,0,0],[0,0,0,0,0],[0,0,0,0,0.02],[0.02,0,0,0,0.35],[0,0,0,0,0],[0,0,0,0,0],[0,0,0,0,0]]],[[[4.98,2.34,3.75,2.5,0.09],[8.16,4.37,0.85,7.13,2.02],[5.24,5.8,6.11,2.27,19.3],[1.26,7.37,2.69,1.47,8.83],[0,7.61,8.94,0.99,1.87],[13.59,3.53,12.91,4.77,1.13],[9.89,0.43,11.22,1.46,14.36]],[[3.08,5.97,4,4.63,0],[0.12,6.41,1.78,1,3.96],[2.04,1.24,0,1.54,0.22],[0.39,7.65,0.11,6.13,0.09],[0.51,0,0,5.71,0.01],[1.56,2.47,2.68,0.13,0],[12.37,0.66,1.24,0.78,0.01]],[[0.02,0,7.3,0,0],[0,0.1,0,0,0],[0.95,0,0,0,2.09],[1.24,0,2.51,0,0],[2.5,0.13,0,0.05,0],[0.35,0,0,0.03,0],[0,0,0.01,0,0]],[[0,0,0.03,0.01,0],[0,0,1.61,0.01,0],[0.01,0,0.73,0.06,0.88],[0,0.02,0.05,0.02,0.01],[0.93,0.67,0,0,0.84],[0,0.96,0.22,0.01,0],[0,0.33,0,0,0.01]],[[1.17,0,0.02,0.05,5.18],[0.03,0.01,3.48,0.02,0.18],[5.18,0.26,0.15,0,0.34],[0,0,6.33,0,0.05],[0.01,0.48,0.01,0,0.04],[0,0.52,0,0,0.93],[0.03,0,0,0,0]],[[5.08,9,2.76,0.25,4.43],[0.41,6.91,0,0.58,0.01],[0.03,2.01,1.14,0,0.7],[0.01,0.56,1.4,3.25,0.3],[6.24,0.02,0.67,2.84,0.03],[0,2.31,0.92,0,0.16],[17.32,0.34,0.37,0,0]],[[0.06,0.32,0,0.03,0.08],[0,0.02,1.05,0,2.65],[0.58,1.22,0.01,0,0],[4.48,5.61,0.01,0.08,1.15],[4.1,0.2,0,0,0.04],[0.26,0,0,1.37,0],[0.15,0.02,0,2.21,0]],[[0,0.94,0.07,0.85,0.05],[0.03,0.41,0.37,0.05,0],[0.02,1.69,0,0.48,2.62],[0,0.13,0,3.4,0.07],[0,2.98,0,0.04,1.01],[0,0.31,0,0,0],[0,0,0.93,0,0]],[[7.68,0.99,0.01,2.46,13.12],[2.78,2.14,0.28,0.03,0.01],[0.33,5.27,0.17,0.33,0.11],[1.81,1.92,2.42,0.46,0.81],[0,0.39,0.19,0.01,0.45],[0,0.24,2,0.12,0.56],[0.89,0.02,1.29,0.29,0]],[[0,0,0,0,0],[0,0,0,0,0],[0,0,0,0.05,0],[0,0,0,0,0],[0.3,0,0,0,0],[0,0,0,0,0],[0,0,0,0,0]]]];

