Omegamax = 8;
Produkte = 2;
v = [2,2];
KS = 117;

KH	=	9;								
							
											
kS = [[1000,	57.2372,	67.818,	71.0382,	113.7826,	113.8788,	58.1284,	11.8263,	18.415,	123.4198],
[57.2372,	1000,	46.2746,	90.4893,	109.4487,	63.9478,	85.5736,	67.1704,	61.1488,	79.4736],
[67.818,	46.2746,	1000,	55.0772,	63.2108,	56.2776,	57.2214,	71.1569,	58.0168,	58.8204],
[71.0382,	90.4893,	55.0772,	1000,	51.2275,	109.1766,	14.9386,	64.9797,	52.6937,	105.6924],
[113.7826,	109.4487,	63.2108,	51.2275,	1000,	95.8549,	65.6871,	110.9154,	97.0091,	82.8634],
[113.8788,	63.9478,	56.2776,	109.1766,	95.8549,	1000,	113.2514,	120.7053,	109.6557,	21.205],
[58.1284,	85.5736,	57.2214,	14.9386,	65.6871,	113.2514,	1000,	51.0286,	39.7368,	112.4334],
[11.8263,	67.1704,	71.1569,	64.9797,	110.9154,	120.7053,	51.0286,	1000,	14.2461,	128.6299],
[18.415,	61.1488,	58.0168,	52.6937,	97.0091,	109.6557,	39.7368,	14.2461,	1000,	116.2309],
[123.4198,	79.4736,	58.8204,	105.6924,	82.8634,	21.205,	112.4334,	128.6299,	116.2309,	1000]];
									
kem = [336,	54.9478,	65.1053,	68.1967,	109.2313,	109.3237,	55.8032,	11.3532,	17.6784,	118.4831];
											
											
								

kI = [0.0033,0.0193];
qS = [1,1];

d = [[[[6.6,7.55],[4.93,1.95],[14.87,4.06],[3.83,5.03],[1.73,3.27],[4.32,7.9],[6.21,4.93]],[[3.73,5.01],[0.28,0.05],[0.99,0.42],[0.05,0],[0,0],[0.03,0.37],[0.44,1.81]],[[0,0.02],[0.02,0.09],[0,0],[0,1.73],[5.36,0],[0,0.53],[0,0]],[[0,4.58],[0.42,0.22],[0.02,6.8],[0.14,0],[0.05,0.01],[2.56,0.01],[0.01,0]],[[0,0.61],[0.09,0.03],[0.08,3.52],[0.6,1.11],[0,0],[0.32,9.11],[0,5.85]],[[0.22,2.48],[0.26,0],[0.38,0],[0.67,1.75],[0,0.51],[0.34,1.63],[0,0.04]],[[0,0.5],[0,0.01],[0.32,0.87],[0,0],[0,0],[0.01,1.5],[1.03,10.63]],[[0.53,0],[3.32,0],[0,0],[2.32,0],[10.28,0.01],[0,0.18],[0.54,2.92]],[[1.88,10.29],[1.84,0.29],[1.05,1.1],[0,0.64],[0.1,0],[0,2.31],[0,0]],[[0,0],[0,0],[0,0],[0,0],[0,0.02],[0,0],[0,0]]],[[[1.75,22.78],[11.78,4.81],[6.6,2.34],[6.07,0.76],[3.58,2.88],[0.39,6.88],[4.04,23.77]],[[0.4,0.13],[0,0],[1.63,9.96],[0.22,0.27],[0.07,0.38],[0,0.01],[0.04,0.02]],[[0.02,0.11],[1.15,0],[0,0],[0,0.26],[0.5,0],[0.02,3.12],[0.53,0]],[[0,0.67],[2.15,1.61],[0.01,0],[0,0.27],[0.04,0],[0.03,0],[0,0.08]],[[0.03,0],[0,0.07],[0.52,0],[0,0.03],[0,2.84],[2.75,0],[0,0]],[[7.12,4.43],[0.62,0.34],[2.48,0],[1.95,0.24],[15.03,0.59],[0.69,0.59],[0.15,0]],[[0.28,0.09],[6.92,1.76],[0.03,0],[0,0.1],[0,6.63],[0.04,2],[0.02,0.03]],[[0.01,0.01],[0,1.43],[0,0],[0,0],[0.16,0.41],[0,1.86],[0,3.45]],[[3.28,2.76],[0.28,1.06],[0.03,0],[0.3,0.86],[0.64,4.66],[0.03,2.15],[0,2.15]],[[0,0],[0,0],[0,0],[0,0],[0,0],[0,0],[0,0]]],[[[0.87,3.09],[10.48,11.78],[13.99,4.62],[3.62,2.04],[7.85,0.53],[0.23,7.63],[10.3,8.19]],[[5.45,0.62],[0.01,0.07],[0.03,0],[0.1,0.32],[1.01,9.18],[0.78,0.12],[0,6.7]],[[0,0],[0.05,0],[0.41,0.04],[0,0],[0.22,0],[0.19,0],[0.08,0.99]],[[0.01,0],[0,0],[1.42,0.1],[0,0],[0.22,5.85],[0.01,0],[2.2,0]],[[0.02,0.18],[2.84,0.06],[5.18,0],[0.11,0],[1.03,0],[0,0.1],[0,0]],[[1.14,7.93],[0.21,1.87],[0.23,0.22],[0.59,0.67],[0.39,0.02],[8.22,0.11],[2.67,0.92]],[[0.62,0.01],[0.87,0],[4.4,1.83],[0.01,3.36],[0,3.37],[2.21,0],[0.03,0]],[[0,0],[3.32,1.9],[0.2,1.14],[0.04,0.1],[0.9,0.81],[0.27,0],[0,0]],[[4.54,2.33],[0.14,2.03],[0.75,0.1],[0.04,0],[0,0],[0.12,2],[0,0.66]],[[0,0],[0,0],[0,0],[0.02,0],[0,0],[0,0],[0,0]]],[[[4.98,3.75],[8.16,0.85],[5.24,6.11],[1.26,2.69],[0,8.94],[13.59,12.91],[9.89,11.22]],[[3.08,4],[0.12,1.78],[2.04,0],[0.39,0.11],[0.51,0],[1.56,2.68],[12.37,1.24]],[[0.02,7.3],[0,0],[0.95,0],[1.24,2.51],[2.5,0],[0.35,0],[0,0.01]],[[0,0.03],[0,1.61],[0.01,0.73],[0,0.05],[0.93,0],[0,0.22],[0,0]],[[1.17,0.02],[0.03,3.48],[5.18,0.15],[0,6.33],[0.01,0.01],[0,0],[0.03,0]],[[5.08,2.76],[0.41,0],[0.03,1.14],[0.01,1.4],[6.24,0.67],[0,0.92],[17.32,0.37]],[[0.06,0],[0,1.05],[0.58,0.01],[4.48,0.01],[4.1,0],[0.26,0],[0.15,0]],[[0,0.07],[0.03,0.37],[0.02,0],[0,0],[0,0],[0,0],[0,0.93]],[[7.68,0.01],[2.78,0.28],[0.33,0.17],[1.81,2.42],[0,0.19],[0,2],[0.89,1.29]],[[0,0],[0,0],[0,0],[0,0],[0.3,0],[0,0],[0,0]]],[[[7.35,0.16],[1.6,1.88],[4.98,7.99],[15.37,3.94],[5.36,0.32],[0.62,1.84],[1,2.65]],[[0.04,0],[1.98,0],[0.13,3.08],[6.13,2.69],[0.88,0],[0,4.89],[0.04,0.84]],[[0,1.29],[0,0.02],[0.54,0],[0,0],[0.18,0],[0,0],[0,0.1]],[[0.21,3.01],[3.85,0],[9.3,0],[9.8,1.11],[0,0.12],[6.3,0],[0,6.3]],[[0.01,0.56],[0.14,0],[0.34,0.02],[0,10.6],[0,0],[4.91,0.37],[0.17,0]],[[13.42,5.08],[0.62,0.94],[0.17,1.48],[0.22,0.24],[4.87,2.84],[0.06,0.24],[1.74,9.36]],[[0,0.54],[1.36,0.63],[0,6.19],[2.23,0.32],[1.07,0.72],[7.15,1.5],[0.09,0.26]],[[0.12,0.02],[0.09,0.01],[0,0],[0,9.71],[0,0.37],[0.01,0.05],[0,0]],[[4.54,1.6],[2.03,1.93],[1.88,0.67],[2.03,2.56],[0.02,0.11],[7.93,1.39],[0.14,4.74]],[[0,0],[0,0.11],[0,0],[0,0],[0,0],[0,0],[0,0]]],[[[0.3,2.12],[1.46,9.78],[3.37,7.35],[2.69,8.05],[14.95,25.23],[0.13,2.01],[0.08,0]],[[5.97,2.04],[0.14,1],[0.74,1.46],[0,0.05],[1.9,0.45],[0.09,0.26],[0.03,12.37]],[[0,0],[1.15,0.16],[0,1.29],[0,0.31],[0.03,0],[9.07,1.22],[0,0.05]],[[0.06,0.28],[0.01,0],[0.01,0],[0.22,0],[5.85,0],[0.74,5.07],[0,0]],[[0.01,0],[0,0.35],[0,1.79],[4.03,0.01],[0.01,0],[0,0],[0,0]],[[0.02,0],[1.54,0.21],[0.36,1.08],[0.01,1.33],[0.05,1.76],[5.44,0],[0.4,0.69]],[[0.01,0.35],[3.94,0],[0.01,0.07],[2.23,0],[0,4.56],[0.15,0],[0,0.29]],[[0,0],[0.02,0.34],[0.2,0.01],[0.18,0],[0,0],[1.86,0.05],[0,0]],[[0.14,0.03],[0.07,0],[0.56,0],[0.81,0.64],[0.21,3.48],[0.14,0],[0.05,0.04]],[[0,0],[0,0],[0,0],[0,0],[0,0],[0,0.19],[0,0]]],[[[0.49,6.43],[0.71,7.32],[2.04,0.81],[12.37,6.77],[2.7,0.69],[0.31,0.03],[7.9,1.06]],[[0.99,0.01],[8.12,0],[0,0],[0,0.03],[1.48,0],[0,0],[0,0.01]],[[0,0],[0.16,0.01],[0,3.82],[0,0.19],[0,0],[0,9.07],[0,0]],[[0.42,0.23],[0,0.3],[0.14,0],[0,9.8],[0.48,4.08],[0.02,0],[0,0.56]],[[0.52,0.31],[0.16,0.05],[0.22,0.66],[0.22,0],[0,0.03],[0.01,0],[0.41,0]],[[7.93,2.35],[1.97,0.58],[0.78,0.56],[0.3,5.17],[0.06,0.23],[0.02,1.87],[17.32,0]],[[1.49,0.05],[0.09,0],[1.83,0.32],[0,0.32],[0.02,1.25],[0.48,0.01],[0,0.01]],[[0.01,0.01],[2.11,0.21],[0.4,0.24],[0.05,0.31],[0,0.03],[0,0],[0,0]],[[0.16,1.98],[0.49,0.05],[1.16,1.52],[2.03,0.24],[0,0.01],[0.37,1.49],[0.08,0.06]],[[0,0],[0,0],[0,0],[0,0],[0,0],[0,0],[0,0]]],[[[2.34,2.5],[4.37,7.13],[5.8,2.27],[7.37,1.47],[7.61,0.99],[3.53,4.77],[0.43,1.46]],[[5.97,4.63],[6.41,1],[1.24,1.54],[7.65,6.13],[0,5.71],[2.47,0.13],[0.66,0.78]],[[0,0],[0.1,0],[0,0],[0,0],[0.13,0.05],[0,0.03],[0,0]],[[0,0.01],[0,0.01],[0,0.06],[0.02,0.02],[0.67,0],[0.96,0.01],[0.33,0]],[[0,0.05],[0.01,0.02],[0.26,0],[0,0],[0.48,0],[0.52,0],[0,0]],[[9,0.25],[6.91,0.58],[2.01,0],[0.56,3.25],[0.02,2.84],[2.31,0],[0.34,0]],[[0.32,0.03],[0.02,0],[1.22,0],[5.61,0.08],[0.2,0],[0,1.37],[0.02,2.21]],[[0.94,0.85],[0.41,0.05],[1.69,0.48],[0.13,3.4],[2.98,0.04],[0.31,0],[0,0]],[[0.99,2.46],[2.14,0.03],[5.27,0.33],[1.92,0.46],[0.39,0.01],[0.24,0.12],[0.02,0.29]],[[0,0],[0,0],[0,0.05],[0,0],[0,0],[0,0],[0,0]]]];

