Omegamax = 2;
Produkte = 3;
v = [2,2,1];
KS = 126;

KH	=	9;								
							
											
kS = [[1000,	57.2372,	67.818,	71.0382,	113.7826,	113.8788,	58.1284,	11.8263,	18.415,	123.4198],
[57.2372,	1000,	46.2746,	90.4893,	109.4487,	63.9478,	85.5736,	67.1704,	61.1488,	79.4736],
[67.818,	46.2746,	1000,	55.0772,	63.2108,	56.2776,	57.2214,	71.1569,	58.0168,	58.8204],
[71.0382,	90.4893,	55.0772,	1000,	51.2275,	109.1766,	14.9386,	64.9797,	52.6937,	105.6924],
[113.7826,	109.4487,	63.2108,	51.2275,	1000,	95.8549,	65.6871,	110.9154,	97.0091,	82.8634],
[113.8788,	63.9478,	56.2776,	109.1766,	95.8549,	1000,	113.2514,	120.7053,	109.6557,	21.205],
[58.1284,	85.5736,	57.2214,	14.9386,	65.6871,	113.2514,	1000,	51.0286,	39.7368,	112.4334],
[11.8263,	67.1704,	71.1569,	64.9797,	110.9154,	120.7053,	51.0286,	1000,	14.2461,	128.6299],
[18.415,	61.1488,	58.0168,	52.6937,	97.0091,	109.6557,	39.7368,	14.2461,	1000,	116.2309],
[123.4198,	79.4736,	58.8204,	105.6924,	82.8634,	21.205,	112.4334,	128.6299,	116.2309,	1000]];
									
kem = [336,	54.9478,	65.1053,	68.1967,	109.2313,	109.3237,	55.8032,	11.3532,	17.6784,	118.4831];
											
											
								

kI = [0.0033,0.0193,0.0514];
qS = [1,1,1];

d = [[[[6.6,0.87,7.35],[4.93,10.48,1.6],[14.87,13.99,4.98],[3.83,3.62,15.37],[1.73,7.85,5.36],[4.32,0.23,0.62],[6.21,10.3,1]],[[3.73,5.45,0.04],[0.28,0.01,1.98],[0.99,0.03,0.13],[0.05,0.1,6.13],[0,1.01,0.88],[0.03,0.78,0],[0.44,0,0.04]],[[0,0,0],[0.02,0.05,0],[0,0.41,0.54],[0,0,0],[5.36,0.22,0.18],[0,0.19,0],[0,0.08,0]],[[0,0.01,0.21],[0.42,0,3.85],[0.02,1.42,9.3],[0.14,0,9.8],[0.05,0.22,0],[2.56,0.01,6.3],[0.01,2.2,0]],[[0,0.02,0.01],[0.09,2.84,0.14],[0.08,5.18,0.34],[0.6,0.11,0],[0,1.03,0],[0.32,0,4.91],[0,0,0.17]],[[0.22,1.14,13.42],[0.26,0.21,0.62],[0.38,0.23,0.17],[0.67,0.59,0.22],[0,0.39,4.87],[0.34,8.22,0.06],[0,2.67,1.74]],[[0,0.62,0],[0,0.87,1.36],[0.32,4.4,0],[0,0.01,2.23],[0,0,1.07],[0.01,2.21,7.15],[1.03,0.03,0.09]],[[0.53,0,0.12],[3.32,3.32,0.09],[0,0.2,0],[2.32,0.04,0],[10.28,0.9,0],[0,0.27,0.01],[0.54,0,0]],[[1.88,4.54,4.54],[1.84,0.14,2.03],[1.05,0.75,1.88],[0,0.04,2.03],[0.1,0,0.02],[0,0.12,7.93],[0,0,0.14]],[[0,0,0],[0,0,0],[0,0,0],[0,0.02,0],[0,0,0],[0,0,0],[0,0,0]]],[[[1.75,4.98,0.3],[11.78,8.16,1.46],[6.6,5.24,3.37],[6.07,1.26,2.69],[3.58,0,14.95],[0.39,13.59,0.13],[4.04,9.89,0.08]],[[0.4,3.08,5.97],[0,0.12,0.14],[1.63,2.04,0.74],[0.22,0.39,0],[0.07,0.51,1.9],[0,1.56,0.09],[0.04,12.37,0.03]],[[0.02,0.02,0],[1.15,0,1.15],[0,0.95,0],[0,1.24,0],[0.5,2.5,0.03],[0.02,0.35,9.07],[0.53,0,0]],[[0,0,0.06],[2.15,0,0.01],[0.01,0.01,0.01],[0,0,0.22],[0.04,0.93,5.85],[0.03,0,0.74],[0,0,0]],[[0.03,1.17,0.01],[0,0.03,0],[0.52,5.18,0],[0,0,4.03],[0,0.01,0.01],[2.75,0,0],[0,0.03,0]],[[7.12,5.08,0.02],[0.62,0.41,1.54],[2.48,0.03,0.36],[1.95,0.01,0.01],[15.03,6.24,0.05],[0.69,0,5.44],[0.15,17.32,0.4]],[[0.28,0.06,0.01],[6.92,0,3.94],[0.03,0.58,0.01],[0,4.48,2.23],[0,4.1,0],[0.04,0.26,0.15],[0.02,0.15,0]],[[0.01,0,0],[0,0.03,0.02],[0,0.02,0.2],[0,0,0.18],[0.16,0,0],[0,0,1.86],[0,0,0]],[[3.28,7.68,0.14],[0.28,2.78,0.07],[0.03,0.33,0.56],[0.3,1.81,0.81],[0.64,0,0.21],[0.03,0,0.14],[0,0.89,0.05]],[[0,0,0],[0,0,0],[0,0,0],[0,0,0],[0,0.3,0],[0,0,0],[0,0,0]]]];

