Omegamax = 3;
Produkte = 2;
v = [2,2];
KS = 117;

KH	=	9;								
							
											
kS	=	[[1000,	38.3697,	57.8946,	30.1217,	18.8233,	28.0246,	94.1813,	31.1978,	82.6637,	6.6888],
[38.3697,	1000,	42.0865,	66.0012,	40.6863,	52.9436,	57.2311,	32.8856,	120.1414,	34.9844],		
[57.8946,	42.0865,	1000,	87.3048,	44.2297,	83.5652,	80.965,	71.1879,	121.4214,	51.2905],		
[30.1217,	66.0012,	87.3048,	1000,	44.2753,	21.9064,	117.9197,	44.6716,	65.5233,	36.336],		
[18.8233,	40.6863,	44.2297,	44.2753,	1000,	46.7413,	97.7309,	46.9758,	82.1338,	13.2944],		
[28.0246,	52.9436,	83.5652,	21.9064,	46.7413,	1000,	99.4712,	24.9261,	87.4116,	34.3822],		
[94.1813,	57.2311,	80.965,	117.9197,	97.7309,	99.4712,	1000,	74.549,	176.7898,	91.8054],		
[31.1978,	32.8856,	71.1879,	44.6716,	46.9758,	24.9261,	74.549,	1000,	108.3524,	34.1155],		
[82.6637,	120.1414,	121.4214,	65.5233,	82.1338,	87.4116,	176.7898,	108.3524,	1000,	85.1678],		
[6.6888,	34.9844,	51.2905,	36.336,	13.2944,	34.3822,	91.8054,	34.1155,	85.1678,	1000]];		
											
kem	=	[336,	36.8349,	55.5788,	28.9168,	18.0703,	26.9037,	90.414,	29.9499,	79.3572,	6.4213];
											
											
								

kI = [0.0033,0.0193];
qS = [1,1];

d = [[[[6.6,4.98],[4.93,8.16],[14.87,5.24],[3.83,1.26],[1.73,0],[4.32,13.59],[6.21,9.89]],[[3.73,3.08],[0.28,0.12],[0.99,2.04],[0.05,0.39],[0,0.51],[0.03,1.56],[0.44,12.37]],[[0,0.02],[0.02,0],[0,0.95],[0,1.24],[5.36,2.5],[0,0.35],[0,0]],[[0,0],[0.42,0],[0.02,0.01],[0.14,0],[0.05,0.93],[2.56,0],[0.01,0]],[[0,1.17],[0.09,0.03],[0.08,5.18],[0.6,0],[0,0.01],[0.32,0],[0,0.03]],[[0.22,5.08],[0.26,0.41],[0.38,0.03],[0.67,0.01],[0,6.24],[0.34,0],[0,17.32]],[[0,0.06],[0,0],[0.32,0.58],[0,4.48],[0,4.1],[0.01,0.26],[1.03,0.15]],[[0.53,0],[3.32,0.03],[0,0.02],[2.32,0],[10.28,0],[0,0],[0.54,0]],[[1.88,7.68],[1.84,2.78],[1.05,0.33],[0,1.81],[0.1,0],[0,0],[0,0.89]],[[0,0],[0,0],[0,0],[0,0],[0,0.3],[0,0],[0,0]]],[[[1.75,7.35],[11.78,1.6],[6.6,4.98],[6.07,15.37],[3.58,5.36],[0.39,0.62],[4.04,1]],[[0.4,0.04],[0,1.98],[1.63,0.13],[0.22,6.13],[0.07,0.88],[0,0],[0.04,0.04]],[[0.02,0],[1.15,0],[0,0.54],[0,0],[0.5,0.18],[0.02,0],[0.53,0]],[[0,0.21],[2.15,3.85],[0.01,9.3],[0,9.8],[0.04,0],[0.03,6.3],[0,0]],[[0.03,0.01],[0,0.14],[0.52,0.34],[0,0],[0,0],[2.75,4.91],[0,0.17]],[[7.12,13.42],[0.62,0.62],[2.48,0.17],[1.95,0.22],[15.03,4.87],[0.69,0.06],[0.15,1.74]],[[0.28,0],[6.92,1.36],[0.03,0],[0,2.23],[0,1.07],[0.04,7.15],[0.02,0.09]],[[0.01,0.12],[0,0.09],[0,0],[0,0],[0.16,0],[0,0.01],[0,0]],[[3.28,4.54],[0.28,2.03],[0.03,1.88],[0.3,2.03],[0.64,0.02],[0.03,7.93],[0,0.14]],[[0,0],[0,0],[0,0],[0,0],[0,0],[0,0],[0,0]]],[[[0.87,0.3],[10.48,1.46],[13.99,3.37],[3.62,2.69],[7.85,14.95],[0.23,0.13],[10.3,0.08]],[[5.45,5.97],[0.01,0.14],[0.03,0.74],[0.1,0],[1.01,1.9],[0.78,0.09],[0,0.03]],[[0,0],[0.05,1.15],[0.41,0],[0,0],[0.22,0.03],[0.19,9.07],[0.08,0]],[[0.01,0.06],[0,0.01],[1.42,0.01],[0,0.22],[0.22,5.85],[0.01,0.74],[2.2,0]],[[0.02,0.01],[2.84,0],[5.18,0],[0.11,4.03],[1.03,0.01],[0,0],[0,0]],[[1.14,0.02],[0.21,1.54],[0.23,0.36],[0.59,0.01],[0.39,0.05],[8.22,5.44],[2.67,0.4]],[[0.62,0.01],[0.87,3.94],[4.4,0.01],[0.01,2.23],[0,0],[2.21,0.15],[0.03,0]],[[0,0],[3.32,0.02],[0.2,0.2],[0.04,0.18],[0.9,0],[0.27,1.86],[0,0]],[[4.54,0.14],[0.14,0.07],[0.75,0.56],[0.04,0.81],[0,0.21],[0.12,0.14],[0,0.05]],[[0,0],[0,0],[0,0],[0.02,0],[0,0],[0,0],[0,0]]]];

