Omegamax = 2;
Produkte = 2;
v = [2,2];
KS = 117;

KH	=	9;								
							
											
kS = [[1000,	61.0982,	135.3811,	125.4204,	136.6548,	117.0763,	56.9162,	31.051,	62.8976,	111.512],
[61.0982,	1000,	93.9225,	90.9353,	148.5481,	121.9531,	18.7415,	88.1098,	108.0461,	125.9754],
[135.3811,	93.9225,	1000,	17.3325,	119.2363,	93.723,	83.6537,	147.5133,	143.5935,	110.1599],
[125.4204,	90.9353,	17.3325,	1000,	102.3983,	76.5169,	77.8317,	134.7515,	128.243,	92.8303],
[136.6548,	148.5481,	119.2363,	102.3983,	1000,	28.1437,	129.8136,	121.5764,	90.0895,	25.1435],
[117.0763,	121.9531,	93.723,	76.5169,	28.1437,	1000,	103.2318,	107.2947,	81.5113,	18.9332],
[56.9162,	18.7415,	83.6537,	77.8317,	129.8136,	103.2318,	1000,	79.282,	94.1049,	107.3586],
[31.051,	88.1098,	147.5133,	134.7515,	121.5764,	107.2947,	79.282,	1000,	36.2807,	97.1766],
[62.8976,	108.0461,	143.5935,	128.243,	90.0895,	81.5113,	94.1049,	36.2807,	1000,	67.5128],
[111.512,	125.9754,	110.1599,	92.8303,	25.1435,	18.9332,	107.3586,	97.1766,	67.5128,	1000]];
									
kem = [336,	58.6543,	129.9659,	120.4035,	131.1886,	112.3933,	54.6396,	29.8089,	60.3817,	107.0515];
											
											
								

kI = [0.0033,0.0193];
qS = [1,1];

d = [[[[6.6,0.87],[4.93,10.48],[14.87,13.99],[3.83,3.62],[1.73,7.85],[4.32,0.23],[6.21,10.3]],[[3.73,5.45],[0.28,0.01],[0.99,0.03],[0.05,0.1],[0,1.01],[0.03,0.78],[0.44,0]],[[0,0],[0.02,0.05],[0,0.41],[0,0],[5.36,0.22],[0,0.19],[0,0.08]],[[0,0.01],[0.42,0],[0.02,1.42],[0.14,0],[0.05,0.22],[2.56,0.01],[0.01,2.2]],[[0,0.02],[0.09,2.84],[0.08,5.18],[0.6,0.11],[0,1.03],[0.32,0],[0,0]],[[0.22,1.14],[0.26,0.21],[0.38,0.23],[0.67,0.59],[0,0.39],[0.34,8.22],[0,2.67]],[[0,0.62],[0,0.87],[0.32,4.4],[0,0.01],[0,0],[0.01,2.21],[1.03,0.03]],[[0.53,0],[3.32,3.32],[0,0.2],[2.32,0.04],[10.28,0.9],[0,0.27],[0.54,0]],[[1.88,4.54],[1.84,0.14],[1.05,0.75],[0,0.04],[0.1,0],[0,0.12],[0,0]],[[0,0],[0,0],[0,0],[0,0.02],[0,0],[0,0],[0,0]]],[[[1.75,4.98],[11.78,8.16],[6.6,5.24],[6.07,1.26],[3.58,0],[0.39,13.59],[4.04,9.89]],[[0.4,3.08],[0,0.12],[1.63,2.04],[0.22,0.39],[0.07,0.51],[0,1.56],[0.04,12.37]],[[0.02,0.02],[1.15,0],[0,0.95],[0,1.24],[0.5,2.5],[0.02,0.35],[0.53,0]],[[0,0],[2.15,0],[0.01,0.01],[0,0],[0.04,0.93],[0.03,0],[0,0]],[[0.03,1.17],[0,0.03],[0.52,5.18],[0,0],[0,0.01],[2.75,0],[0,0.03]],[[7.12,5.08],[0.62,0.41],[2.48,0.03],[1.95,0.01],[15.03,6.24],[0.69,0],[0.15,17.32]],[[0.28,0.06],[6.92,0],[0.03,0.58],[0,4.48],[0,4.1],[0.04,0.26],[0.02,0.15]],[[0.01,0],[0,0.03],[0,0.02],[0,0],[0.16,0],[0,0],[0,0]],[[3.28,7.68],[0.28,2.78],[0.03,0.33],[0.3,1.81],[0.64,0],[0.03,0],[0,0.89]],[[0,0],[0,0],[0,0],[0,0],[0,0.3],[0,0],[0,0]]]];

