Omegamax = 4;
Produkte = 3;
v = [2,2,1];
KS = 126;

KH	=	9;								
							
											
kS = [[1000,	61.0982,	135.3811,	125.4204,	136.6548,	117.0763,	56.9162,	31.051,	62.8976,	111.512],
[61.0982,	1000,	93.9225,	90.9353,	148.5481,	121.9531,	18.7415,	88.1098,	108.0461,	125.9754],
[135.3811,	93.9225,	1000,	17.3325,	119.2363,	93.723,	83.6537,	147.5133,	143.5935,	110.1599],
[125.4204,	90.9353,	17.3325,	1000,	102.3983,	76.5169,	77.8317,	134.7515,	128.243,	92.8303],
[136.6548,	148.5481,	119.2363,	102.3983,	1000,	28.1437,	129.8136,	121.5764,	90.0895,	25.1435],
[117.0763,	121.9531,	93.723,	76.5169,	28.1437,	1000,	103.2318,	107.2947,	81.5113,	18.9332],
[56.9162,	18.7415,	83.6537,	77.8317,	129.8136,	103.2318,	1000,	79.282,	94.1049,	107.3586],
[31.051,	88.1098,	147.5133,	134.7515,	121.5764,	107.2947,	79.282,	1000,	36.2807,	97.1766],
[62.8976,	108.0461,	143.5935,	128.243,	90.0895,	81.5113,	94.1049,	36.2807,	1000,	67.5128],
[111.512,	125.9754,	110.1599,	92.8303,	25.1435,	18.9332,	107.3586,	97.1766,	67.5128,	1000]];
									
kem = [336,	58.6543,	129.9659,	120.4035,	131.1886,	112.3933,	54.6396,	29.8089,	60.3817,	107.0515];
											
											
								

kI = [0.0033,0.0193,0.0514];
qS = [1,1,1];

d = [[[[6.6,7.35,7.55],[4.93,1.6,1.95],[14.87,4.98,4.06],[3.83,15.37,5.03],[1.73,5.36,3.27],[4.32,0.62,7.9],[6.21,1,4.93]],[[3.73,0.04,5.01],[0.28,1.98,0.05],[0.99,0.13,0.42],[0.05,6.13,0],[0,0.88,0],[0.03,0,0.37],[0.44,0.04,1.81]],[[0,0,0.02],[0.02,0,0.09],[0,0.54,0],[0,0,1.73],[5.36,0.18,0],[0,0,0.53],[0,0,0]],[[0,0.21,4.58],[0.42,3.85,0.22],[0.02,9.3,6.8],[0.14,9.8,0],[0.05,0,0.01],[2.56,6.3,0.01],[0.01,0,0]],[[0,0.01,0.61],[0.09,0.14,0.03],[0.08,0.34,3.52],[0.6,0,1.11],[0,0,0],[0.32,4.91,9.11],[0,0.17,5.85]],[[0.22,13.42,2.48],[0.26,0.62,0],[0.38,0.17,0],[0.67,0.22,1.75],[0,4.87,0.51],[0.34,0.06,1.63],[0,1.74,0.04]],[[0,0,0.5],[0,1.36,0.01],[0.32,0,0.87],[0,2.23,0],[0,1.07,0],[0.01,7.15,1.5],[1.03,0.09,10.63]],[[0.53,0.12,0],[3.32,0.09,0],[0,0,0],[2.32,0,0],[10.28,0,0.01],[0,0.01,0.18],[0.54,0,2.92]],[[1.88,4.54,10.29],[1.84,2.03,0.29],[1.05,1.88,1.1],[0,2.03,0.64],[0.1,0.02,0],[0,7.93,2.31],[0,0.14,0]],[[0,0,0],[0,0,0],[0,0,0],[0,0,0],[0,0,0.02],[0,0,0],[0,0,0]]],[[[1.75,0.3,22.78],[11.78,1.46,4.81],[6.6,3.37,2.34],[6.07,2.69,0.76],[3.58,14.95,2.88],[0.39,0.13,6.88],[4.04,0.08,23.77]],[[0.4,5.97,0.13],[0,0.14,0],[1.63,0.74,9.96],[0.22,0,0.27],[0.07,1.9,0.38],[0,0.09,0.01],[0.04,0.03,0.02]],[[0.02,0,0.11],[1.15,1.15,0],[0,0,0],[0,0,0.26],[0.5,0.03,0],[0.02,9.07,3.12],[0.53,0,0]],[[0,0.06,0.67],[2.15,0.01,1.61],[0.01,0.01,0],[0,0.22,0.27],[0.04,5.85,0],[0.03,0.74,0],[0,0,0.08]],[[0.03,0.01,0],[0,0,0.07],[0.52,0,0],[0,4.03,0.03],[0,0.01,2.84],[2.75,0,0],[0,0,0]],[[7.12,0.02,4.43],[0.62,1.54,0.34],[2.48,0.36,0],[1.95,0.01,0.24],[15.03,0.05,0.59],[0.69,5.44,0.59],[0.15,0.4,0]],[[0.28,0.01,0.09],[6.92,3.94,1.76],[0.03,0.01,0],[0,2.23,0.1],[0,0,6.63],[0.04,0.15,2],[0.02,0,0.03]],[[0.01,0,0.01],[0,0.02,1.43],[0,0.2,0],[0,0.18,0],[0.16,0,0.41],[0,1.86,1.86],[0,0,3.45]],[[3.28,0.14,2.76],[0.28,0.07,1.06],[0.03,0.56,0],[0.3,0.81,0.86],[0.64,0.21,4.66],[0.03,0.14,2.15],[0,0.05,2.15]],[[0,0,0],[0,0,0],[0,0,0],[0,0,0],[0,0,0],[0,0,0],[0,0,0]]],[[[0.87,0.49,3.09],[10.48,0.71,11.78],[13.99,2.04,4.62],[3.62,12.37,2.04],[7.85,2.7,0.53],[0.23,0.31,7.63],[10.3,7.9,8.19]],[[5.45,0.99,0.62],[0.01,8.12,0.07],[0.03,0,0],[0.1,0,0.32],[1.01,1.48,9.18],[0.78,0,0.12],[0,0,6.7]],[[0,0,0],[0.05,0.16,0],[0.41,0,0.04],[0,0,0],[0.22,0,0],[0.19,0,0],[0.08,0,0.99]],[[0.01,0.42,0],[0,0,0],[1.42,0.14,0.1],[0,0,0],[0.22,0.48,5.85],[0.01,0.02,0],[2.2,0,0]],[[0.02,0.52,0.18],[2.84,0.16,0.06],[5.18,0.22,0],[0.11,0.22,0],[1.03,0,0],[0,0.01,0.1],[0,0.41,0]],[[1.14,7.93,7.93],[0.21,1.97,1.87],[0.23,0.78,0.22],[0.59,0.3,0.67],[0.39,0.06,0.02],[8.22,0.02,0.11],[2.67,17.32,0.92]],[[0.62,1.49,0.01],[0.87,0.09,0],[4.4,1.83,1.83],[0.01,0,3.36],[0,0.02,3.37],[2.21,0.48,0],[0.03,0,0]],[[0,0.01,0],[3.32,2.11,1.9],[0.2,0.4,1.14],[0.04,0.05,0.1],[0.9,0,0.81],[0.27,0,0],[0,0,0]],[[4.54,0.16,2.33],[0.14,0.49,2.03],[0.75,1.16,0.1],[0.04,2.03,0],[0,0,0],[0.12,0.37,2],[0,0.08,0.66]],[[0,0,0],[0,0,0],[0,0,0],[0.02,0,0],[0,0,0],[0,0,0],[0,0,0]]],[[[4.98,2.34,3.75],[8.16,4.37,0.85],[5.24,5.8,6.11],[1.26,7.37,2.69],[0,7.61,8.94],[13.59,3.53,12.91],[9.89,0.43,11.22]],[[3.08,5.97,4],[0.12,6.41,1.78],[2.04,1.24,0],[0.39,7.65,0.11],[0.51,0,0],[1.56,2.47,2.68],[12.37,0.66,1.24]],[[0.02,0,7.3],[0,0.1,0],[0.95,0,0],[1.24,0,2.51],[2.5,0.13,0],[0.35,0,0],[0,0,0.01]],[[0,0,0.03],[0,0,1.61],[0.01,0,0.73],[0,0.02,0.05],[0.93,0.67,0],[0,0.96,0.22],[0,0.33,0]],[[1.17,0,0.02],[0.03,0.01,3.48],[5.18,0.26,0.15],[0,0,6.33],[0.01,0.48,0.01],[0,0.52,0],[0.03,0,0]],[[5.08,9,2.76],[0.41,6.91,0],[0.03,2.01,1.14],[0.01,0.56,1.4],[6.24,0.02,0.67],[0,2.31,0.92],[17.32,0.34,0.37]],[[0.06,0.32,0],[0,0.02,1.05],[0.58,1.22,0.01],[4.48,5.61,0.01],[4.1,0.2,0],[0.26,0,0],[0.15,0.02,0]],[[0,0.94,0.07],[0.03,0.41,0.37],[0.02,1.69,0],[0,0.13,0],[0,2.98,0],[0,0.31,0],[0,0,0.93]],[[7.68,0.99,0.01],[2.78,2.14,0.28],[0.33,5.27,0.17],[1.81,1.92,2.42],[0,0.39,0.19],[0,0.24,2],[0.89,0.02,1.29]],[[0,0,0],[0,0,0],[0,0,0],[0,0,0],[0.3,0,0],[0,0,0],[0,0,0]]]];

