Omegamax = 1;
Produkte = 4;
v = [2,2,1,1];
KS = 132.8;

KH	=	9;								
							
											
kS = [[1000,	100.3154,	67.9336,	78.6797,	66.2313,	39.1673,	15.8027,	29.5922,	86.2152,	73.4044],
[100.3154,	1000,	74.3155,	63.6129,	52.5148,	75.8219,	84.5888,	108.1348,	29.2909,	64.5159],
[67.9336,	74.3155,	1000,	15.2169,	22.6999,	29.2509,	57.317,	53.6605,	45.899,	11.1019],
[78.6797,	63.6129,	15.2169,	1000,	18.5917,	39.5901,	66.206,	67.7875,	34.3532,	5.3364],
[66.2313,	52.5148,	22.6999,	18.5917,	1000,	29.6067,	52.0814,	62.0716,	25.8883,	15.7955],
[39.1673,	75.8219,	29.2509,	39.5901,	29.6067,	1000,	28.1405,	33.0635,	53.8425,	34.2857],
[15.8027,	84.5888,	57.317,	66.206,	52.0814,	28.1405,	1000,	34.0634,	70.7486,	61.0963],
[29.5922,	108.1348,	53.6605,	67.7875,	62.0716,	33.0635,	34.0634,	1000,	86.8817,	62.6072],
[86.2152,	29.2909,	45.899,	34.3532,	25.8883,	53.8425,	70.7486,	86.8817,	1000,	35.5839],
[73.4044,	64.5159,	11.1019,	5.3364,	15.7955,	34.2857,	61.0963,	62.6072,	35.5839,	1000]];
									
kem = [336,	96.3028,	65.2162,	75.5325,	63.582,	37.6006,	15.1706,	28.4085,	82.7666,	70.4682];
										
											
								

kI = [0.0033,0.0193,0.0514,0.1153];
qS = [1,1,1,1];

d = [[[[6.6,1.75,0.87,4.98],[4.93,11.78,10.48,8.16],[14.87,6.6,13.99,5.24],[3.83,6.07,3.62,1.26],[1.73,3.58,7.85,0],[4.32,0.39,0.23,13.59],[6.21,4.04,10.3,9.89]],[[3.73,0.4,5.45,3.08],[0.28,0,0.01,0.12],[0.99,1.63,0.03,2.04],[0.05,0.22,0.1,0.39],[0,0.07,1.01,0.51],[0.03,0,0.78,1.56],[0.44,0.04,0,12.37]],[[0,0.02,0,0.02],[0.02,1.15,0.05,0],[0,0,0.41,0.95],[0,0,0,1.24],[5.36,0.5,0.22,2.5],[0,0.02,0.19,0.35],[0,0.53,0.08,0]],[[0,0,0.01,0],[0.42,2.15,0,0],[0.02,0.01,1.42,0.01],[0.14,0,0,0],[0.05,0.04,0.22,0.93],[2.56,0.03,0.01,0],[0.01,0,2.2,0]],[[0,0.03,0.02,1.17],[0.09,0,2.84,0.03],[0.08,0.52,5.18,5.18],[0.6,0,0.11,0],[0,0,1.03,0.01],[0.32,2.75,0,0],[0,0,0,0.03]],[[0.22,7.12,1.14,5.08],[0.26,0.62,0.21,0.41],[0.38,2.48,0.23,0.03],[0.67,1.95,0.59,0.01],[0,15.03,0.39,6.24],[0.34,0.69,8.22,0],[0,0.15,2.67,17.32]],[[0,0.28,0.62,0.06],[0,6.92,0.87,0],[0.32,0.03,4.4,0.58],[0,0,0.01,4.48],[0,0,0,4.1],[0.01,0.04,2.21,0.26],[1.03,0.02,0.03,0.15]],[[0.53,0.01,0,0],[3.32,0,3.32,0.03],[0,0,0.2,0.02],[2.32,0,0.04,0],[10.28,0.16,0.9,0],[0,0,0.27,0],[0.54,0,0,0]],[[1.88,3.28,4.54,7.68],[1.84,0.28,0.14,2.78],[1.05,0.03,0.75,0.33],[0,0.3,0.04,1.81],[0.1,0.64,0,0],[0,0.03,0.12,0],[0,0,0,0.89]],[[0,0,0,0],[0,0,0,0],[0,0,0,0],[0,0,0.02,0],[0,0,0,0.3],[0,0,0,0],[0,0,0,0]]]];

