Omegamax = 2;
Produkte = 5;
v = [2,2,1,1,1];
KS = 137.3;

KH	=	9;								
							
											
kS = [[1000,	100.3154,	67.9336,	78.6797,	66.2313,	39.1673,	15.8027,	29.5922,	86.2152,	73.4044],
[100.3154,	1000,	74.3155,	63.6129,	52.5148,	75.8219,	84.5888,	108.1348,	29.2909,	64.5159],
[67.9336,	74.3155,	1000,	15.2169,	22.6999,	29.2509,	57.317,	53.6605,	45.899,	11.1019],
[78.6797,	63.6129,	15.2169,	1000,	18.5917,	39.5901,	66.206,	67.7875,	34.3532,	5.3364],
[66.2313,	52.5148,	22.6999,	18.5917,	1000,	29.6067,	52.0814,	62.0716,	25.8883,	15.7955],
[39.1673,	75.8219,	29.2509,	39.5901,	29.6067,	1000,	28.1405,	33.0635,	53.8425,	34.2857],
[15.8027,	84.5888,	57.317,	66.206,	52.0814,	28.1405,	1000,	34.0634,	70.7486,	61.0963],
[29.5922,	108.1348,	53.6605,	67.7875,	62.0716,	33.0635,	34.0634,	1000,	86.8817,	62.6072],
[86.2152,	29.2909,	45.899,	34.3532,	25.8883,	53.8425,	70.7486,	86.8817,	1000,	35.5839],
[73.4044,	64.5159,	11.1019,	5.3364,	15.7955,	34.2857,	61.0963,	62.6072,	35.5839,	1000]];
									
kem = [336,	96.3028,	65.2162,	75.5325,	63.582,	37.6006,	15.1706,	28.4085,	82.7666,	70.4682];
										
											
								

kI = [0.0033,0.0193,0.0514,0.1153,0.2933];
qS = [1,1,1,1,1];

d = [[[[6.6,0.87,7.35,0.49,7.55],[4.93,10.48,1.6,0.71,1.95],[14.87,13.99,4.98,2.04,4.06],[3.83,3.62,15.37,12.37,5.03],[1.73,7.85,5.36,2.7,3.27],[4.32,0.23,0.62,0.31,7.9],[6.21,10.3,1,7.9,4.93]],[[3.73,5.45,0.04,0.99,5.01],[0.28,0.01,1.98,8.12,0.05],[0.99,0.03,0.13,0,0.42],[0.05,0.1,6.13,0,0],[0,1.01,0.88,1.48,0],[0.03,0.78,0,0,0.37],[0.44,0,0.04,0,1.81]],[[0,0,0,0,0.02],[0.02,0.05,0,0.16,0.09],[0,0.41,0.54,0,0],[0,0,0,0,1.73],[5.36,0.22,0.18,0,0],[0,0.19,0,0,0.53],[0,0.08,0,0,0]],[[0,0.01,0.21,0.42,4.58],[0.42,0,3.85,0,0.22],[0.02,1.42,9.3,0.14,6.8],[0.14,0,9.8,0,0],[0.05,0.22,0,0.48,0.01],[2.56,0.01,6.3,0.02,0.01],[0.01,2.2,0,0,0]],[[0,0.02,0.01,0.52,0.61],[0.09,2.84,0.14,0.16,0.03],[0.08,5.18,0.34,0.22,3.52],[0.6,0.11,0,0.22,1.11],[0,1.03,0,0,0],[0.32,0,4.91,0.01,9.11],[0,0,0.17,0.41,5.85]],[[0.22,1.14,13.42,7.93,2.48],[0.26,0.21,0.62,1.97,0],[0.38,0.23,0.17,0.78,0],[0.67,0.59,0.22,0.3,1.75],[0,0.39,4.87,0.06,0.51],[0.34,8.22,0.06,0.02,1.63],[0,2.67,1.74,17.32,0.04]],[[0,0.62,0,1.49,0.5],[0,0.87,1.36,0.09,0.01],[0.32,4.4,0,1.83,0.87],[0,0.01,2.23,0,0],[0,0,1.07,0.02,0],[0.01,2.21,7.15,0.48,1.5],[1.03,0.03,0.09,0,10.63]],[[0.53,0,0.12,0.01,0],[3.32,3.32,0.09,2.11,0],[0,0.2,0,0.4,0],[2.32,0.04,0,0.05,0],[10.28,0.9,0,0,0.01],[0,0.27,0.01,0,0.18],[0.54,0,0,0,2.92]],[[1.88,4.54,4.54,0.16,10.29],[1.84,0.14,2.03,0.49,0.29],[1.05,0.75,1.88,1.16,1.1],[0,0.04,2.03,2.03,0.64],[0.1,0,0.02,0,0],[0,0.12,7.93,0.37,2.31],[0,0,0.14,0.08,0]],[[0,0,0,0,0],[0,0,0,0,0],[0,0,0,0,0],[0,0.02,0,0,0],[0,0,0,0,0.02],[0,0,0,0,0],[0,0,0,0,0]]],[[[1.75,4.98,0.3,2.34,22.78],[11.78,8.16,1.46,4.37,4.81],[6.6,5.24,3.37,5.8,2.34],[6.07,1.26,2.69,7.37,0.76],[3.58,0,14.95,7.61,2.88],[0.39,13.59,0.13,3.53,6.88],[4.04,9.89,0.08,0.43,23.77]],[[0.4,3.08,5.97,5.97,0.13],[0,0.12,0.14,6.41,0],[1.63,2.04,0.74,1.24,9.96],[0.22,0.39,0,7.65,0.27],[0.07,0.51,1.9,0,0.38],[0,1.56,0.09,2.47,0.01],[0.04,12.37,0.03,0.66,0.02]],[[0.02,0.02,0,0,0.11],[1.15,0,1.15,0.1,0],[0,0.95,0,0,0],[0,1.24,0,0,0.26],[0.5,2.5,0.03,0.13,0],[0.02,0.35,9.07,0,3.12],[0.53,0,0,0,0]],[[0,0,0.06,0,0.67],[2.15,0,0.01,0,1.61],[0.01,0.01,0.01,0,0],[0,0,0.22,0.02,0.27],[0.04,0.93,5.85,0.67,0],[0.03,0,0.74,0.96,0],[0,0,0,0.33,0.08]],[[0.03,1.17,0.01,0,0],[0,0.03,0,0.01,0.07],[0.52,5.18,0,0.26,0],[0,0,4.03,0,0.03],[0,0.01,0.01,0.48,2.84],[2.75,0,0,0.52,0],[0,0.03,0,0,0]],[[7.12,5.08,0.02,9,4.43],[0.62,0.41,1.54,6.91,0.34],[2.48,0.03,0.36,2.01,0],[1.95,0.01,0.01,0.56,0.24],[15.03,6.24,0.05,0.02,0.59],[0.69,0,5.44,2.31,0.59],[0.15,17.32,0.4,0.34,0]],[[0.28,0.06,0.01,0.32,0.09],[6.92,0,3.94,0.02,1.76],[0.03,0.58,0.01,1.22,0],[0,4.48,2.23,5.61,0.1],[0,4.1,0,0.2,6.63],[0.04,0.26,0.15,0,2],[0.02,0.15,0,0.02,0.03]],[[0.01,0,0,0.94,0.01],[0,0.03,0.02,0.41,1.43],[0,0.02,0.2,1.69,0],[0,0,0.18,0.13,0],[0.16,0,0,2.98,0.41],[0,0,1.86,0.31,1.86],[0,0,0,0,3.45]],[[3.28,7.68,0.14,0.99,2.76],[0.28,2.78,0.07,2.14,1.06],[0.03,0.33,0.56,5.27,0],[0.3,1.81,0.81,1.92,0.86],[0.64,0,0.21,0.39,4.66],[0.03,0,0.14,0.24,2.15],[0,0.89,0.05,0.02,2.15]],[[0,0,0,0,0],[0,0,0,0,0],[0,0,0,0,0],[0,0,0,0,0],[0,0.3,0,0,0],[0,0,0,0,0],[0,0,0,0,0]]]];

