Omegamax = 6;
Produkte = 2;
v = [2,2];
KS = 117;

KH	=	9;								
							
											
kS = [[1000,	57.2372,	67.818,	71.0382,	113.7826,	113.8788,	58.1284,	11.8263,	18.415,	123.4198],
[57.2372,	1000,	46.2746,	90.4893,	109.4487,	63.9478,	85.5736,	67.1704,	61.1488,	79.4736],
[67.818,	46.2746,	1000,	55.0772,	63.2108,	56.2776,	57.2214,	71.1569,	58.0168,	58.8204],
[71.0382,	90.4893,	55.0772,	1000,	51.2275,	109.1766,	14.9386,	64.9797,	52.6937,	105.6924],
[113.7826,	109.4487,	63.2108,	51.2275,	1000,	95.8549,	65.6871,	110.9154,	97.0091,	82.8634],
[113.8788,	63.9478,	56.2776,	109.1766,	95.8549,	1000,	113.2514,	120.7053,	109.6557,	21.205],
[58.1284,	85.5736,	57.2214,	14.9386,	65.6871,	113.2514,	1000,	51.0286,	39.7368,	112.4334],
[11.8263,	67.1704,	71.1569,	64.9797,	110.9154,	120.7053,	51.0286,	1000,	14.2461,	128.6299],
[18.415,	61.1488,	58.0168,	52.6937,	97.0091,	109.6557,	39.7368,	14.2461,	1000,	116.2309],
[123.4198,	79.4736,	58.8204,	105.6924,	82.8634,	21.205,	112.4334,	128.6299,	116.2309,	1000]];
									
kem = [336,	54.9478,	65.1053,	68.1967,	109.2313,	109.3237,	55.8032,	11.3532,	17.6784,	118.4831];
											
											
								

kI = [0.0033,0.0193];
qS = [1,1];

d = [[[[6.6,0.49],[4.93,0.71],[14.87,2.04],[3.83,12.37],[1.73,2.7],[4.32,0.31],[6.21,7.9]],[[3.73,0.99],[0.28,8.12],[0.99,0],[0.05,0],[0,1.48],[0.03,0],[0.44,0]],[[0,0],[0.02,0.16],[0,0],[0,0],[5.36,0],[0,0],[0,0]],[[0,0.42],[0.42,0],[0.02,0.14],[0.14,0],[0.05,0.48],[2.56,0.02],[0.01,0]],[[0,0.52],[0.09,0.16],[0.08,0.22],[0.6,0.22],[0,0],[0.32,0.01],[0,0.41]],[[0.22,7.93],[0.26,1.97],[0.38,0.78],[0.67,0.3],[0,0.06],[0.34,0.02],[0,17.32]],[[0,1.49],[0,0.09],[0.32,1.83],[0,0],[0,0.02],[0.01,0.48],[1.03,0]],[[0.53,0.01],[3.32,2.11],[0,0.4],[2.32,0.05],[10.28,0],[0,0],[0.54,0]],[[1.88,0.16],[1.84,0.49],[1.05,1.16],[0,2.03],[0.1,0],[0,0.37],[0,0.08]],[[0,0],[0,0],[0,0],[0,0],[0,0],[0,0],[0,0]]],[[[1.75,2.34],[11.78,4.37],[6.6,5.8],[6.07,7.37],[3.58,7.61],[0.39,3.53],[4.04,0.43]],[[0.4,5.97],[0,6.41],[1.63,1.24],[0.22,7.65],[0.07,0],[0,2.47],[0.04,0.66]],[[0.02,0],[1.15,0.1],[0,0],[0,0],[0.5,0.13],[0.02,0],[0.53,0]],[[0,0],[2.15,0],[0.01,0],[0,0.02],[0.04,0.67],[0.03,0.96],[0,0.33]],[[0.03,0],[0,0.01],[0.52,0.26],[0,0],[0,0.48],[2.75,0.52],[0,0]],[[7.12,9],[0.62,6.91],[2.48,2.01],[1.95,0.56],[15.03,0.02],[0.69,2.31],[0.15,0.34]],[[0.28,0.32],[6.92,0.02],[0.03,1.22],[0,5.61],[0,0.2],[0.04,0],[0.02,0.02]],[[0.01,0.94],[0,0.41],[0,1.69],[0,0.13],[0.16,2.98],[0,0.31],[0,0]],[[3.28,0.99],[0.28,2.14],[0.03,5.27],[0.3,1.92],[0.64,0.39],[0.03,0.24],[0,0.02]],[[0,0],[0,0],[0,0],[0,0],[0,0],[0,0],[0,0]]],[[[0.87,7.55],[10.48,1.95],[13.99,4.06],[3.62,5.03],[7.85,3.27],[0.23,7.9],[10.3,4.93]],[[5.45,5.01],[0.01,0.05],[0.03,0.42],[0.1,0],[1.01,0],[0.78,0.37],[0,1.81]],[[0,0.02],[0.05,0.09],[0.41,0],[0,1.73],[0.22,0],[0.19,0.53],[0.08,0]],[[0.01,4.58],[0,0.22],[1.42,6.8],[0,0],[0.22,0.01],[0.01,0.01],[2.2,0]],[[0.02,0.61],[2.84,0.03],[5.18,3.52],[0.11,1.11],[1.03,0],[0,9.11],[0,5.85]],[[1.14,2.48],[0.21,0],[0.23,0],[0.59,1.75],[0.39,0.51],[8.22,1.63],[2.67,0.04]],[[0.62,0.5],[0.87,0.01],[4.4,0.87],[0.01,0],[0,0],[2.21,1.5],[0.03,10.63]],[[0,0],[3.32,0],[0.2,0],[0.04,0],[0.9,0.01],[0.27,0.18],[0,2.92]],[[4.54,10.29],[0.14,0.29],[0.75,1.1],[0.04,0.64],[0,0],[0.12,2.31],[0,0]],[[0,0],[0,0],[0,0],[0.02,0],[0,0.02],[0,0],[0,0]]],[[[4.98,22.78],[8.16,4.81],[5.24,2.34],[1.26,0.76],[0,2.88],[13.59,6.88],[9.89,23.77]],[[3.08,0.13],[0.12,0],[2.04,9.96],[0.39,0.27],[0.51,0.38],[1.56,0.01],[12.37,0.02]],[[0.02,0.11],[0,0],[0.95,0],[1.24,0.26],[2.5,0],[0.35,3.12],[0,0]],[[0,0.67],[0,1.61],[0.01,0],[0,0.27],[0.93,0],[0,0],[0,0.08]],[[1.17,0],[0.03,0.07],[5.18,0],[0,0.03],[0.01,2.84],[0,0],[0.03,0]],[[5.08,4.43],[0.41,0.34],[0.03,0],[0.01,0.24],[6.24,0.59],[0,0.59],[17.32,0]],[[0.06,0.09],[0,1.76],[0.58,0],[4.48,0.1],[4.1,6.63],[0.26,2],[0.15,0.03]],[[0,0.01],[0.03,1.43],[0.02,0],[0,0],[0,0.41],[0,1.86],[0,3.45]],[[7.68,2.76],[2.78,1.06],[0.33,0],[1.81,0.86],[0,4.66],[0,2.15],[0.89,2.15]],[[0,0],[0,0],[0,0],[0,0],[0.3,0],[0,0],[0,0]]],[[[7.35,3.09],[1.6,11.78],[4.98,4.62],[15.37,2.04],[5.36,0.53],[0.62,7.63],[1,8.19]],[[0.04,0.62],[1.98,0.07],[0.13,0],[6.13,0.32],[0.88,9.18],[0,0.12],[0.04,6.7]],[[0,0],[0,0],[0.54,0.04],[0,0],[0.18,0],[0,0],[0,0.99]],[[0.21,0],[3.85,0],[9.3,0.1],[9.8,0],[0,5.85],[6.3,0],[0,0]],[[0.01,0.18],[0.14,0.06],[0.34,0],[0,0],[0,0],[4.91,0.1],[0.17,0]],[[13.42,7.93],[0.62,1.87],[0.17,0.22],[0.22,0.67],[4.87,0.02],[0.06,0.11],[1.74,0.92]],[[0,0.01],[1.36,0],[0,1.83],[2.23,3.36],[1.07,3.37],[7.15,0],[0.09,0]],[[0.12,0],[0.09,1.9],[0,1.14],[0,0.1],[0,0.81],[0.01,0],[0,0]],[[4.54,2.33],[2.03,2.03],[1.88,0.1],[2.03,0],[0.02,0],[7.93,2],[0.14,0.66]],[[0,0],[0,0],[0,0],[0,0],[0,0],[0,0],[0,0]]],[[[0.3,3.75],[1.46,0.85],[3.37,6.11],[2.69,2.69],[14.95,8.94],[0.13,12.91],[0.08,11.22]],[[5.97,4],[0.14,1.78],[0.74,0],[0,0.11],[1.9,0],[0.09,2.68],[0.03,1.24]],[[0,7.3],[1.15,0],[0,0],[0,2.51],[0.03,0],[9.07,0],[0,0.01]],[[0.06,0.03],[0.01,1.61],[0.01,0.73],[0.22,0.05],[5.85,0],[0.74,0.22],[0,0]],[[0.01,0.02],[0,3.48],[0,0.15],[4.03,6.33],[0.01,0.01],[0,0],[0,0]],[[0.02,2.76],[1.54,0],[0.36,1.14],[0.01,1.4],[0.05,0.67],[5.44,0.92],[0.4,0.37]],[[0.01,0],[3.94,1.05],[0.01,0.01],[2.23,0.01],[0,0],[0.15,0],[0,0]],[[0,0.07],[0.02,0.37],[0.2,0],[0.18,0],[0,0],[1.86,0],[0,0.93]],[[0.14,0.01],[0.07,0.28],[0.56,0.17],[0.81,2.42],[0.21,0.19],[0.14,2],[0.05,1.29]],[[0,0],[0,0],[0,0],[0,0],[0,0],[0,0],[0,0]]]];

