Omegamax = 3;
Produkte = 5;
v = [2,2,1,1,1];
KS = 137.3;

KH	=	9;								
							
											
kS = [[1000,	57.2372,	67.818,	71.0382,	113.7826,	113.8788,	58.1284,	11.8263,	18.415,	123.4198],
[57.2372,	1000,	46.2746,	90.4893,	109.4487,	63.9478,	85.5736,	67.1704,	61.1488,	79.4736],
[67.818,	46.2746,	1000,	55.0772,	63.2108,	56.2776,	57.2214,	71.1569,	58.0168,	58.8204],
[71.0382,	90.4893,	55.0772,	1000,	51.2275,	109.1766,	14.9386,	64.9797,	52.6937,	105.6924],
[113.7826,	109.4487,	63.2108,	51.2275,	1000,	95.8549,	65.6871,	110.9154,	97.0091,	82.8634],
[113.8788,	63.9478,	56.2776,	109.1766,	95.8549,	1000,	113.2514,	120.7053,	109.6557,	21.205],
[58.1284,	85.5736,	57.2214,	14.9386,	65.6871,	113.2514,	1000,	51.0286,	39.7368,	112.4334],
[11.8263,	67.1704,	71.1569,	64.9797,	110.9154,	120.7053,	51.0286,	1000,	14.2461,	128.6299],
[18.415,	61.1488,	58.0168,	52.6937,	97.0091,	109.6557,	39.7368,	14.2461,	1000,	116.2309],
[123.4198,	79.4736,	58.8204,	105.6924,	82.8634,	21.205,	112.4334,	128.6299,	116.2309,	1000]];
									
kem = [336,	54.9478,	65.1053,	68.1967,	109.2313,	109.3237,	55.8032,	11.3532,	17.6784,	118.4831];
											
											
								

kI = [0.0033,0.0193,0.0514,0.1153,0.2933];
qS = [1,1,1,1,1];

d = [[[[6.6,4.98,0.49,22.78,0.16],[4.93,8.16,0.71,4.81,1.88],[14.87,5.24,2.04,2.34,7.99],[3.83,1.26,12.37,0.76,3.94],[1.73,0,2.7,2.88,0.32],[4.32,13.59,0.31,6.88,1.84],[6.21,9.89,7.9,23.77,2.65]],[[3.73,3.08,0.99,0.13,0],[0.28,0.12,8.12,0,0],[0.99,2.04,0,9.96,3.08],[0.05,0.39,0,0.27,2.69],[0,0.51,1.48,0.38,0],[0.03,1.56,0,0.01,4.89],[0.44,12.37,0,0.02,0.84]],[[0,0.02,0,0.11,1.29],[0.02,0,0.16,0,0.02],[0,0.95,0,0,0],[0,1.24,0,0.26,0],[5.36,2.5,0,0,0],[0,0.35,0,3.12,0],[0,0,0,0,0.1]],[[0,0,0.42,0.67,3.01],[0.42,0,0,1.61,0],[0.02,0.01,0.14,0,0],[0.14,0,0,0.27,1.11],[0.05,0.93,0.48,0,0.12],[2.56,0,0.02,0,0],[0.01,0,0,0.08,6.3]],[[0,1.17,0.52,0,0.56],[0.09,0.03,0.16,0.07,0],[0.08,5.18,0.22,0,0.02],[0.6,0,0.22,0.03,10.6],[0,0.01,0,2.84,0],[0.32,0,0.01,0,0.37],[0,0.03,0.41,0,0]],[[0.22,5.08,7.93,4.43,5.08],[0.26,0.41,1.97,0.34,0.94],[0.38,0.03,0.78,0,1.48],[0.67,0.01,0.3,0.24,0.24],[0,6.24,0.06,0.59,2.84],[0.34,0,0.02,0.59,0.24],[0,17.32,17.32,0,9.36]],[[0,0.06,1.49,0.09,0.54],[0,0,0.09,1.76,0.63],[0.32,0.58,1.83,0,6.19],[0,4.48,0,0.1,0.32],[0,4.1,0.02,6.63,0.72],[0.01,0.26,0.48,2,1.5],[1.03,0.15,0,0.03,0.26]],[[0.53,0,0.01,0.01,0.02],[3.32,0.03,2.11,1.43,0.01],[0,0.02,0.4,0,0],[2.32,0,0.05,0,9.71],[10.28,0,0,0.41,0.37],[0,0,0,1.86,0.05],[0.54,0,0,3.45,0]],[[1.88,7.68,0.16,2.76,1.6],[1.84,2.78,0.49,1.06,1.93],[1.05,0.33,1.16,0,0.67],[0,1.81,2.03,0.86,2.56],[0.1,0,0,4.66,0.11],[0,0,0.37,2.15,1.39],[0,0.89,0.08,2.15,4.74]],[[0,0,0,0,0],[0,0,0,0,0.11],[0,0,0,0,0],[0,0,0,0,0],[0,0.3,0,0,0],[0,0,0,0,0],[0,0,0,0,0]]],[[[1.75,7.35,2.34,3.09,2.12],[11.78,1.6,4.37,11.78,9.78],[6.6,4.98,5.8,4.62,7.35],[6.07,15.37,7.37,2.04,8.05],[3.58,5.36,7.61,0.53,25.23],[0.39,0.62,3.53,7.63,2.01],[4.04,1,0.43,8.19,0]],[[0.4,0.04,5.97,0.62,2.04],[0,1.98,6.41,0.07,1],[1.63,0.13,1.24,0,1.46],[0.22,6.13,7.65,0.32,0.05],[0.07,0.88,0,9.18,0.45],[0,0,2.47,0.12,0.26],[0.04,0.04,0.66,6.7,12.37]],[[0.02,0,0,0,0],[1.15,0,0.1,0,0.16],[0,0.54,0,0.04,1.29],[0,0,0,0,0.31],[0.5,0.18,0.13,0,0],[0.02,0,0,0,1.22],[0.53,0,0,0.99,0.05]],[[0,0.21,0,0,0.28],[2.15,3.85,0,0,0],[0.01,9.3,0,0.1,0],[0,9.8,0.02,0,0],[0.04,0,0.67,5.85,0],[0.03,6.3,0.96,0,5.07],[0,0,0.33,0,0]],[[0.03,0.01,0,0.18,0],[0,0.14,0.01,0.06,0.35],[0.52,0.34,0.26,0,1.79],[0,0,0,0,0.01],[0,0,0.48,0,0],[2.75,4.91,0.52,0.1,0],[0,0.17,0,0,0]],[[7.12,13.42,9,7.93,0],[0.62,0.62,6.91,1.87,0.21],[2.48,0.17,2.01,0.22,1.08],[1.95,0.22,0.56,0.67,1.33],[15.03,4.87,0.02,0.02,1.76],[0.69,0.06,2.31,0.11,0],[0.15,1.74,0.34,0.92,0.69]],[[0.28,0,0.32,0.01,0.35],[6.92,1.36,0.02,0,0],[0.03,0,1.22,1.83,0.07],[0,2.23,5.61,3.36,0],[0,1.07,0.2,3.37,4.56],[0.04,7.15,0,0,0],[0.02,0.09,0.02,0,0.29]],[[0.01,0.12,0.94,0,0],[0,0.09,0.41,1.9,0.34],[0,0,1.69,1.14,0.01],[0,0,0.13,0.1,0],[0.16,0,2.98,0.81,0],[0,0.01,0.31,0,0.05],[0,0,0,0,0]],[[3.28,4.54,0.99,2.33,0.03],[0.28,2.03,2.14,2.03,0],[0.03,1.88,5.27,0.1,0],[0.3,2.03,1.92,0,0.64],[0.64,0.02,0.39,0,3.48],[0.03,7.93,0.24,2,0],[0,0.14,0.02,0.66,0.04]],[[0,0,0,0,0],[0,0,0,0,0],[0,0,0,0,0],[0,0,0,0,0],[0,0,0,0,0],[0,0,0,0,0.19],[0,0,0,0,0]]],[[[0.87,0.3,7.55,3.75,6.43],[10.48,1.46,1.95,0.85,7.32],[13.99,3.37,4.06,6.11,0.81],[3.62,2.69,5.03,2.69,6.77],[7.85,14.95,3.27,8.94,0.69],[0.23,0.13,7.9,12.91,0.03],[10.3,0.08,4.93,11.22,1.06]],[[5.45,5.97,5.01,4,0.01],[0.01,0.14,0.05,1.78,0],[0.03,0.74,0.42,0,0],[0.1,0,0,0.11,0.03],[1.01,1.9,0,0,0],[0.78,0.09,0.37,2.68,0],[0,0.03,1.81,1.24,0.01]],[[0,0,0.02,7.3,0],[0.05,1.15,0.09,0,0.01],[0.41,0,0,0,3.82],[0,0,1.73,2.51,0.19],[0.22,0.03,0,0,0],[0.19,9.07,0.53,0,9.07],[0.08,0,0,0.01,0]],[[0.01,0.06,4.58,0.03,0.23],[0,0.01,0.22,1.61,0.3],[1.42,0.01,6.8,0.73,0],[0,0.22,0,0.05,9.8],[0.22,5.85,0.01,0,4.08],[0.01,0.74,0.01,0.22,0],[2.2,0,0,0,0.56]],[[0.02,0.01,0.61,0.02,0.31],[2.84,0,0.03,3.48,0.05],[5.18,0,3.52,0.15,0.66],[0.11,4.03,1.11,6.33,0],[1.03,0.01,0,0.01,0.03],[0,0,9.11,0,0],[0,0,5.85,0,0]],[[1.14,0.02,2.48,2.76,2.35],[0.21,1.54,0,0,0.58],[0.23,0.36,0,1.14,0.56],[0.59,0.01,1.75,1.4,5.17],[0.39,0.05,0.51,0.67,0.23],[8.22,5.44,1.63,0.92,1.87],[2.67,0.4,0.04,0.37,0]],[[0.62,0.01,0.5,0,0.05],[0.87,3.94,0.01,1.05,0],[4.4,0.01,0.87,0.01,0.32],[0.01,2.23,0,0.01,0.32],[0,0,0,0,1.25],[2.21,0.15,1.5,0,0.01],[0.03,0,10.63,0,0.01]],[[0,0,0,0.07,0.01],[3.32,0.02,0,0.37,0.21],[0.2,0.2,0,0,0.24],[0.04,0.18,0,0,0.31],[0.9,0,0.01,0,0.03],[0.27,1.86,0.18,0,0],[0,0,2.92,0.93,0]],[[4.54,0.14,10.29,0.01,1.98],[0.14,0.07,0.29,0.28,0.05],[0.75,0.56,1.1,0.17,1.52],[0.04,0.81,0.64,2.42,0.24],[0,0.21,0,0.19,0.01],[0.12,0.14,2.31,2,1.49],[0,0.05,0,1.29,0.06]],[[0,0,0,0,0],[0,0,0,0,0],[0,0,0,0,0],[0.02,0,0,0,0],[0,0,0.02,0,0],[0,0,0,0,0],[0,0,0,0,0]]]];

