Omegamax = 9;
Produkte = 1;
v = [2];
KS = 90;

KH	=	9;								
							
											
kS = [[1000,	100.3154,	67.9336,	78.6797,	66.2313,	39.1673,	15.8027,	29.5922,	86.2152,	73.4044],
[100.3154,	1000,	74.3155,	63.6129,	52.5148,	75.8219,	84.5888,	108.1348,	29.2909,	64.5159],
[67.9336,	74.3155,	1000,	15.2169,	22.6999,	29.2509,	57.317,	53.6605,	45.899,	11.1019],
[78.6797,	63.6129,	15.2169,	1000,	18.5917,	39.5901,	66.206,	67.7875,	34.3532,	5.3364],
[66.2313,	52.5148,	22.6999,	18.5917,	1000,	29.6067,	52.0814,	62.0716,	25.8883,	15.7955],
[39.1673,	75.8219,	29.2509,	39.5901,	29.6067,	1000,	28.1405,	33.0635,	53.8425,	34.2857],
[15.8027,	84.5888,	57.317,	66.206,	52.0814,	28.1405,	1000,	34.0634,	70.7486,	61.0963],
[29.5922,	108.1348,	53.6605,	67.7875,	62.0716,	33.0635,	34.0634,	1000,	86.8817,	62.6072],
[86.2152,	29.2909,	45.899,	34.3532,	25.8883,	53.8425,	70.7486,	86.8817,	1000,	35.5839],
[73.4044,	64.5159,	11.1019,	5.3364,	15.7955,	34.2857,	61.0963,	62.6072,	35.5839,	1000]];
									
kem = [336,	96.3028,	65.2162,	75.5325,	63.582,	37.6006,	15.1706,	28.4085,	82.7666,	70.4682];
										
											
								

kI = [0.0033];
qS = [1];

d = [[[[6.6],[4.93],[14.87],[3.83],[1.73],[4.32],[6.21]],[[3.73],[0.28],[0.99],[0.05],[0],[0.03],[0.44]],[[0],[0.02],[0],[0],[5.36],[0],[0]],[[0],[0.42],[0.02],[0.14],[0.05],[2.56],[0.01]],[[0],[0.09],[0.08],[0.6],[0],[0.32],[0]],[[0.22],[0.26],[0.38],[0.67],[0],[0.34],[0]],[[0],[0],[0.32],[0],[0],[0.01],[1.03]],[[0.53],[3.32],[0],[2.32],[10.28],[0],[0.54]],[[1.88],[1.84],[1.05],[0],[0.1],[0],[0]],[[0],[0],[0],[0],[0],[0],[0]]],[[[1.75],[11.78],[6.6],[6.07],[3.58],[0.39],[4.04]],[[0.4],[0],[1.63],[0.22],[0.07],[0],[0.04]],[[0.02],[1.15],[0],[0],[0.5],[0.02],[0.53]],[[0],[2.15],[0.01],[0],[0.04],[0.03],[0]],[[0.03],[0],[0.52],[0],[0],[2.75],[0]],[[7.12],[0.62],[2.48],[1.95],[15.03],[0.69],[0.15]],[[0.28],[6.92],[0.03],[0],[0],[0.04],[0.02]],[[0.01],[0],[0],[0],[0.16],[0],[0]],[[3.28],[0.28],[0.03],[0.3],[0.64],[0.03],[0]],[[0],[0],[0],[0],[0],[0],[0]]],[[[0.87],[10.48],[13.99],[3.62],[7.85],[0.23],[10.3]],[[5.45],[0.01],[0.03],[0.1],[1.01],[0.78],[0]],[[0],[0.05],[0.41],[0],[0.22],[0.19],[0.08]],[[0.01],[0],[1.42],[0],[0.22],[0.01],[2.2]],[[0.02],[2.84],[5.18],[0.11],[1.03],[0],[0]],[[1.14],[0.21],[0.23],[0.59],[0.39],[8.22],[2.67]],[[0.62],[0.87],[4.4],[0.01],[0],[2.21],[0.03]],[[0],[3.32],[0.2],[0.04],[0.9],[0.27],[0]],[[4.54],[0.14],[0.75],[0.04],[0],[0.12],[0]],[[0],[0],[0],[0.02],[0],[0],[0]]],[[[4.98],[8.16],[5.24],[1.26],[0],[13.59],[9.89]],[[3.08],[0.12],[2.04],[0.39],[0.51],[1.56],[12.37]],[[0.02],[0],[0.95],[1.24],[2.5],[0.35],[0]],[[0],[0],[0.01],[0],[0.93],[0],[0]],[[1.17],[0.03],[5.18],[0],[0.01],[0],[0.03]],[[5.08],[0.41],[0.03],[0.01],[6.24],[0],[17.32]],[[0.06],[0],[0.58],[4.48],[4.1],[0.26],[0.15]],[[0],[0.03],[0.02],[0],[0],[0],[0]],[[7.68],[2.78],[0.33],[1.81],[0],[0],[0.89]],[[0],[0],[0],[0],[0.3],[0],[0]]],[[[7.35],[1.6],[4.98],[15.37],[5.36],[0.62],[1]],[[0.04],[1.98],[0.13],[6.13],[0.88],[0],[0.04]],[[0],[0],[0.54],[0],[0.18],[0],[0]],[[0.21],[3.85],[9.3],[9.8],[0],[6.3],[0]],[[0.01],[0.14],[0.34],[0],[0],[4.91],[0.17]],[[13.42],[0.62],[0.17],[0.22],[4.87],[0.06],[1.74]],[[0],[1.36],[0],[2.23],[1.07],[7.15],[0.09]],[[0.12],[0.09],[0],[0],[0],[0.01],[0]],[[4.54],[2.03],[1.88],[2.03],[0.02],[7.93],[0.14]],[[0],[0],[0],[0],[0],[0],[0]]],[[[0.3],[1.46],[3.37],[2.69],[14.95],[0.13],[0.08]],[[5.97],[0.14],[0.74],[0],[1.9],[0.09],[0.03]],[[0],[1.15],[0],[0],[0.03],[9.07],[0]],[[0.06],[0.01],[0.01],[0.22],[5.85],[0.74],[0]],[[0.01],[0],[0],[4.03],[0.01],[0],[0]],[[0.02],[1.54],[0.36],[0.01],[0.05],[5.44],[0.4]],[[0.01],[3.94],[0.01],[2.23],[0],[0.15],[0]],[[0],[0.02],[0.2],[0.18],[0],[1.86],[0]],[[0.14],[0.07],[0.56],[0.81],[0.21],[0.14],[0.05]],[[0],[0],[0],[0],[0],[0],[0]]],[[[0.49],[0.71],[2.04],[12.37],[2.7],[0.31],[7.9]],[[0.99],[8.12],[0],[0],[1.48],[0],[0]],[[0],[0.16],[0],[0],[0],[0],[0]],[[0.42],[0],[0.14],[0],[0.48],[0.02],[0]],[[0.52],[0.16],[0.22],[0.22],[0],[0.01],[0.41]],[[7.93],[1.97],[0.78],[0.3],[0.06],[0.02],[17.32]],[[1.49],[0.09],[1.83],[0],[0.02],[0.48],[0]],[[0.01],[2.11],[0.4],[0.05],[0],[0],[0]],[[0.16],[0.49],[1.16],[2.03],[0],[0.37],[0.08]],[[0],[0],[0],[0],[0],[0],[0]]],[[[2.34],[4.37],[5.8],[7.37],[7.61],[3.53],[0.43]],[[5.97],[6.41],[1.24],[7.65],[0],[2.47],[0.66]],[[0],[0.1],[0],[0],[0.13],[0],[0]],[[0],[0],[0],[0.02],[0.67],[0.96],[0.33]],[[0],[0.01],[0.26],[0],[0.48],[0.52],[0]],[[9],[6.91],[2.01],[0.56],[0.02],[2.31],[0.34]],[[0.32],[0.02],[1.22],[5.61],[0.2],[0],[0.02]],[[0.94],[0.41],[1.69],[0.13],[2.98],[0.31],[0]],[[0.99],[2.14],[5.27],[1.92],[0.39],[0.24],[0.02]],[[0],[0],[0],[0],[0],[0],[0]]],[[[7.55],[1.95],[4.06],[5.03],[3.27],[7.9],[4.93]],[[5.01],[0.05],[0.42],[0],[0],[0.37],[1.81]],[[0.02],[0.09],[0],[1.73],[0],[0.53],[0]],[[4.58],[0.22],[6.8],[0],[0.01],[0.01],[0]],[[0.61],[0.03],[3.52],[1.11],[0],[9.11],[5.85]],[[2.48],[0],[0],[1.75],[0.51],[1.63],[0.04]],[[0.5],[0.01],[0.87],[0],[0],[1.5],[10.63]],[[0],[0],[0],[0],[0.01],[0.18],[2.92]],[[10.29],[0.29],[1.1],[0.64],[0],[2.31],[0]],[[0],[0],[0],[0],[0.02],[0],[0]]]];

