Omegamax = 6;
Produkte = 4;
v = [2,2,1,1];
KS = 132.8;

KH	=	9;								
							
											
kS	=	[[1000,	38.3697,	57.8946,	30.1217,	18.8233,	28.0246,	94.1813,	31.1978,	82.6637,	6.6888],
[38.3697,	1000,	42.0865,	66.0012,	40.6863,	52.9436,	57.2311,	32.8856,	120.1414,	34.9844],		
[57.8946,	42.0865,	1000,	87.3048,	44.2297,	83.5652,	80.965,	71.1879,	121.4214,	51.2905],		
[30.1217,	66.0012,	87.3048,	1000,	44.2753,	21.9064,	117.9197,	44.6716,	65.5233,	36.336],		
[18.8233,	40.6863,	44.2297,	44.2753,	1000,	46.7413,	97.7309,	46.9758,	82.1338,	13.2944],		
[28.0246,	52.9436,	83.5652,	21.9064,	46.7413,	1000,	99.4712,	24.9261,	87.4116,	34.3822],		
[94.1813,	57.2311,	80.965,	117.9197,	97.7309,	99.4712,	1000,	74.549,	176.7898,	91.8054],		
[31.1978,	32.8856,	71.1879,	44.6716,	46.9758,	24.9261,	74.549,	1000,	108.3524,	34.1155],		
[82.6637,	120.1414,	121.4214,	65.5233,	82.1338,	87.4116,	176.7898,	108.3524,	1000,	85.1678],		
[6.6888,	34.9844,	51.2905,	36.336,	13.2944,	34.3822,	91.8054,	34.1155,	85.1678,	1000]];		
											
kem	=	[336,	36.8349,	55.5788,	28.9168,	18.0703,	26.9037,	90.414,	29.9499,	79.3572,	6.4213];
											
											
								

kI = [0.0033,0.0193,0.0514,0.1153];
qS = [1,1,1,1];

d = [[[[6.6,0.49,0.16,2.92],[4.93,0.71,1.88,10.87],[14.87,2.04,7.99,3.75],[3.83,12.37,3.94,7.81],[1.73,2.7,0.32,0.48],[4.32,0.31,1.84,0.89],[6.21,7.9,2.65,0.89]],[[3.73,0.99,0,0.88],[0.28,8.12,0,4.92],[0.99,0,3.08,1.93],[0.05,0,2.69,0],[0,1.48,0,2.83],[0.03,0,4.89,7.57],[0.44,0,0.84,0.03]],[[0,0,1.29,0],[0.02,0.16,0.02,0],[0,0,0,2.51],[0,0,0,0],[5.36,0,0,0],[0,0,0,1.22],[0,0,0.1,0]],[[0,0.42,3.01,0],[0.42,0,0,0.07],[0.02,0.14,0,0.08],[0.14,0,1.11,0.74],[0.05,0.48,0.12,0.01],[2.56,0.02,0,0.43],[0.01,0,6.3,0.09]],[[0,0.52,0.56,3.96],[0.09,0.16,0,0.04],[0.08,0.22,0.02,0.16],[0.6,0.22,10.6,0.01],[0,0,0,2.54],[0.32,0.01,0.37,5.85],[0,0.41,0,0]],[[0.22,7.93,5.08,3.9],[0.26,1.97,0.94,0.24],[0.38,0.78,1.48,10.57],[0.67,0.3,0.24,4.48],[0,0.06,2.84,1.56],[0.34,0.02,0.24,4.57],[0,17.32,9.36,0]],[[0,1.49,0.54,0.28],[0,0.09,0.63,0],[0.32,1.83,6.19,0],[0,0,0.32,0],[0,0.02,0.72,0.99],[0.01,0.48,1.5,0],[1.03,0,0.26,0.15]],[[0.53,0.01,0.02,0.2],[3.32,2.11,0.01,0.9],[0,0.4,0,0.04],[2.32,0.05,9.71,0.12],[10.28,0,0.37,0],[0,0,0.05,6.21],[0.54,0,0,0]],[[1.88,0.16,1.6,0.59],[1.84,0.49,1.93,4.8],[1.05,1.16,0.67,0.31],[0,2.03,2.56,0.01],[0.1,0,0.11,0],[0,0.37,1.39,1.03],[0,0.08,4.74,0.04]],[[0,0,0,0],[0,0,0.11,0],[0,0,0,0.02],[0,0,0,0.35],[0,0,0,0],[0,0,0,0],[0,0,0,0]]],[[[1.75,2.34,2.12,0.09],[11.78,4.37,9.78,2.02],[6.6,5.8,7.35,19.3],[6.07,7.37,8.05,8.83],[3.58,7.61,25.23,1.87],[0.39,3.53,2.01,1.13],[4.04,0.43,0,14.36]],[[0.4,5.97,2.04,0],[0,6.41,1,3.96],[1.63,1.24,1.46,0.22],[0.22,7.65,0.05,0.09],[0.07,0,0.45,0.01],[0,2.47,0.26,0],[0.04,0.66,12.37,0.01]],[[0.02,0,0,0],[1.15,0.1,0.16,0],[0,0,1.29,2.09],[0,0,0.31,0],[0.5,0.13,0,0],[0.02,0,1.22,0],[0.53,0,0.05,0]],[[0,0,0.28,0],[2.15,0,0,0],[0.01,0,0,0.88],[0,0.02,0,0.01],[0.04,0.67,0,0.84],[0.03,0.96,5.07,0],[0,0.33,0,0.01]],[[0.03,0,0,5.18],[0,0.01,0.35,0.18],[0.52,0.26,1.79,0.34],[0,0,0.01,0.05],[0,0.48,0,0.04],[2.75,0.52,0,0.93],[0,0,0,0]],[[7.12,9,0,4.43],[0.62,6.91,0.21,0.01],[2.48,2.01,1.08,0.7],[1.95,0.56,1.33,0.3],[15.03,0.02,1.76,0.03],[0.69,2.31,0,0.16],[0.15,0.34,0.69,0]],[[0.28,0.32,0.35,0.08],[6.92,0.02,0,2.65],[0.03,1.22,0.07,0],[0,5.61,0,1.15],[0,0.2,4.56,0.04],[0.04,0,0,0],[0.02,0.02,0.29,0]],[[0.01,0.94,0,0.05],[0,0.41,0.34,0],[0,1.69,0.01,2.62],[0,0.13,0,0.07],[0.16,2.98,0,1.01],[0,0.31,0.05,0],[0,0,0,0]],[[3.28,0.99,0.03,13.12],[0.28,2.14,0,0.01],[0.03,5.27,0,0.11],[0.3,1.92,0.64,0.81],[0.64,0.39,3.48,0.45],[0.03,0.24,0,0.56],[0,0.02,0.04,0]],[[0,0,0,0],[0,0,0,0],[0,0,0,0],[0,0,0,0],[0,0,0,0],[0,0,0.19,0],[0,0,0,0]]],[[[0.87,7.55,6.43,0.62],[10.48,1.95,7.32,2.48],[13.99,4.06,0.81,7.77],[3.62,5.03,6.77,6.96],[7.85,3.27,0.69,3.27],[0.23,7.9,0.03,0.43],[10.3,4.93,1.06,3.53]],[[5.45,5.01,0.01,1.93],[0.01,0.05,0,0.01],[0.03,0.42,0,8.43],[0.1,0,0.03,0],[1.01,0,0,0],[0.78,0.37,0,0.28],[0,1.81,0.01,0.16]],[[0,0.02,0,0.54],[0.05,0.09,0.01,0],[0.41,0,3.82,0],[0,1.73,0.19,0],[0.22,0,0,0.01],[0.19,0.53,9.07,0],[0.08,0,0,1.91]],[[0.01,4.58,0.23,0.21],[0,0.22,0.3,0],[1.42,6.8,0,0.09],[0,0,9.8,0],[0.22,0.01,4.08,0.03],[0.01,0.01,0,0],[2.2,0,0.56,3.52]],[[0.02,0.61,0.31,0],[2.84,0.03,0.05,0.06],[5.18,3.52,0.66,0.66],[0.11,1.11,0,3.18],[1.03,0,0.03,4.71],[0,9.11,0,0],[0,5.85,0,0.2]],[[1.14,2.48,2.35,0.2],[0.21,0,0.58,3.87],[0.23,0,0.56,2.12],[0.59,1.75,5.17,0.02],[0.39,0.51,0.23,5.27],[8.22,1.63,1.87,8.22],[2.67,0.04,0,0.92]],[[0.62,0.5,0.05,1.39],[0.87,0.01,0,0],[4.4,0.87,0.32,0.06],[0.01,0,0.32,0.69],[0,0,1.25,0.41],[2.21,1.5,0.01,0.01],[0.03,10.63,0.01,0.01]],[[0,0,0.01,0.06],[3.32,0,0.21,0.01],[0.2,0,0.24,0.02],[0.04,0,0.31,0.1],[0.9,0.01,0.03,0.9],[0.27,0.18,0,0.02],[0,2.92,0,0]],[[4.54,10.29,1.98,0.01],[0.14,0.29,0.05,1.29],[0.75,1.1,1.52,3.49],[0.04,0.64,0.24,0.02],[0,0,0.01,0.31],[0.12,2.31,1.49,0.18],[0,0,0.06,0.17]],[[0,0,0,0],[0,0,0,0],[0,0,0,0],[0.02,0,0,0],[0,0.02,0,0],[0,0,0,0],[0,0,0,0]]],[[[4.98,22.78,2.5,2.04],[8.16,4.81,7.13,5.7],[5.24,2.34,2.27,9.61],[1.26,0.76,1.47,0.46],[0,2.88,0.99,6.95],[13.59,6.88,4.77,1.39],[9.89,23.77,1.46,10.3]],[[3.08,0.13,4.63,7.38],[0.12,0,1,0],[2.04,9.96,1.54,0.02],[0.39,0.27,6.13,0],[0.51,0.38,5.71,2.83],[1.56,0.01,0.13,0.72],[12.37,0.02,0.78,0.1]],[[0.02,0.11,0,0],[0,0,0,0],[0.95,0,0,0],[1.24,0.26,0,0],[2.5,0,0.05,0.05],[0.35,3.12,0.03,0],[0,0,0,1.91]],[[0,0.67,0.01,0.31],[0,1.61,0.01,1.22],[0.01,0,0.06,0],[0,0.27,0.02,4],[0.93,0,0,0],[0,0,0.01,1.1],[0,0.08,0,0.56]],[[1.17,0,0.05,0],[0.03,0.07,0.02,0.03],[5.18,0,0,0],[0,0.03,0,1.02],[0.01,2.84,0,0],[0,0,0,0],[0.03,0,0,0]],[[5.08,4.43,0.25,5.48],[0.41,0.34,0.58,0],[0.03,0,0,2.48],[0.01,0.24,3.25,0],[6.24,0.59,2.84,0.45],[0,0.59,0,3.09],[17.32,0,0,0.04]],[[0.06,0.09,0.03,0.14],[0,1.76,0,0.19],[0.58,0,0,0.04],[4.48,0.1,0.08,1.24],[4.1,6.63,0,0.01],[0.26,2,1.37,0],[0.15,0.03,2.21,1.65]],[[0,0.01,0.85,0.04],[0.03,1.43,0.05,0.44],[0.02,0,0.48,0.16],[0,0,3.4,0],[0,0.41,0.04,0],[0,1.86,0,0],[0,3.45,0,0.15]],[[7.68,2.76,2.46,0.2],[2.78,1.06,0.03,0],[0.33,0,0.33,0.46],[1.81,0.86,0.46,0],[0,4.66,0.01,0],[0,2.15,0.12,0],[0.89,2.15,0.29,0]],[[0,0,0,0],[0,0,0,0],[0,0,0.05,0],[0,0,0,0],[0.3,0,0,0],[0,0,0,0],[0,0,0,0]]],[[[7.35,3.09,5.51,2.75],[1.6,11.78,4.7,2.1],[4.98,4.62,4.06,3.65],[15.37,2.04,0.29,0.06],[5.36,0.53,1.05,5.07],[0.62,7.63,12.29,9.89],[1,8.19,0.83,13.59]],[[0.04,0.62,0.21,0.83],[1.98,0.07,0,0.25],[0.13,0,3.73,1.72],[6.13,0.32,0.07,0.11],[0.88,9.18,0.03,9.18],[0,0.12,10.16,1.34],[0.04,6.7,0.01,0]],[[0,0,0.41,0],[0,0,0.01,0.03],[0.54,0.04,0.02,0.54],[0,0,0.02,0],[0.18,0,0.11,0.01],[0,0,0,0],[0,0.99,0,0]],[[0.21,0,0.61,0.03],[3.85,0,0,0],[9.3,0.1,0,2.38],[9.8,0,0,0],[0,5.85,0,0.06],[6.3,0,0,0.01],[0,0,0,0]],[[0.01,0.18,0,2.34],[0.14,0.06,1.32,0],[0.34,0,0,0],[0,0,0.03,0.15],[0,0,0,0.04],[4.91,0.1,0,0],[0.17,0,0,1.48]],[[13.42,7.93,0,2.23],[0.62,1.87,0.36,0.03],[0.17,0.22,0.97,3.46],[0.22,0.67,2.06,0.52],[4.87,0.02,11.65,0.01],[0.06,0.11,1.07,0.69],[1.74,0.92,0.37,1.87]],[[0,0.01,0,0.32],[1.36,0,6.92,0.03],[0,1.83,0,3.08],[2.23,3.36,0,3.09],[1.07,3.37,2.18,0.78],[7.15,0,0.78,1.37],[0.09,0,4.69,14.55]],[[0.12,0,0.07,0],[0.09,1.9,0.01,8.79],[0,1.14,0,0],[0,0.1,2.62,0.01],[0,0.81,0,2.98],[0.01,0,0,0.2],[0,0,0,1.61]],[[4.54,2.33,0.29,10.29],[2.03,2.03,0.69,0.62],[1.88,0.1,4.54,0.46],[2.03,0,0.68,2.03],[0.02,0,0,4.01],[7.93,2,0.83,0.34],[0.14,0.66,0.1,0]],[[0,0,0,0.09],[0,0,0,0],[0,0,0.39,0],[0,0,0,0],[0,0,0.02,0],[0,0,0,0],[0,0,0,0]]],[[[0.3,3.75,7.55,8.47],[1.46,0.85,2.63,7.72],[3.37,6.11,12.62,2.27],[2.69,2.69,2.52,10.9],[14.95,8.94,0.58,2.52],[0.13,12.91,12.91,12.29],[0.08,11.22,6.43,7.9]],[[5.97,4,8.43,1.54],[0.14,1.78,1.78,0.48],[0.74,0,1.05,0.02],[0,0.11,0.59,0.05],[1.9,0,3.76,0.72],[0.09,2.68,0.12,0.01],[0.03,1.24,0,2.68]],[[0,7.3,0,0],[1.15,0,1.32,0.07],[0,0,0,0],[0,2.51,0,0],[0.03,0,0,0.18],[9.07,0,0,0],[0,0.01,0.53,0]],[[0.06,0.03,0.55,0.01],[0.01,1.61,0,0],[0.01,0.73,0.02,0.19],[0.22,0.05,0.01,0.03],[5.85,0,0,0],[0.74,0.22,0,0],[0,0,0.02,6.3]],[[0.01,0.02,0.04,0],[0,3.48,0,0.97],[0,0.15,0.01,4.5],[4.03,6.33,0,0.09],[0.01,0.01,2.54,0.03],[0,0,0,1.32],[0,0,0.46,0.08]],[[0.02,2.76,0.97,0.01],[1.54,0,1.33,2.65],[0.36,1.14,4.15,4.15],[0.01,1.4,3.67,0.35],[0.05,0.67,3.22,0.03],[5.44,0.92,17.32,0.11],[0.4,0.37,0,10.89]],[[0.01,0,0.02,0.04],[3.94,1.05,2.65,0.72],[0.01,0.01,4.87,0.58],[2.23,0.01,0,0.01],[0,0,0,0],[0.15,0,0.85,0],[0,0,1.13,0.71]],[[0,0.07,0.36,0],[0.02,0.37,2.11,0.34],[0.2,0,0.24,0.44],[0.18,0,0.88,0],[0,0,0,0.01],[1.86,0,0,0],[0,0.93,6.21,1.4]],[[0.14,0.01,1.52,2.92],[0.07,0.28,0.34,0.69],[0.56,0.17,0.33,0.25],[0.81,2.42,0.33,0.4],[0.21,0.19,0.77,6],[0.14,2,0.83,0],[0.05,1.29,0.12,0.71]],[[0,0,0,0],[0,0,0,0],[0,0,0,0],[0,0,0,0],[0,0,0.75,0],[0,0,0,0],[0,0,0.01,0]]]];

