 KH = 6;  
 Omegamax = 2;
 Produkte = 3;
 v = [2,2,1]; 
 KS = 126;

kS = [[1000,	38.3697,	57.8946,	30.1217,	18.8233,	28.0246,	94.1813],
[38.3697,	1000,	42.0865,	66.0012,	40.6863,	52.9436,	57.2311],
[57.8946,	42.0865,	1000,	87.3048,	44.2297,	83.5652,	80.965],
[30.1217,	66.0012,	87.3048,	1000,	44.2753,	21.9064,	117.9197],
[18.8233,	40.6863,	44.2297,	44.2753,	1000,	46.7413,	97.7309],
[28.0246,	52.9436,	83.5652,	21.9064,	46.7413,	1000,	99.4712],
[94.1813,	57.2311,	80.965,	117.9197,	97.7309,	99.4712,	1000]];
						
kem = [336,	36.8349,	55.5788,	28.9168,	18.0703,	26.9037,	90.414];


kI = [0.0033, 0.0193,0.0514];
qS = [1,1,1];

d = [[[[8.47,	4.3,	0],
[2.79,	3.71,	0.52],
[9.61,	9.96,	0],
[0.76,	4.03,	0.15],
[4.79,	2.17,	0.27],
[4.77,	0.02,	0],
[1.13,	0.48,	0.15]],
[[0.93,	0,	0],
[0,	0.73,	0],
[1.82,	0,	1.89],
[0.17,	3.03,	0],
[0.14,	0,	0],
[0,	0,	0],
[0,	8.95,	0]],
[[0,	0,	0],
[0,	0,	0],
[0.54,	0,	0],
[0,	0,	0],
[0,	0,	0],
[0,	0.03,	0],
[0,	0,	0.25]],
[[0.01,	0,	0],
[0.14,	0.07,	0],
[0.61,	0.2,	0],
[0,	0,	0],
[0,	0,	0],
[0.05,	0,	0],
[0,	0,	0]],
[[1.17,	0,	0],
[1.43,	0,	0],
[0,	0,	0],
[0,	0.05,	0],
[0.53,	0,	0],
[0,	0,	0],
[1.17,	0,	0]],
[[2.62,	0,	0.04],
[0.03,	0,	0.05],
[0.83,	0,	0],
[0.07,	0.68,	0],
[0,	0.28,	0.05],
[0.05,	0.96,	0],
[0.01,	0,	0.02]],
[[0.04,	0,	0],
[0.12,	0,	0],
[0.06,	0,	0.05],
[0,	0,	0.51],
[0.01,	0,	0],
[2,	0,	0.01],
[0.58,	0,	0.06]]],
[[[0.81,	0.58,	0.4],
[11.3,	2.32,	4.11],
[2.5,	5.01,	0.55],
[3.83,	0.01,	0],
[0.53,	0.01,	0],
[0.31,	0.02,	0],
[0.43,	0,	0]],
[[0.04,	1.24,	0.9],
[1.44,	0,	0],
[0,	0,	0.03],
[1.98,	0,	0.03],
[1.57,	0,	0],
[0.01,	0,	0],
[16.47,	0.07,	2.48]],
[[3.82,	0,	0],
[0,	0,	0],
[1.11,	0,	0],
[3.09,	0,	0],
[0.01,	0,	0],
[1.91,	0,	0],
[0.1,	0,	0]],
[[0.06,	0,	0.3],
[0.01,	4.7,	0],
[0.61,	0,	0],
[0,	0.01,	3.65],
[0.67,	0,	0],
[0,	0,	0],
[0,	0,	0]],
[[0.1,	0,	0],
[1.04,	0,	0],
[0,	0,	0.45],
[0,	0,	0],
[0,	0,	0],
[0.12,	0,	0],
[0,	0,	0]],
[[0.03,	0.33,	0],
[0.01,	0.02,	0.01],
[0.36,	0,	1.67],
[0.52,	0.59,	0],
[0.16,	0,	0],
[2.15,	0.3,	0],
[0.11,	0,	0]],
[[0.01,	0.39,	0],
[0.06,	0,	0.22],
[0.03,	0,	0],
[0.93,	0,	0],
[2.01,	0,	0],
[0,	0,	0],
[0,	0,	0]]]];
