 KH = 6;  
 Omegamax = 2;
 Produkte = 1;
 v = [2]; 
 KS = 27;

kS = [[1000,	100.3154,	67.9336,	78.6797,	66.2313,	39.1673,	15.8027],
[100.3154,	1000,	74.3155,	63.6129,	52.5148,	75.8219,	84.5888],
[67.9336,	74.3155,	1000,	15.2169,	22.6999,	29.2509,	57.317],
[78.6797,	63.6129,	15.2169,	1000,	18.5917,	39.5901,	66.206],
[66.2313,	52.5148,	22.6999,	18.5917,	1000,	29.6067,	52.0814],
[39.1673,	75.8219,	29.2509,	39.5901,	29.6067,	1000,	28.1405],
[15.8027,	84.5888,	57.317,	66.206,	52.0814,	28.1405,	1000]];
						
kem = [336,	96.3028,	65.2162,	75.5325,	63.582,	37.6006,	15.1706];


kI = [0.0193];
qS = [1];

d = [[[[1.46],
[3.96],
[9.96],
[0.06],
[0.72],
[0],
[0.22]],
[[0],
[0],
[0.02],
[0.03],
[0],
[0.27],
[0.06]],
[[0],
[0],
[0],
[0],
[0],
[0],
[0]],
[[2.92],
[0],
[0],
[0],
[0.01],
[0],
[0.34]],
[[0.01],
[0.04],
[0],
[0],
[0],
[1.53],
[0.13]],
[[0],
[0.14],
[0.11],
[5.49],
[0.03],
[0],
[0]],
[[0],
[0],
[0.06],
[0],
[0],
[0],
[0]]],
[[[0.79],
[0.28],
[0],
[1.39],
[0.02],
[0],
[1.34]],
[[0],
[0.03],
[0],
[0],
[0],
[0],
[0]],
[[0],
[0],
[0],
[0],
[0],
[0],
[0]],
[[0],
[0],
[0],
[0.3],
[0],
[0],
[0]],
[[0],
[0],
[0],
[0],
[0],
[0],
[2.28]],
[[0],
[0.61],
[0.96],
[0],
[0.24],
[0],
[0.02]],
[[0],
[0],
[1.09],
[0],
[0],
[0],
[0]]]];
