 KH = 6;  
 Omegamax = 2;
 Produkte = 3;
 v = [2,2,1]; 
 KS = 126;

kS = [[1000,	100.3154,	67.9336,	78.6797,	66.2313,	39.1673,	15.8027],
[100.3154,	1000,	74.3155,	63.6129,	52.5148,	75.8219,	84.5888],
[67.9336,	74.3155,	1000,	15.2169,	22.6999,	29.2509,	57.317],
[78.6797,	63.6129,	15.2169,	1000,	18.5917,	39.5901,	66.206],
[66.2313,	52.5148,	22.6999,	18.5917,	1000,	29.6067,	52.0814],
[39.1673,	75.8219,	29.2509,	39.5901,	29.6067,	1000,	28.1405],
[15.8027,	84.5888,	57.317,	66.206,	52.0814,	28.1405,	1000]];
						
kem = [336,	96.3028,	65.2162,	75.5325,	63.582,	37.6006,	15.1706];


kI = [0.0033, 0.0193,0.0514];
qS = [1,1,1];

d = [[[[4.5,	1.46,	0.01],
[4.7,	3.96,	0.33],
[6.11,	9.96,	1.95],
[0.88,	0.06,	0.02],
[5.21,	0.72,	1.85],
[5.1,	0,	0],
[2.55,	0.22,	0]],
[[0.32,	0,	0.05],
[0.45,	0,	0],
[0.07,	0.02,	0],
[2.38,	0.03,	0],
[3.76,	0,	0],
[0,	0.27,	0],
[0,	0.06,	0]],
[[0,	0,	0],
[0,	0,	0],
[0.07,	0,	0],
[0,	0,	0],
[0,	0,	0],
[0,	0,	0],
[0.23,	0,	0.01]],
[[0.13,	2.92,	0],
[0.42,	0,	0],
[1.42,	0,	0.06],
[0,	0,	0],
[2.34,	0.01,	0],
[0,	0,	0],
[2.2,	0.34,	0]],
[[6.11,	0.01,	0],
[0,	0.04,	0.07],
[0.16,	0,	0],
[0.22,	0,	0],
[0.02,	0,	0],
[0,	1.53,	0],
[0,	0.13,	0]],
[[0,	0,	0],
[0.34,	0.14,	0.07],
[1.64,	0.11,	0],
[0.01,	5.49,	0.12],
[1.24,	0.03,	0],
[10.89,	0,	0],
[0.47,	0,	0]],
[[0,	0,	0],
[0.08,	0,	0],
[5.45,	0.06,	0],
[5.61,	0,	0],
[0,	0,	0.01],
[0.03,	0,	0],
[0,	0,	0]]],
[[[2.92,	0.79,	2.53],
[5.18,	0.28,	0],
[0.55,	0,	0.13],
[11.34,	1.39,	2.29],
[0.48,	0.02,	4.98],
[3.65,	0,	0.14],
[3.17,	1.34,	2.64]],
[[0.11,	0,	0],
[0,	0.03,	0.62],
[7.38,	0,	0],
[10.44,	0,	0],
[0.11,	0,	0],
[0.34,	0,	0],
[0.08,	0,	0]],
[[0,	0,	0],
[0,	0,	0.51],
[0,	0,	0],
[0.14,	0,	0],
[3.99,	0,	0],
[0.35,	0,	0.71],
[1.91,	0,	0]],
[[0,	0,	0],
[0.01,	0,	0],
[0,	0,	0.13],
[0,	0.3,	0],
[0.06,	0,	0],
[0,	0,	1.69],
[0,	0,	0]],
[[0,	0,	0],
[0.15,	0,	0],
[0,	0,	0],
[3.56,	0,	0],
[0.03,	0,	0],
[0,	0,	0],
[0,	2.28,	0]],
[[0.04,	0,	0],
[1.62,	0.61,	0],
[1.08,	0.96,	0],
[1.84,	0,	0],
[1.98,	0.24,	0.04],
[3.33,	0,	0],
[0.05,	0.02,	2.24]],
[[7.17,	0,	0],
[0,	0,	0.01],
[0,	1.09,	0],
[0,	0,	0],
[2.01,	0,	0],
[0,	0,	0],
[0,	0,	1.56]]]];
