 KH = 6;  
 Omegamax = 2;
 Produkte = 1;
 v = [2]; 
 KS = 27;

kS = [[1000,	61.0982,	135.3811,	125.4204,	136.6548,	117.0763,	56.9162],
[61.0982,	1000,	93.9225,	90.9353,	148.5481,	121.9531,	18.7415],
[135.3811,	93.9225,	1000,	17.3325,	119.2363,	93.723,	83.6537],
[125.4204,	90.9353,	17.3325,	1000,	102.3983,	76.5169,	77.8317],
[136.6548,	148.5481,	119.2363,	102.3983,	1000,	28.1437,	129.8136],
[117.0763,	121.9531,	93.723,	76.5169,	28.1437,	1000,	103.2318],
[56.9162,	18.7415,	83.6537,	77.8317,	129.8136,	103.2318,	1000]];
						
kem = [336,	58.6543,	129.9659,	120.4035,	131.1886,	112.3933,	54.6396];


kI = [0.0193];
qS = [1];

d = [[[[0.35],
[0.4],
[5.97],
[0.22],
[0.1],
[0.66],
[0]],
[[0.03],
[0],
[0.01],
[0.07],
[0],
[0],
[0]],
[[0],
[0],
[0.66],
[0],
[0],
[0],
[0]],
[[0],
[0],
[0],
[0],
[0],
[0],
[0.07]],
[[0.5],
[0],
[5.4],
[0.13],
[0],
[0],
[0.26]],
[[0],
[0.16],
[0],
[0],
[0.71],
[0],
[0]],
[[0.01],
[0],
[0],
[0],
[0],
[0],
[0.24]]],
[[[0],
[1],
[3.49],
[0.15],
[5.71],
[0],
[12.37]],
[[2.45],
[0],
[0],
[3.03],
[3.05],
[3.04],
[1.17]],
[[0],
[0],
[0],
[0],
[0],
[0],
[0]],
[[0],
[0],
[0],
[0],
[0],
[0],
[0]],
[[0.01],
[0.12],
[0],
[0],
[0],
[0.01],
[0]],
[[0.38],
[0],
[0.84],
[0.08],
[0.02],
[0.01],
[0]],
[[0.33],
[0],
[0],
[0],
[0.08],
[0],
[0]]]];
