 KH = 6;  
 Omegamax = 2;
 Produkte = 1;
 v = [1]; 
 KS = 9;

kS = [[1000,	38.3697,	57.8946,	30.1217,	18.8233,	28.0246,	94.1813],
[38.3697,	1000,	42.0865,	66.0012,	40.6863,	52.9436,	57.2311],
[57.8946,	42.0865,	1000,	87.3048,	44.2297,	83.5652,	80.965],
[30.1217,	66.0012,	87.3048,	1000,	44.2753,	21.9064,	117.9197],
[18.8233,	40.6863,	44.2297,	44.2753,	1000,	46.7413,	97.7309],
[28.0246,	52.9436,	83.5652,	21.9064,	46.7413,	1000,	99.4712],
[94.1813,	57.2311,	80.965,	117.9197,	97.7309,	99.4712,	1000]];
						
kem = [336,	36.8349,	55.5788,	28.9168,	18.0703,	26.9037,	90.414];


kI = [0.0514];
qS = [1];

d = [[[[0],
[0.52],
[0],
[0.15],
[0.27],
[0],
[0.15]],
[[0],
[0],
[1.89],
[0],
[0],
[0],
[0]],
[[0],
[0],
[0],
[0],
[0],
[0],
[0.25]],
[[0],
[0],
[0],
[0],
[0],
[0],
[0]],
[[0],
[0],
[0],
[0],
[0],
[0],
[0]],
[[0.04],
[0.05],
[0],
[0],
[0.05],
[0],
[0.02]],
[[0],
[0],
[0.05],
[0.51],
[0],
[0.01],
[0.06]]],
[[[0.4],
[4.11],
[0.55],
[0],
[0],
[0],
[0]],
[[0.9],
[0],
[0.03],
[0.03],
[0],
[0],
[2.48]],
[[0],
[0],
[0],
[0],
[0],
[0],
[0]],
[[0.3],
[0],
[0],
[3.65],
[0],
[0],
[0]],
[[0],
[0],
[0.45],
[0],
[0],
[0],
[0]],
[[0],
[0.01],
[1.67],
[0],
[0],
[0],
[0]],
[[0],
[0.22],
[0],
[0],
[0],
[0],
[0]]]];
