 KH = 6; 
 Omegamax = 2;
 Produkte = 1;
 v = [2]; 
 KS = 27;

kS = [[1000,	57.2372,	67.818,	71.0382,	113.7826,	113.8788,	58.1284],
[57.2372,	1000,	46.2746,	90.4893,	109.4487,	63.9478,	85.5736],
[67.818,	46.2746,	1000,	55.0772,	63.2108,	56.2776,	57.2214],
[71.0382,	90.4893,	55.0772,	1000,	51.2275,	109.1766,	14.9386],
[113.7826,	109.4487,	63.2108,	51.2275,	1000,	95.8549,	65.6871],
[113.8788,	63.9478,	56.2776,	109.1766,	95.8549,	1000,	113.2514],
[58.1284,	85.5736,	57.2214,	14.9386,	65.6871,	113.2514,	1000]];
						
kem = [336,	54.9478,	65.1053,	68.1967,	109.2313,	109.3237,	55.8032];


kI = [0.0193];
qS = [1];

d=[[[[0.1],
[0.4],
[1.11],
[0.03],
[10.98],
[0],
[0.16]],
[[0.09],
[0],
[0],
[0],
[0],
[0.5],
[0]],
[[0],
[0],
[0],
[0],
[0],
[0.01],
[0.06]],
[[0],
[0.49],
[0],
[1],
[0],
[0],
[0]],
[[0],
[0],
[0],
[0],
[0],
[0],
[0]],
[[0],
[0],
[0.73],
[0],
[0.28],
[0.02],
[0]],
[[0],
[0],
[0.02],
[0],
[0],
[0],
[0.06]]],
[[[0],
[2.74],
[0.04],
[0.67],
[0.22],
[0.22],
[0.4]],
[[0.68],
[0],
[0.16],
[0],
[0.24],
[0],
[0]],
[[0.12],
[0],
[0],
[0],
[0],
[0],
[0]],
[[0.01],
[0.01],
[0],
[0.02],
[0],
[0],
[0]],
[[0],
[0],
[0.01],
[0],
[0],
[0.01],
[0]],
[[0],
[0.04],
[0.96],
[0.03],
[0],
[1.42],
[9.53]],
[[0],
[0],
[0],
[0],
[0],
[0],
[0]]]];
