Omegamax = 5;
Produkte = 3;
v = [2,2,1];
KS = 126;

KH	=	9;								
							
											
kS	=	[[1000,	38.3697,	57.8946,	30.1217,	18.8233,	28.0246,	94.1813,	31.1978,	82.6637,	6.6888],
[38.3697,	1000,	42.0865,	66.0012,	40.6863,	52.9436,	57.2311,	32.8856,	120.1414,	34.9844],		
[57.8946,	42.0865,	1000,	87.3048,	44.2297,	83.5652,	80.965,	71.1879,	121.4214,	51.2905],		
[30.1217,	66.0012,	87.3048,	1000,	44.2753,	21.9064,	117.9197,	44.6716,	65.5233,	36.336],		
[18.8233,	40.6863,	44.2297,	44.2753,	1000,	46.7413,	97.7309,	46.9758,	82.1338,	13.2944],		
[28.0246,	52.9436,	83.5652,	21.9064,	46.7413,	1000,	99.4712,	24.9261,	87.4116,	34.3822],		
[94.1813,	57.2311,	80.965,	117.9197,	97.7309,	99.4712,	1000,	74.549,	176.7898,	91.8054],		
[31.1978,	32.8856,	71.1879,	44.6716,	46.9758,	24.9261,	74.549,	1000,	108.3524,	34.1155],		
[82.6637,	120.1414,	121.4214,	65.5233,	82.1338,	87.4116,	176.7898,	108.3524,	1000,	85.1678],		
[6.6888,	34.9844,	51.2905,	36.336,	13.2944,	34.3822,	91.8054,	34.1155,	85.1678,	1000]];		
											
kem	=	[336,	36.8349,	55.5788,	28.9168,	18.0703,	26.9037,	90.414,	29.9499,	79.3572,	6.4213];
											
											
								

kI = [0.0033,0.0193,0.0514];
qS = [1,1,1];

d = [[[[7.35,8.73,8.73],[2.25,1.74,7.72],[0.74,0.68,1.61],[7.37,12.37,1.75],[7.85,25.23,0.22],[0.52,0.16,7.63],[2.96,8.81,10.74]],[[0.58,0.01,0],[0.23,0.27,0.13],[5.45,9.96,0.83],[0.02,0.02,1.31],[2.83,2.47,0.36],[4.45,4.45,0.08],[3.73,0.02,5.4]],[[1.11,0.41,0],[0.04,0.45,0.14],[0.41,0,0],[0.42,0,0],[0.7,0,0.07],[0,0,0],[0.8,0,0]],[[1.73,0.28,0],[0,0.55,0],[0,2.14,4.58],[0,1,0.01],[0,0.6,7.41],[0,0.04,0.09],[0.29,0,0.64]],[[0.13,0,0],[0.35,2.36,0.01],[0.72,1.08,0.16],[0.32,0.85,0],[0.02,0.09,0],[0,0.06,0],[2.13,0.02,0.22]],[[0.36,2.35,4.15],[0.01,0,1.62],[0.29,2.35,0.07],[0.9,0.35,2.17],[0.48,0.71,1.03],[9.36,0.06,0],[0.34,0.02,9.36]],[[1.71,0.1,0.04],[0.82,0.37,1.2],[0,1.83,0.54],[0,0,0.18],[1.85,0.85,2.81],[0.36,0.01,0.58],[0,2,0]],[[0.78,0,1.69],[0,0.03,0.83],[0,0,6.72],[3.94,0,0],[0.81,0,2.98],[0,0.15,0],[0,0.06,1.86]],[[0.06,6.24,2.21],[3.28,0.38,0],[0.99,3.09,10.29],[0.06,0.02,0.19],[0.08,0.14,1.73],[0,0,2.15],[0,0,1.86]],[[0.19,0,0],[0,0,0],[0,0,0],[0,0,0],[0,0,0],[0,0,0],[0,0,0.06]]],[[[1.13,6.6,1.54],[3.57,0.71,0.91],[19.3,5.8,0.62],[3.83,0.06,2.52],[4.65,5.21,15.96],[1.26,0.31,7.11],[10.3,2.96,6.65]],[[0.01,5.01,0],[4.24,4.24,0.11],[0,0.02,0],[1.66,0.3,0],[0.03,2.64,0.48],[0,1.34,0.37],[0.02,1.81,3.15]],[[0.01,0.03,0],[0,1.53,1.32],[0.01,0,0],[0.23,0,0.03],[0,0.08,0.16],[0,0.29,0],[0.08,0,0.1]],[[0.01,0.5,0],[0.39,0,0],[0,0,5.46],[0,0,0],[0,0,0],[0,5.07,0],[0,0.03,0]],[[0.1,1.38,0.44],[0.9,2.16,0.07],[0.06,0.08,0],[0,10.6,0.18],[0,0,0.14],[0,2.13,0],[0.22,0,0]],[[4.43,3.9,0.78],[4.11,0.01,0.55],[0.01,0.04,0.59],[2.57,4.48,0.21],[0.29,0.19,6.24],[6.59,0,0.02],[17.32,0.01,0]],[[0,0.02,0],[0.19,4.32,0.11],[0.04,0,0.03],[0,0.02,0],[0.01,3.07,7.77],[0.02,14.55,10.63],[0.17,0.09,0]],[[0.04,1.88,0],[0,0,0],[0,0.27,0.01],[1.33,0,0.03],[0.02,0.01,0.02],[0,0,3.45],[11.73,0,4.12]],[[0.03,2.76,0.63],[2.63,0.18,1.11],[0.1,1.98,2.09],[0.15,0.46,1.37],[0.12,0,3.04],[0.61,0.44,0.03],[6.32,0.01,2.49]],[[0,0,0],[0,0,0],[0,0,0],[0,0,0],[0,0,0],[0,0,0],[0,0,0]]],[[[9.94,7.35,2.92],[10.48,5.7,3.57],[4.74,7.35,12.62],[4.16,6.96,3.04],[0.32,0.08,1.24],[23.77,13.59,11.22],[5.81,13.59,6.01]],[[3.28,0.06,0],[0.48,0.51,0.06],[1.38,3.28,0.01],[1.76,0.1,0.03],[0.22,5.21,0],[0.61,0.1,0.01],[0.02,0.37,0.12]],[[0,0,0],[0,0,1],[0.01,0.01,0],[0,0,0],[0.03,0,0.05],[0,0,0.01],[0,0,0]],[[3.01,0,0],[0.06,0.07,0],[2.14,0.28,0.01],[0.01,0.05,0.14],[4.82,0.6,0],[3.52,0.25,0],[0,0,0.12]],[[0.02,0.01,7.48],[0.77,0.06,0],[6.11,0,0.52],[0.01,0,0.02],[0,0,0.53],[0,0.15,0.41],[0.02,0.02,5.85]],[[0.92,0.16,0.83],[2.79,0.18,0.81],[0.02,0.41,0],[0.33,0.46,6.08],[0.97,1.98,0.01],[0,0.05,1.63],[0.09,3.89,0.22]],[[0.23,0.01,0.17],[0,2.46,0.99],[4.87,0,0.62],[4.05,0,1.33],[0,0.19,1.07],[0.36,0,0.64],[0.1,0,0.11]],[[0.01,0,0],[0,0,0.01],[0.07,0.2,0.64],[0,0,0],[0.52,2.02,0],[0.01,0.03,0],[2.15,1.86,0.27]],[[3.96,0.71,2.76],[2.93,0.01,0.18],[0,0.79,0.27],[0.35,0.01,0.12],[0.34,0,0.07],[16.93,0.14,16.93],[2.69,0.01,0.37]],[[0,0,0],[0,0,0],[0,0,0],[0,0,0.03],[0,0,0.13],[0,0,0],[0,0,0]]],[[[5.51,0.94,13.26],[9.18,12.31,2.02],[5.24,0.3,3.75],[1.13,0.4,0.12],[0.69,5.07,5.68],[5.1,1.92,6.01],[0.94,0.94,2.27]],[[2.42,12.76,0.88],[0.48,1.11,0.72],[0.16,0.93,0.03],[5.11,1.39,0.45],[0.16,0.2,0.12],[0,0.4,4.89],[1.96,0.06,0]],[[0,0.04,0],[0,2.49,0],[0,0.17,0],[2.07,0,0.05],[0.36,0,0],[0.53,0,1.52],[0,2.42,0.01]],[[0.67,0.05,0.06],[0.35,0.01,0.05],[2.67,0.06,0.03],[0,0.01,0],[0.67,0,1.83],[2.99,0,5.07],[0.01,0,0]],[[0.04,1.95,0],[0.03,0,0.27],[0.04,0.02,0.01],[0.46,1.91,0],[0,0.71,2.54],[1.17,0,0],[0,0,0.02]],[[0.25,0.13,4.15],[0.81,0.85,0.01],[2.76,4.74,0.02],[0.71,0.12,1.06],[0.39,0.04,1.16],[0.01,1.74,0.01],[0,0,0]],[[0.05,0.2,5.45],[0.48,0,0.3],[0.5,0.76,0],[2.07,0,0],[0,0.01,0.19],[0,0.14,0],[0.01,0.58,3.32]],[[0,6.72,0],[0,0,0.08],[2.96,0,0],[0.72,2.32,0],[0,0,0],[0.93,0,0.02],[0.27,2.15,0.1]],[[0.71,6.88,0.12],[0.69,0.52,0],[0.05,0.01,0.01],[2.28,0,0.4],[0.31,0.12,0],[1.39,0.06,0],[0.61,5.19,0.01]],[[0,0,0],[0.06,0,0],[0,0,0],[0.81,0.81,0],[0,0.13,0],[0,0,0],[0,0,0]]],[[[3,0.68,2.75],[0.12,6.29,8.39],[4.74,0.55,3.65],[6.41,0.58,7.37],[5.68,6.56,11.14],[0.01,5.1,9.89],[3.06,0.03,11.73]],[[1.05,0.09,0.06],[3.96,1.05,0.03],[0.99,9.96,0],[0.45,1.98,0.76],[0.01,0.24,0.05],[0.56,0.48,0.72],[0.01,0.61,0]],[[0.08,0,0],[0.03,0.08,0],[0.95,0,0],[0,0,0.03],[0,0.03,0],[5.77,0.03,0],[0.53,0.1,0]],[[0,0.06,0],[0,0.05,0.02],[0.05,0.02,0],[0.17,0,0.55],[0.01,0.48,0],[6.3,0,2.99],[0,0.84,0.04]],[[0,0.12,0.37],[1.22,1.43,0.01],[3.52,0.34,0.02],[1.11,0.6,0.1],[0,0,0.48],[0.03,0.04,0.66],[0,0,1.48]],[[0,1.03,0.56],[0.85,5.37,0.15],[1.72,5.93,2.62],[0.95,11.07,0.43],[0.07,0.09,0],[1.32,0.51,4.98],[17.32,0.01,0.15]],[[0.01,1.97,0.76],[1.27,0,0.63],[0.23,0.01,2.27],[0,0.35,0.01],[0.05,0.35,0],[1.24,0.44,0],[0.03,0.09,0]],[[0,0.01,0.22],[0,0.08,0],[0.01,0.1,2.09],[0.03,4.63,0],[0.04,0,0],[0.81,0.01,0.27],[2.5,0,0]],[[0.71,0.1,6.24],[1.43,3.1,1.17],[13.12,0.06,0.13],[0.11,0.24,0.3],[2.35,0.45,2.21],[0.12,0.44,0],[1.49,2.69,0]],[[0,0,0],[0.43,0,0],[0.86,0,0],[0,0,0],[0,0,0],[0,2.04,0],[0,0,0]]]];

