Omegamax = 1;
Produkte = 4;
v = [2,2,1,1];
KS = 132.8;

KH	=	9;								
							
											
kS	=	[[1000,	38.3697,	57.8946,	30.1217,	18.8233,	28.0246,	94.1813,	31.1978,	82.6637,	6.6888],
[38.3697,	1000,	42.0865,	66.0012,	40.6863,	52.9436,	57.2311,	32.8856,	120.1414,	34.9844],		
[57.8946,	42.0865,	1000,	87.3048,	44.2297,	83.5652,	80.965,	71.1879,	121.4214,	51.2905],		
[30.1217,	66.0012,	87.3048,	1000,	44.2753,	21.9064,	117.9197,	44.6716,	65.5233,	36.336],		
[18.8233,	40.6863,	44.2297,	44.2753,	1000,	46.7413,	97.7309,	46.9758,	82.1338,	13.2944],		
[28.0246,	52.9436,	83.5652,	21.9064,	46.7413,	1000,	99.4712,	24.9261,	87.4116,	34.3822],		
[94.1813,	57.2311,	80.965,	117.9197,	97.7309,	99.4712,	1000,	74.549,	176.7898,	91.8054],		
[31.1978,	32.8856,	71.1879,	44.6716,	46.9758,	24.9261,	74.549,	1000,	108.3524,	34.1155],		
[82.6637,	120.1414,	121.4214,	65.5233,	82.1338,	87.4116,	176.7898,	108.3524,	1000,	85.1678],		
[6.6888,	34.9844,	51.2905,	36.336,	13.2944,	34.3822,	91.8054,	34.1155,	85.1678,	1000]];		
											
kem	=	[336,	36.8349,	55.5788,	28.9168,	18.0703,	26.9037,	90.414,	29.9499,	79.3572,	6.4213];
											
											
								

kI = [0.0033,0.0193,0.0514,0.1153];
qS = [1,1,1,1];

d = [[[[7.35,1.13,9.94,5.51],[2.25,3.57,10.48,9.18],[0.74,19.3,4.74,5.24],[7.37,3.83,4.16,1.13],[7.85,4.65,0.32,0.69],[0.52,1.26,23.77,5.1],[2.96,10.3,5.81,0.94]],[[0.58,0.01,3.28,2.42],[0.23,4.24,0.48,0.48],[5.45,0,1.38,0.16],[0.02,1.66,1.76,5.11],[2.83,0.03,0.22,0.16],[4.45,0,0.61,0],[3.73,0.02,0.02,1.96]],[[1.11,0.01,0,0],[0.04,0,0,0],[0.41,0.01,0.01,0],[0.42,0.23,0,2.07],[0.7,0,0.03,0.36],[0,0,0,0.53],[0.8,0.08,0,0]],[[1.73,0.01,3.01,0.67],[0,0.39,0.06,0.35],[0,0,2.14,2.67],[0,0,0.01,0],[0,0,4.82,0.67],[0,0,3.52,2.99],[0.29,0,0,0.01]],[[0.13,0.1,0.02,0.04],[0.35,0.9,0.77,0.03],[0.72,0.06,6.11,0.04],[0.32,0,0.01,0.46],[0.02,0,0,0],[0,0,0,1.17],[2.13,0.22,0.02,0]],[[0.36,4.43,0.92,0.25],[0.01,4.11,2.79,0.81],[0.29,0.01,0.02,2.76],[0.9,2.57,0.33,0.71],[0.48,0.29,0.97,0.39],[9.36,6.59,0,0.01],[0.34,17.32,0.09,0]],[[1.71,0,0.23,0.05],[0.82,0.19,0,0.48],[0,0.04,4.87,0.5],[0,0,4.05,2.07],[1.85,0.01,0,0],[0.36,0.02,0.36,0],[0,0.17,0.1,0.01]],[[0.78,0.04,0.01,0],[0,0,0,0],[0,0,0.07,2.96],[3.94,1.33,0,0.72],[0.81,0.02,0.52,0],[0,0,0.01,0.93],[0,11.73,2.15,0.27]],[[0.06,0.03,3.96,0.71],[3.28,2.63,2.93,0.69],[0.99,0.1,0,0.05],[0.06,0.15,0.35,2.28],[0.08,0.12,0.34,0.31],[0,0.61,16.93,1.39],[0,6.32,2.69,0.61]],[[0.19,0,0,0],[0,0,0,0.06],[0,0,0,0],[0,0,0,0.81],[0,0,0,0],[0,0,0,0],[0,0,0,0]]]];

