Omegamax = 6;
Produkte = 4;
v = [2,2,1,1];
KS = 132.8;

KH	=	9;								
							
											
kS	=	[[1000,	38.3697,	57.8946,	30.1217,	18.8233,	28.0246,	94.1813,	31.1978,	82.6637,	6.6888],
[38.3697,	1000,	42.0865,	66.0012,	40.6863,	52.9436,	57.2311,	32.8856,	120.1414,	34.9844],		
[57.8946,	42.0865,	1000,	87.3048,	44.2297,	83.5652,	80.965,	71.1879,	121.4214,	51.2905],		
[30.1217,	66.0012,	87.3048,	1000,	44.2753,	21.9064,	117.9197,	44.6716,	65.5233,	36.336],		
[18.8233,	40.6863,	44.2297,	44.2753,	1000,	46.7413,	97.7309,	46.9758,	82.1338,	13.2944],		
[28.0246,	52.9436,	83.5652,	21.9064,	46.7413,	1000,	99.4712,	24.9261,	87.4116,	34.3822],		
[94.1813,	57.2311,	80.965,	117.9197,	97.7309,	99.4712,	1000,	74.549,	176.7898,	91.8054],		
[31.1978,	32.8856,	71.1879,	44.6716,	46.9758,	24.9261,	74.549,	1000,	108.3524,	34.1155],		
[82.6637,	120.1414,	121.4214,	65.5233,	82.1338,	87.4116,	176.7898,	108.3524,	1000,	85.1678],		
[6.6888,	34.9844,	51.2905,	36.336,	13.2944,	34.3822,	91.8054,	34.1155,	85.1678,	1000]];		
											
kem	=	[336,	36.8349,	55.5788,	28.9168,	18.0703,	26.9037,	90.414,	29.9499,	79.3572,	6.4213];
											
											
								

kI = [0.0033,0.0193,0.0514,0.1153];
qS = [1,1,1,1];

d = [[[[7.35,6.6,2.92,1.54],[2.25,0.71,3.57,16.73],[0.74,5.8,12.62,7.77],[7.37,0.06,3.04,3.73],[7.85,5.21,1.24,4.52],[0.52,0.31,11.22,1.46],[2.96,2.96,6.01,0.83]],[[0.58,5.01,0,4.63],[0.23,4.24,0.06,0.33],[5.45,0.02,0.01,0.19],[0.02,0.3,0.03,0.76],[2.83,2.64,0,3.03],[4.45,1.34,0.01,0.03],[3.73,1.81,0.12,0.02]],[[1.11,0.03,0,0],[0.04,1.53,1,0.03],[0.41,0,0,0.71],[0.42,0,0,0],[0.7,0.08,0.05,0],[0,0.29,0.01,0],[0.8,0,0,0]],[[1.73,0.5,0,0],[0,0,0,0.02],[0,0,0.01,0.46],[0,0,0.14,0.06],[0,0,0,0.01],[0,5.07,0,0],[0.29,0.03,0.12,0]],[[0.13,1.38,7.48,0],[0.35,2.16,0,0.07],[0.72,0.08,0.52,0.04],[0.32,10.6,0.02,0.02],[0.02,0,0.53,0.01],[0,2.13,0.41,0],[2.13,0,5.85,0.17]],[[0.36,3.9,0.83,0.49],[0.01,0.01,0.81,1.78],[0.29,0.04,0,9],[0.9,4.48,6.08,1.33],[0.48,0.19,0.01,3.67],[9.36,0,1.63,0],[0.34,0.01,0.22,0]],[[1.71,0.02,0.17,0.02],[0.82,4.32,0.99,0],[0,0,0.62,0.08],[0,0.02,1.33,0.3],[1.85,3.07,1.07,0],[0.36,14.55,0.64,2.69],[0,0.09,0.11,0]],[[0.78,1.88,0,0],[0,0,0.01,2.11],[0,0.27,0.64,0],[3.94,0,0,0.12],[0.81,0.01,0,0],[0,0,0,0],[0,0,0.27,1.22]],[[0.06,2.76,2.76,0.09],[3.28,0.18,0.18,0.58],[0.99,1.98,0.27,0.01],[0.06,0.46,0.12,0.02],[0.08,0,0.07,0],[0,0.44,16.93,0.01],[0,0.01,0.37,0]],[[0.19,0,0,0],[0,0,0,0],[0,0,0,0],[0,0,0.03,0],[0,0,0.13,0],[0,0,0,0],[0,0,0,0]]],[[[1.13,7.35,13.26,2.42],[3.57,5.7,2.02,0.91],[19.3,7.35,3.75,2.67],[3.83,6.96,0.12,4.05],[4.65,0.08,5.68,11.62],[1.26,13.59,6.01,5.1],[10.3,13.59,2.27,0.48]],[[0.01,0.06,0.88,0.3],[4.24,0.51,0.72,0],[0,3.28,0.03,0],[1.66,0.1,0.45,0.01],[0.03,5.21,0.12,4.06],[0,0.1,4.89,1.56],[0.02,0.37,0,0.06]],[[0.01,0,0,0],[0,0,0,0.01],[0.01,0.01,0,0],[0.23,0,0.05,0],[0,0,0,0.01],[0,0,1.52,0.03],[0.08,0,0.01,0]],[[0.01,0,0.06,0],[0.39,0.07,0.05,0.27],[0,0.28,0.03,0.61],[0,0.05,0,0.5],[0,0.6,1.83,2.34],[0,0.25,5.07,0],[0,0,0,0]],[[0.1,0.01,0,0],[0.9,0.06,0.27,1.82],[0.06,0,0.01,0.02],[0,0,0,0],[0,0,2.54,0],[0,0.15,0,0],[0.22,0.02,0.02,0.66]],[[4.43,0.16,4.15,0.29],[4.11,0.18,0.01,0],[0.01,0.41,0.02,1.72],[2.57,0.46,1.06,3.45],[0.29,1.98,1.16,1.87],[6.59,0.05,0.01,0.86],[17.32,3.89,0,0]],[[0,0.01,5.45,0.18],[0.19,2.46,0.3,10.77],[0.04,0,0,1.6],[0,0,0,0],[0.01,0.19,0.19,0.32],[0.02,0,0,0],[0.17,0,3.32,1.24]],[[0.04,0,0,0.27],[0,0,0.08,0],[0,0.2,0,0.13],[1.33,0,0,0.53],[0.02,2.02,0,0.01],[0,0.03,0.02,2.15],[11.73,1.86,0.1,0.01]],[[0.03,0.71,0.12,0.12],[2.63,0.01,0,0],[0.1,0.79,0.01,0.12],[0.15,0.01,0.4,4.6],[0.12,0,0,4.66],[0.61,0.14,0,0.01],[6.32,0.01,0.01,0.07]],[[0,0,0,0],[0,0,0,0.11],[0,0,0,0.09],[0,0,0,0],[0,0,0,0],[0,0,0,0],[0,0,0,0]]],[[[9.94,0.94,2.75,0.3],[10.48,12.31,8.39,2.63],[4.74,0.3,3.65,3.46],[4.16,0.4,7.37,0.58],[0.32,5.07,11.14,11.62],[23.77,1.92,9.89,2.65],[5.81,0.94,11.73,1.06]],[[3.28,12.76,0.06,0.01],[0.48,1.11,0.03,4.24],[1.38,0.93,0,4.3],[1.76,1.39,0.76,0.05],[0.22,0.2,0.05,1.3],[0.61,0.4,0.72,0],[0.02,0.06,0,0.31]],[[0,0.04,0,1.5],[0,2.49,0,0.01],[0.01,0.17,0,0.2],[0,0,0.03,0],[0.03,0,0,3.99],[0,0,0,0.04],[0,2.42,0,0.15]],[[3.01,0.05,0,0.28],[0.06,0.01,0.02,2.99],[2.14,0.06,0,0.09],[0.01,0.01,0.55,0.04],[4.82,0,0,1.83],[3.52,0,2.99,0],[0,0,0.04,0.22]],[[0.02,1.95,0.37,1.17],[0.77,0,0.01,0.71],[6.11,0.02,0.02,0.31],[0.01,1.91,0.1,0],[0,0.71,0.48,0],[0,0,0.66,0],[0.02,0,1.48,5.85]],[[0.92,0.13,0.56,1.27],[2.79,0.85,0.15,1.47],[0.02,4.74,2.62,3.46],[0.33,0.12,0.43,0.01],[0.97,0.04,0,1.03],[0,1.74,4.98,0.24],[0.09,0,0.15,0.55]],[[0.23,0.2,0.76,6.19],[0,0,0.63,0],[4.87,0.76,2.27,0],[4.05,0,0.01,0.64],[0,0.01,0,0.27],[0.36,0.14,0,3.32],[0.1,0.58,0,0.02]],[[0.01,6.72,0.22,0],[0,0,0,0.04],[0.07,0,2.09,0],[0,2.32,0,0.02],[0.52,0,0,0.65],[0.01,0,0.27,0],[2.15,2.15,0,0.71]],[[3.96,6.88,6.24,0.94],[2.93,0.52,1.17,0.77],[0,0.01,0.13,1.44],[0.35,0,0.3,0.35],[0.34,0.12,2.21,0.27],[16.93,0.06,0,0.03],[2.69,5.19,0,0]],[[0,0,0,0],[0,0,0,0],[0,0,0,0],[0,0.81,0,0],[0,0.13,0,0],[0,0,0,0],[0,0,0,0]]],[[[5.51,0.68,2.34,7.35],[9.18,6.29,9.47,1.74],[5.24,0.55,4.06,6.11],[1.13,0.58,4.28,0.82],[0.69,6.56,0.64,0.22],[5.1,5.1,2.45,4.04],[0.94,0.03,0.43,11.73]],[[2.42,0.09,0.26,0.79],[0.48,1.05,0.09,0],[0.16,9.96,0.09,0.01],[5.11,1.98,0,0],[0.16,0.24,2.03,0.02],[0,0.48,0.09,1.96],[1.96,0.61,0.01,0]],[[0,0,0,0.54],[0,0.08,0,1],[0,0,0,0],[2.07,0,0,0],[0.36,0.03,0,0],[0.53,0.03,0,0.8],[0,0.1,0,0.43]],[[0.67,0.06,0.03,0.67],[0.35,0.05,0.04,0.01],[2.67,0.02,0,0.05],[0,0,0,0.11],[0.67,0.48,0,0.75],[2.99,0,0,2.99],[0.01,0.84,0.22,1.26]],[[0.04,0.12,0,0.4],[0.03,1.43,0,3.13],[0.04,0.34,0.03,0],[0.46,0.6,4.6,0.01],[0,0,3.6,0],[1.17,0.04,0,1.88],[0,0,0.37,0]],[[0.25,1.03,0.09,0.59],[0.81,5.37,6.91,0.38],[2.76,5.93,0,0],[0.71,11.07,0.4,9.38],[0.39,0.09,0.01,0.42],[0.01,0.51,0.16,0.02],[0,0.01,0,0.01]],[[0.05,1.97,0.37,0.58],[0.48,0,4.32,0.25],[0.5,0.01,4.4,0],[2.07,0.35,1.78,0.02],[0,0.35,0.01,0.01],[0,0.44,0.15,0],[0.01,0.09,0.01,0]],[[0,0.01,0.15,0.01],[0,0.08,0.01,0.02],[2.96,0.1,0.48,0],[0.72,4.63,0,0.35],[0,0,0,0.16],[0.93,0.01,0,0.05],[0.27,0,1.22,0]],[[0.71,0.1,0.03,0.84],[0.69,3.1,0.69,0],[0.05,0.06,0.44,13.12],[2.28,0.24,0.07,0],[0.31,0.45,0.01,3.73],[1.39,0.44,0.41,0.83],[0.61,2.69,2.31,1.29]],[[0,0,0,0],[0.06,0,0,0],[0,0,0,0],[0.81,0,0,0],[0,0,0,0],[0,2.04,0,0],[0,0,0,0]]],[[[3,8.73,9.61,1.68],[0.12,7.72,1.95,10.87],[4.74,1.61,6.11,2.75],[6.41,1.75,0.58,2.2],[5.68,0.22,0.22,11.62],[0.01,7.63,1.32,0.23],[3.06,10.74,1.32,0.16]],[[1.05,0,12.76,1.31],[3.96,0.13,0.04,4.92],[0.99,0.83,0.06,0.11],[0.45,1.31,0,0.86],[0.01,0.36,10.98,0],[0.56,0.08,0.02,8.67],[0.01,5.4,0.02,0]],[[0.08,0,0,0],[0.03,0.14,0.03,0.02],[0.95,0,0.01,0.95],[0,0,0,0],[0,0.07,0,0],[5.77,0,0,0.99],[0.53,0,0,0.29]],[[0,0,0,0.02],[0,0,0,0.42],[0.05,4.58,0,0.46],[0.17,0.01,0.01,0.05],[0.01,7.41,0.02,0.04],[6.3,0.09,0,0.04],[0,0.64,0.14,0]],[[0,0,0.01,0.01],[1.22,0.01,0.52,0],[3.52,0.16,1.5,1.95],[1.11,0,0.1,0.1],[0,0,0,0],[0.03,0,0.15,0.01],[0,0.22,0,0]],[[0,4.15,0.59,0.01],[0.85,1.62,0.03,1.15],[1.72,0.07,0,0.06],[0.95,2.17,1.06,0.08],[0.07,1.03,1.39,0.01],[1.32,0,0,0.55],[17.32,9.36,0.47,0.51]],[[0.01,0.04,0.81,0.07],[1.27,1.2,0.01,0],[0.23,0.54,0.76,0.13],[0,0.18,0.6,0],[0.05,2.81,0,0.13],[1.24,0.58,0,0.07],[0.03,0,0.71,0.32]],[[0,1.69,0,0.01],[0,0.83,1.19,0.14],[0.01,6.72,2.62,0.36],[0.03,0,0.25,0],[0.04,2.98,0,0],[0.81,0,2.15,0.81],[2.5,1.86,0.11,4.12]],[[0.71,2.21,0.01,0.67],[1.43,0,4.47,0.11],[13.12,10.29,0,0],[0.11,0.19,0,0],[2.35,1.73,0.83,1.63],[0.12,2.15,1.03,0],[1.49,1.86,0,0.37]],[[0,0,0,0],[0.43,0,0,0],[0.86,0,0.05,0],[0,0,0,0],[0,0,0,0],[0,0,0,0],[0,0.06,0,0]]],[[[8.73,1.54,2.04,4.06],[1.74,0.91,0.78,3.39],[0.68,0.62,7.55,2.34],[12.37,2.52,3.33,1.26],[25.23,15.96,0.58,3.37],[0.16,7.11,17.48,0.16],[8.81,6.65,11.73,5.63]],[[0.01,0,0.83,6.6],[0.27,0.11,0.07,0],[9.96,0,0.01,3.08],[0.02,0,1.76,0],[2.47,0.48,0.33,0.05],[4.45,0.37,0.05,0.16],[0.02,3.15,0.78,0]],[[0.41,0,0.02,0.01],[0.45,1.32,0,0.02],[0,0,0.17,0],[0,0.03,0,0],[0,0.16,0,0],[0,0,0,0],[0,0.1,0,0]],[[0.28,0,0,0.34],[0.55,0,0.01,0.04],[2.14,5.46,0,0],[1,0,0.01,0.1],[0.6,0,0,0],[0.04,0,4.19,0],[0,0,1.66,0]],[[0,0.44,0.01,0.24],[2.36,0.07,9.58,0.08],[1.08,0,0.24,0.01],[0.85,0.18,0.93,0],[0.09,0.14,0,0],[0.06,0,0,0],[0.02,0,0.32,0]],[[2.35,0.78,9,0.01],[0,0.55,0.36,0],[2.35,0.59,0.36,5.48],[0.35,0.21,11.07,7.35],[0.71,6.24,11.65,0.12],[0.06,0.02,0.15,0.64],[0.02,0,0,0]],[[0.1,0,2.64,0],[0.37,0.11,0,0.02],[1.83,0.03,0,0.71],[0,0,0.05,0.1],[0.85,7.77,0,0.48],[0.01,10.63,0.02,0],[2,0,0.01,0]],[[0,0,0,1.14],[0.03,0,0.37,0],[0,0.01,0,0],[0,0.03,0,0.01],[0,0.02,0.03,0.05],[0.15,3.45,4.12,0.41],[0.06,4.12,0.05,0.05]],[[6.24,0.63,0,0],[0.38,1.11,3.93,0.03],[3.09,2.09,0.46,0.25],[0.02,1.37,0.64,0.21],[0.14,3.04,2.21,8.28],[0,0.03,0.06,0],[0,2.49,0.29,2.15]],[[0,0,0,0],[0,0,0,0],[0,0,0,0],[0,0,0,0],[0,0,0,0],[0,0,0,0],[0,0,0,0]]]];

