Omegamax = 9;
Produkte = 3;
v = [2,2,1];
KS = 126;

KH	=	9;								
							
											
kS = [[1000,	57.2372,	67.818,	71.0382,	113.7826,	113.8788,	58.1284,	11.8263,	18.415,	123.4198],
[57.2372,	1000,	46.2746,	90.4893,	109.4487,	63.9478,	85.5736,	67.1704,	61.1488,	79.4736],
[67.818,	46.2746,	1000,	55.0772,	63.2108,	56.2776,	57.2214,	71.1569,	58.0168,	58.8204],
[71.0382,	90.4893,	55.0772,	1000,	51.2275,	109.1766,	14.9386,	64.9797,	52.6937,	105.6924],
[113.7826,	109.4487,	63.2108,	51.2275,	1000,	95.8549,	65.6871,	110.9154,	97.0091,	82.8634],
[113.8788,	63.9478,	56.2776,	109.1766,	95.8549,	1000,	113.2514,	120.7053,	109.6557,	21.205],
[58.1284,	85.5736,	57.2214,	14.9386,	65.6871,	113.2514,	1000,	51.0286,	39.7368,	112.4334],
[11.8263,	67.1704,	71.1569,	64.9797,	110.9154,	120.7053,	51.0286,	1000,	14.2461,	128.6299],
[18.415,	61.1488,	58.0168,	52.6937,	97.0091,	109.6557,	39.7368,	14.2461,	1000,	116.2309],
[123.4198,	79.4736,	58.8204,	105.6924,	82.8634,	21.205,	112.4334,	128.6299,	116.2309,	1000]];
									
kem = [336,	54.9478,	65.1053,	68.1967,	109.2313,	109.3237,	55.8032,	11.3532,	17.6784,	118.4831];
											
											
								

kI = [0.0033,0.0193,0.0514];
qS = [1,1,1];

d = [[[[7.35,0.68,1.54],[2.25,6.29,16.73],[0.74,0.55,7.77],[7.37,0.58,3.73],[7.85,6.56,4.52],[0.52,5.1,1.46],[2.96,0.03,0.83]],[[0.58,0.09,4.63],[0.23,1.05,0.33],[5.45,9.96,0.19],[0.02,1.98,0.76],[2.83,0.24,3.03],[4.45,0.48,0.03],[3.73,0.61,0.02]],[[1.11,0,0],[0.04,0.08,0.03],[0.41,0,0.71],[0.42,0,0],[0.7,0.03,0],[0,0.03,0],[0.8,0.1,0]],[[1.73,0.06,0],[0,0.05,0.02],[0,0.02,0.46],[0,0,0.06],[0,0.48,0.01],[0,0,0],[0.29,0.84,0]],[[0.13,0.12,0],[0.35,1.43,0.07],[0.72,0.34,0.04],[0.32,0.6,0.02],[0.02,0,0.01],[0,0.04,0],[2.13,0,0.17]],[[0.36,1.03,0.49],[0.01,5.37,1.78],[0.29,5.93,9],[0.9,11.07,1.33],[0.48,0.09,3.67],[9.36,0.51,0],[0.34,0.01,0]],[[1.71,1.97,0.02],[0.82,0,0],[0,0.01,0.08],[0,0.35,0.3],[1.85,0.35,0],[0.36,0.44,2.69],[0,0.09,0]],[[0.78,0.01,0],[0,0.08,2.11],[0,0.1,0],[3.94,4.63,0.12],[0.81,0,0],[0,0.01,0],[0,0,1.22]],[[0.06,0.1,0.09],[3.28,3.1,0.58],[0.99,0.06,0.01],[0.06,0.24,0.02],[0.08,0.45,0],[0,0.44,0.01],[0,2.69,0]],[[0.19,0,0],[0,0,0],[0,0,0],[0,0,0],[0,0,0],[0,2.04,0],[0,0,0]]],[[[1.13,8.73,2.42],[3.57,7.72,0.91],[19.3,1.61,2.67],[3.83,1.75,4.05],[4.65,0.22,11.62],[1.26,7.63,5.1],[10.3,10.74,0.48]],[[0.01,0,0.3],[4.24,0.13,0],[0,0.83,0],[1.66,1.31,0.01],[0.03,0.36,4.06],[0,0.08,1.56],[0.02,5.4,0.06]],[[0.01,0,0],[0,0.14,0.01],[0.01,0,0],[0.23,0,0],[0,0.07,0.01],[0,0,0.03],[0.08,0,0]],[[0.01,0,0],[0.39,0,0.27],[0,4.58,0.61],[0,0.01,0.5],[0,7.41,2.34],[0,0.09,0],[0,0.64,0]],[[0.1,0,0],[0.9,0.01,1.82],[0.06,0.16,0.02],[0,0,0],[0,0,0],[0,0,0],[0.22,0.22,0.66]],[[4.43,4.15,0.29],[4.11,1.62,0],[0.01,0.07,1.72],[2.57,2.17,3.45],[0.29,1.03,1.87],[6.59,0,0.86],[17.32,9.36,0]],[[0,0.04,0.18],[0.19,1.2,10.77],[0.04,0.54,1.6],[0,0.18,0],[0.01,2.81,0.32],[0.02,0.58,0],[0.17,0,1.24]],[[0.04,1.69,0.27],[0,0.83,0],[0,6.72,0.13],[1.33,0,0.53],[0.02,2.98,0.01],[0,0,2.15],[11.73,1.86,0.01]],[[0.03,2.21,0.12],[2.63,0,0],[0.1,10.29,0.12],[0.15,0.19,4.6],[0.12,1.73,4.66],[0.61,2.15,0.01],[6.32,1.86,0.07]],[[0,0,0],[0,0,0.11],[0,0,0.09],[0,0,0],[0,0,0],[0,0,0],[0,0.06,0]]],[[[9.94,1.54,0.3],[10.48,0.91,2.63],[4.74,0.62,3.46],[4.16,2.52,0.58],[0.32,15.96,11.62],[23.77,7.11,2.65],[5.81,6.65,1.06]],[[3.28,0,0.01],[0.48,0.11,4.24],[1.38,0,4.3],[1.76,0,0.05],[0.22,0.48,1.3],[0.61,0.37,0],[0.02,3.15,0.31]],[[0,0,1.5],[0,1.32,0.01],[0.01,0,0.2],[0,0.03,0],[0.03,0.16,3.99],[0,0,0.04],[0,0.1,0.15]],[[3.01,0,0.28],[0.06,0,2.99],[2.14,5.46,0.09],[0.01,0,0.04],[4.82,0,1.83],[3.52,0,0],[0,0,0.22]],[[0.02,0.44,1.17],[0.77,0.07,0.71],[6.11,0,0.31],[0.01,0.18,0],[0,0.14,0],[0,0,0],[0.02,0,5.85]],[[0.92,0.78,1.27],[2.79,0.55,1.47],[0.02,0.59,3.46],[0.33,0.21,0.01],[0.97,6.24,1.03],[0,0.02,0.24],[0.09,0,0.55]],[[0.23,0,6.19],[0,0.11,0],[4.87,0.03,0],[4.05,0,0.64],[0,7.77,0.27],[0.36,10.63,3.32],[0.1,0,0.02]],[[0.01,0,0],[0,0,0.04],[0.07,0.01,0],[0,0.03,0.02],[0.52,0.02,0.65],[0.01,3.45,0],[2.15,4.12,0.71]],[[3.96,0.63,0.94],[2.93,1.11,0.77],[0,2.09,1.44],[0.35,1.37,0.35],[0.34,3.04,0.27],[16.93,0.03,0.03],[2.69,2.49,0]],[[0,0,0],[0,0,0],[0,0,0],[0,0,0],[0,0,0],[0,0,0],[0,0,0]]],[[[5.51,2.92,7.35],[9.18,3.57,1.74],[5.24,12.62,6.11],[1.13,3.04,0.82],[0.69,1.24,0.22],[5.1,11.22,4.04],[0.94,6.01,11.73]],[[2.42,0,0.79],[0.48,0.06,0],[0.16,0.01,0.01],[5.11,0.03,0],[0.16,0,0.02],[0,0.01,1.96],[1.96,0.12,0]],[[0,0,0.54],[0,1,1],[0,0,0],[2.07,0,0],[0.36,0.05,0],[0.53,0.01,0.8],[0,0,0.43]],[[0.67,0,0.67],[0.35,0,0.01],[2.67,0.01,0.05],[0,0.14,0.11],[0.67,0,0.75],[2.99,0,2.99],[0.01,0.12,1.26]],[[0.04,7.48,0.4],[0.03,0,3.13],[0.04,0.52,0],[0.46,0.02,0.01],[0,0.53,0],[1.17,0.41,1.88],[0,5.85,0]],[[0.25,0.83,0.59],[0.81,0.81,0.38],[2.76,0,0],[0.71,6.08,9.38],[0.39,0.01,0.42],[0.01,1.63,0.02],[0,0.22,0.01]],[[0.05,0.17,0.58],[0.48,0.99,0.25],[0.5,0.62,0],[2.07,1.33,0.02],[0,1.07,0.01],[0,0.64,0],[0.01,0.11,0]],[[0,0,0.01],[0,0.01,0.02],[2.96,0.64,0],[0.72,0,0.35],[0,0,0.16],[0.93,0,0.05],[0.27,0.27,0]],[[0.71,2.76,0.84],[0.69,0.18,0],[0.05,0.27,13.12],[2.28,0.12,0],[0.31,0.07,3.73],[1.39,16.93,0.83],[0.61,0.37,1.29]],[[0,0,0],[0.06,0,0],[0,0,0],[0.81,0.03,0],[0,0.13,0],[0,0,0],[0,0,0]]],[[[3,13.26,1.68],[0.12,2.02,10.87],[4.74,3.75,2.75],[6.41,0.12,2.2],[5.68,5.68,11.62],[0.01,6.01,0.23],[3.06,2.27,0.16]],[[1.05,0.88,1.31],[3.96,0.72,4.92],[0.99,0.03,0.11],[0.45,0.45,0.86],[0.01,0.12,0],[0.56,4.89,8.67],[0.01,0,0]],[[0.08,0,0],[0.03,0,0.02],[0.95,0,0.95],[0,0.05,0],[0,0,0],[5.77,1.52,0.99],[0.53,0.01,0.29]],[[0,0.06,0.02],[0,0.05,0.42],[0.05,0.03,0.46],[0.17,0,0.05],[0.01,1.83,0.04],[6.3,5.07,0.04],[0,0,0]],[[0,0,0.01],[1.22,0.27,0],[3.52,0.01,1.95],[1.11,0,0.1],[0,2.54,0],[0.03,0,0.01],[0,0.02,0]],[[0,4.15,0.01],[0.85,0.01,1.15],[1.72,0.02,0.06],[0.95,1.06,0.08],[0.07,1.16,0.01],[1.32,0.01,0.55],[17.32,0,0.51]],[[0.01,5.45,0.07],[1.27,0.3,0],[0.23,0,0.13],[0,0,0],[0.05,0.19,0.13],[1.24,0,0.07],[0.03,3.32,0.32]],[[0,0,0.01],[0,0.08,0.14],[0.01,0,0.36],[0.03,0,0],[0.04,0,0],[0.81,0.02,0.81],[2.5,0.1,4.12]],[[0.71,0.12,0.67],[1.43,0,0.11],[13.12,0.01,0],[0.11,0.4,0],[2.35,0,1.63],[0.12,0,0],[1.49,0.01,0.37]],[[0,0,0],[0.43,0,0],[0.86,0,0],[0,0,0],[0,0,0],[0,0,0],[0,0,0]]],[[[8.73,2.75,4.06],[1.74,8.39,3.39],[0.68,3.65,2.34],[12.37,7.37,1.26],[25.23,11.14,3.37],[0.16,9.89,0.16],[8.81,11.73,5.63]],[[0.01,0.06,6.6],[0.27,0.03,0],[9.96,0,3.08],[0.02,0.76,0],[2.47,0.05,0.05],[4.45,0.72,0.16],[0.02,0,0]],[[0.41,0,0.01],[0.45,0,0.02],[0,0,0],[0,0.03,0],[0,0,0],[0,0,0],[0,0,0]],[[0.28,0,0.34],[0.55,0.02,0.04],[2.14,0,0],[1,0.55,0.1],[0.6,0,0],[0.04,2.99,0],[0,0.04,0]],[[0,0.37,0.24],[2.36,0.01,0.08],[1.08,0.02,0.01],[0.85,0.1,0],[0.09,0.48,0],[0.06,0.66,0],[0.02,1.48,0]],[[2.35,0.56,0.01],[0,0.15,0],[2.35,2.62,5.48],[0.35,0.43,7.35],[0.71,0,0.12],[0.06,4.98,0.64],[0.02,0.15,0]],[[0.1,0.76,0],[0.37,0.63,0.02],[1.83,2.27,0.71],[0,0.01,0.1],[0.85,0,0.48],[0.01,0,0],[2,0,0]],[[0,0.22,1.14],[0.03,0,0],[0,2.09,0],[0,0,0.01],[0,0,0.05],[0.15,0.27,0.41],[0.06,0,0.05]],[[6.24,6.24,0],[0.38,1.17,0.03],[3.09,0.13,0.25],[0.02,0.3,0.21],[0.14,2.21,8.28],[0,0,0],[0,0,2.15]],[[0,0,0],[0,0,0],[0,0,0],[0,0,0],[0,0,0],[0,0,0],[0,0,0]]],[[[6.6,2.34,2.04],[0.71,9.47,12.31],[5.8,4.06,11.55],[0.06,4.28,0.58],[5.21,0.64,0.93],[0.31,2.45,2.27],[2.96,0.43,15.24]],[[5.01,0.26,2.89],[4.24,0.09,0],[0.02,0.09,0.05],[0.3,0,0.48],[2.64,2.03,0],[1.34,0.09,0.72],[1.81,0.01,0.04]],[[0.03,0,0],[1.53,0,0],[0,0,0.35],[0,0,0.02],[0.08,0,0],[0.29,0,0],[0,0,0]],[[0.5,0.03,9.3],[0,0.04,0.01],[0,0,0.28],[0,0,0],[0,0,0.84],[5.07,0,1.44],[0.03,0.22,0.14]],[[1.38,0,0],[2.16,0,0.9],[0.08,0.03,0.01],[10.6,4.6,3.56],[0,3.6,0.01],[2.13,0,0],[0,0.37,12.87]],[[3.9,0.09,1.2],[0.01,6.91,10.13],[0.04,0,6.47],[4.48,0.4,0.18],[0.19,0.01,0],[0,0.16,0],[0.01,0,4.98]],[[0.02,0.37,0.28],[4.32,4.32,0],[0,4.4,0.04],[0.02,1.78,0],[3.07,0.01,0.01],[14.55,0.15,0],[0.09,0.01,0.07]],[[1.88,0.15,0],[0,0.01,0.17],[0.27,0.48,0.12],[0,0,0.01],[0.01,0,0.01],[0,0,0],[0,1.22,0]],[[2.76,0.03,0],[0.18,0.69,0.29],[1.98,0.44,0.89],[0.46,0.07,0.04],[0,0.01,0.04],[0.44,0.41,1.49],[0.01,2.31,0]],[[0,0,0],[0,0,0],[0,0,0],[0,0,0],[0,0,0],[0,0,0],[0,0,0]]],[[[7.35,9.61,0.74],[5.7,1.95,5.56],[7.35,6.11,7.55],[6.96,0.58,0.52],[0.08,0.22,25.23],[13.59,1.32,0.13],[13.59,1.32,5.44]],[[0.06,12.76,2.72],[0.51,0.04,0],[3.28,0.06,0.04],[0.1,0,6.13],[5.21,10.98,0.03],[0.1,0.02,0],[0.37,0.02,0.04]],[[0,0,0.01],[0,0.03,0.04],[0.01,0.01,0.35],[0,0,0.02],[0,0,0],[0,0,0],[0,0,0]],[[0,0,0.23],[0.07,0,8.86],[0.28,0,1.29],[0.05,0.01,4],[0.6,0.02,2.06],[0.25,0,0.16],[0,0.14,0.01]],[[0.01,0.01,0.02],[0.06,0.52,1.55],[0,1.5,0.28],[0,0.1,0.01],[0,0,2.05],[0.15,0.15,0.01],[0.02,0,0]],[[0.16,0.59,1.08],[0.18,0.03,0.44],[0.41,0,0.02],[0.46,1.06,0.4],[1.98,1.39,3.67],[0.05,0,0],[3.89,0.47,1.23]],[[0.01,0.81,0.01],[2.46,0.01,0],[0,0.76,0],[0,0.6,0.25],[0.19,0,0],[0,0,0],[0,0.71,1.37]],[[0,0,2.09],[0,1.19,0.44],[0.2,2.62,0.94],[0,0.25,0],[2.02,0,0],[0.03,2.15,0.15],[1.86,0.11,0]],[[0.71,0.01,0.27],[0.01,4.47,0.04],[0.79,0,3.49],[0.01,0,0.02],[0,0.83,0.83],[0.14,1.03,3.39],[0.01,0,0.15]],[[0,0,0],[0,0,0],[0,0.05,0],[0,0,0],[0,0,0.02],[0,0,0],[0,0,0]]],[[[0.94,2.04,4.5],[12.31,0.78,2.02],[0.3,7.55,2.42],[0.4,3.33,2.28],[5.07,0.58,0],[1.92,17.48,1.39],[0.94,11.73,4.77]],[[12.76,0.83,3.49],[1.11,0.07,0.31],[0.93,0.01,0.13],[1.39,1.76,0.03],[0.2,0.33,0.02],[0.4,0.05,0],[0.06,0.78,0.1]],[[0.04,0.02,0.05],[2.49,0,0],[0.17,0.17,0],[0,0,0.01],[0,0,0.01],[0,0,0],[2.42,0,0]],[[0.05,0,0],[0.01,0.01,0.01],[0.06,0,2.67],[0.01,0.01,0],[0,0,0.15],[0,4.19,0],[0,1.66,0]],[[1.95,0.01,0],[0,9.58,0],[0.02,0.24,0.37],[1.91,0.93,0.05],[0.71,0,0.16],[0,0,1.32],[0,0.32,0]],[[0.13,9,1.2],[0.85,0.36,0],[4.74,0.36,0.01],[0.12,11.07,0.49],[0.04,11.65,3.67],[1.74,0.15,3.33],[0,0,0.01]],[[0.2,2.64,0],[0,0,0],[0.76,0,2.85],[0,0.05,3.68],[0.01,0,0.02],[0.14,0.02,0],[0.58,0.01,0.24]],[[6.72,0,0.18],[0,0.37,0.04],[0,0,0],[2.32,0,0.88],[0,0.03,0.41],[0,4.12,0.27],[2.15,0.05,0.36]],[[6.88,0,0.84],[0.52,3.93,5.16],[0.01,0.46,0.67],[0,0.64,0.02],[0.12,2.21,0.56],[0.06,0.06,0.04],[5.19,0.29,0.15]],[[0,0,0],[0,0,0],[0,0,0],[0.81,0,0],[0.13,0,0],[0,0,0],[0,0,0]]]];

