Omegamax = 6;
Produkte = 2;
v = [2,2];
KS = 117;

KH	=	9;								
							
											
kS = [[1000,	61.0982,	135.3811,	125.4204,	136.6548,	117.0763,	56.9162,	31.051,	62.8976,	111.512],
[61.0982,	1000,	93.9225,	90.9353,	148.5481,	121.9531,	18.7415,	88.1098,	108.0461,	125.9754],
[135.3811,	93.9225,	1000,	17.3325,	119.2363,	93.723,	83.6537,	147.5133,	143.5935,	110.1599],
[125.4204,	90.9353,	17.3325,	1000,	102.3983,	76.5169,	77.8317,	134.7515,	128.243,	92.8303],
[136.6548,	148.5481,	119.2363,	102.3983,	1000,	28.1437,	129.8136,	121.5764,	90.0895,	25.1435],
[117.0763,	121.9531,	93.723,	76.5169,	28.1437,	1000,	103.2318,	107.2947,	81.5113,	18.9332],
[56.9162,	18.7415,	83.6537,	77.8317,	129.8136,	103.2318,	1000,	79.282,	94.1049,	107.3586],
[31.051,	88.1098,	147.5133,	134.7515,	121.5764,	107.2947,	79.282,	1000,	36.2807,	97.1766],
[62.8976,	108.0461,	143.5935,	128.243,	90.0895,	81.5113,	94.1049,	36.2807,	1000,	67.5128],
[111.512,	125.9754,	110.1599,	92.8303,	25.1435,	18.9332,	107.3586,	97.1766,	67.5128,	1000]];
									
kem = [336,	58.6543,	129.9659,	120.4035,	131.1886,	112.3933,	54.6396,	29.8089,	60.3817,	107.0515];
											
											
								

kI = [0.0033,0.0193];
qS = [1,1];

d = [[[[7.35,6.6],[2.25,0.71],[0.74,5.8],[7.37,0.06],[7.85,5.21],[0.52,0.31],[2.96,2.96]],[[0.58,5.01],[0.23,4.24],[5.45,0.02],[0.02,0.3],[2.83,2.64],[4.45,1.34],[3.73,1.81]],[[1.11,0.03],[0.04,1.53],[0.41,0],[0.42,0],[0.7,0.08],[0,0.29],[0.8,0]],[[1.73,0.5],[0,0],[0,0],[0,0],[0,0],[0,5.07],[0.29,0.03]],[[0.13,1.38],[0.35,2.16],[0.72,0.08],[0.32,10.6],[0.02,0],[0,2.13],[2.13,0]],[[0.36,3.9],[0.01,0.01],[0.29,0.04],[0.9,4.48],[0.48,0.19],[9.36,0],[0.34,0.01]],[[1.71,0.02],[0.82,4.32],[0,0],[0,0.02],[1.85,3.07],[0.36,14.55],[0,0.09]],[[0.78,1.88],[0,0],[0,0.27],[3.94,0],[0.81,0.01],[0,0],[0,0]],[[0.06,2.76],[3.28,0.18],[0.99,1.98],[0.06,0.46],[0.08,0],[0,0.44],[0,0.01]],[[0.19,0],[0,0],[0,0],[0,0],[0,0],[0,0],[0,0]]],[[[1.13,7.35],[3.57,5.7],[19.3,7.35],[3.83,6.96],[4.65,0.08],[1.26,13.59],[10.3,13.59]],[[0.01,0.06],[4.24,0.51],[0,3.28],[1.66,0.1],[0.03,5.21],[0,0.1],[0.02,0.37]],[[0.01,0],[0,0],[0.01,0.01],[0.23,0],[0,0],[0,0],[0.08,0]],[[0.01,0],[0.39,0.07],[0,0.28],[0,0.05],[0,0.6],[0,0.25],[0,0]],[[0.1,0.01],[0.9,0.06],[0.06,0],[0,0],[0,0],[0,0.15],[0.22,0.02]],[[4.43,0.16],[4.11,0.18],[0.01,0.41],[2.57,0.46],[0.29,1.98],[6.59,0.05],[17.32,3.89]],[[0,0.01],[0.19,2.46],[0.04,0],[0,0],[0.01,0.19],[0.02,0],[0.17,0]],[[0.04,0],[0,0],[0,0.2],[1.33,0],[0.02,2.02],[0,0.03],[11.73,1.86]],[[0.03,0.71],[2.63,0.01],[0.1,0.79],[0.15,0.01],[0.12,0],[0.61,0.14],[6.32,0.01]],[[0,0],[0,0],[0,0],[0,0],[0,0],[0,0],[0,0]]],[[[9.94,0.94],[10.48,12.31],[4.74,0.3],[4.16,0.4],[0.32,5.07],[23.77,1.92],[5.81,0.94]],[[3.28,12.76],[0.48,1.11],[1.38,0.93],[1.76,1.39],[0.22,0.2],[0.61,0.4],[0.02,0.06]],[[0,0.04],[0,2.49],[0.01,0.17],[0,0],[0.03,0],[0,0],[0,2.42]],[[3.01,0.05],[0.06,0.01],[2.14,0.06],[0.01,0.01],[4.82,0],[3.52,0],[0,0]],[[0.02,1.95],[0.77,0],[6.11,0.02],[0.01,1.91],[0,0.71],[0,0],[0.02,0]],[[0.92,0.13],[2.79,0.85],[0.02,4.74],[0.33,0.12],[0.97,0.04],[0,1.74],[0.09,0]],[[0.23,0.2],[0,0],[4.87,0.76],[4.05,0],[0,0.01],[0.36,0.14],[0.1,0.58]],[[0.01,6.72],[0,0],[0.07,0],[0,2.32],[0.52,0],[0.01,0],[2.15,2.15]],[[3.96,6.88],[2.93,0.52],[0,0.01],[0.35,0],[0.34,0.12],[16.93,0.06],[2.69,5.19]],[[0,0],[0,0],[0,0],[0,0.81],[0,0.13],[0,0],[0,0]]],[[[5.51,0.68],[9.18,6.29],[5.24,0.55],[1.13,0.58],[0.69,6.56],[5.1,5.1],[0.94,0.03]],[[2.42,0.09],[0.48,1.05],[0.16,9.96],[5.11,1.98],[0.16,0.24],[0,0.48],[1.96,0.61]],[[0,0],[0,0.08],[0,0],[2.07,0],[0.36,0.03],[0.53,0.03],[0,0.1]],[[0.67,0.06],[0.35,0.05],[2.67,0.02],[0,0],[0.67,0.48],[2.99,0],[0.01,0.84]],[[0.04,0.12],[0.03,1.43],[0.04,0.34],[0.46,0.6],[0,0],[1.17,0.04],[0,0]],[[0.25,1.03],[0.81,5.37],[2.76,5.93],[0.71,11.07],[0.39,0.09],[0.01,0.51],[0,0.01]],[[0.05,1.97],[0.48,0],[0.5,0.01],[2.07,0.35],[0,0.35],[0,0.44],[0.01,0.09]],[[0,0.01],[0,0.08],[2.96,0.1],[0.72,4.63],[0,0],[0.93,0.01],[0.27,0]],[[0.71,0.1],[0.69,3.1],[0.05,0.06],[2.28,0.24],[0.31,0.45],[1.39,0.44],[0.61,2.69]],[[0,0],[0.06,0],[0,0],[0.81,0],[0,0],[0,2.04],[0,0]]],[[[3,8.73],[0.12,7.72],[4.74,1.61],[6.41,1.75],[5.68,0.22],[0.01,7.63],[3.06,10.74]],[[1.05,0],[3.96,0.13],[0.99,0.83],[0.45,1.31],[0.01,0.36],[0.56,0.08],[0.01,5.4]],[[0.08,0],[0.03,0.14],[0.95,0],[0,0],[0,0.07],[5.77,0],[0.53,0]],[[0,0],[0,0],[0.05,4.58],[0.17,0.01],[0.01,7.41],[6.3,0.09],[0,0.64]],[[0,0],[1.22,0.01],[3.52,0.16],[1.11,0],[0,0],[0.03,0],[0,0.22]],[[0,4.15],[0.85,1.62],[1.72,0.07],[0.95,2.17],[0.07,1.03],[1.32,0],[17.32,9.36]],[[0.01,0.04],[1.27,1.2],[0.23,0.54],[0,0.18],[0.05,2.81],[1.24,0.58],[0.03,0]],[[0,1.69],[0,0.83],[0.01,6.72],[0.03,0],[0.04,2.98],[0.81,0],[2.5,1.86]],[[0.71,2.21],[1.43,0],[13.12,10.29],[0.11,0.19],[2.35,1.73],[0.12,2.15],[1.49,1.86]],[[0,0],[0.43,0],[0.86,0],[0,0],[0,0],[0,0],[0,0.06]]],[[[8.73,1.54],[1.74,0.91],[0.68,0.62],[12.37,2.52],[25.23,15.96],[0.16,7.11],[8.81,6.65]],[[0.01,0],[0.27,0.11],[9.96,0],[0.02,0],[2.47,0.48],[4.45,0.37],[0.02,3.15]],[[0.41,0],[0.45,1.32],[0,0],[0,0.03],[0,0.16],[0,0],[0,0.1]],[[0.28,0],[0.55,0],[2.14,5.46],[1,0],[0.6,0],[0.04,0],[0,0]],[[0,0.44],[2.36,0.07],[1.08,0],[0.85,0.18],[0.09,0.14],[0.06,0],[0.02,0]],[[2.35,0.78],[0,0.55],[2.35,0.59],[0.35,0.21],[0.71,6.24],[0.06,0.02],[0.02,0]],[[0.1,0],[0.37,0.11],[1.83,0.03],[0,0],[0.85,7.77],[0.01,10.63],[2,0]],[[0,0],[0.03,0],[0,0.01],[0,0.03],[0,0.02],[0.15,3.45],[0.06,4.12]],[[6.24,0.63],[0.38,1.11],[3.09,2.09],[0.02,1.37],[0.14,3.04],[0,0.03],[0,2.49]],[[0,0],[0,0],[0,0],[0,0],[0,0],[0,0],[0,0]]]];

