Omegamax = 7;
Produkte = 3;
v = [2,2,1];
KS = 126;

KH	=	9;								
							
											
kS = [[1000,	100.3154,	67.9336,	78.6797,	66.2313,	39.1673,	15.8027,	29.5922,	86.2152,	73.4044],
[100.3154,	1000,	74.3155,	63.6129,	52.5148,	75.8219,	84.5888,	108.1348,	29.2909,	64.5159],
[67.9336,	74.3155,	1000,	15.2169,	22.6999,	29.2509,	57.317,	53.6605,	45.899,	11.1019],
[78.6797,	63.6129,	15.2169,	1000,	18.5917,	39.5901,	66.206,	67.7875,	34.3532,	5.3364],
[66.2313,	52.5148,	22.6999,	18.5917,	1000,	29.6067,	52.0814,	62.0716,	25.8883,	15.7955],
[39.1673,	75.8219,	29.2509,	39.5901,	29.6067,	1000,	28.1405,	33.0635,	53.8425,	34.2857],
[15.8027,	84.5888,	57.317,	66.206,	52.0814,	28.1405,	1000,	34.0634,	70.7486,	61.0963],
[29.5922,	108.1348,	53.6605,	67.7875,	62.0716,	33.0635,	34.0634,	1000,	86.8817,	62.6072],
[86.2152,	29.2909,	45.899,	34.3532,	25.8883,	53.8425,	70.7486,	86.8817,	1000,	35.5839],
[73.4044,	64.5159,	11.1019,	5.3364,	15.7955,	34.2857,	61.0963,	62.6072,	35.5839,	1000]];
									
kem = [336,	96.3028,	65.2162,	75.5325,	63.582,	37.6006,	15.1706,	28.4085,	82.7666,	70.4682];
										
											
								

kI = [0.0033,0.0193,0.0514];
qS = [1,1,1];

d = [[[[7.35,7.35,2.75],[2.25,5.7,8.39],[0.74,7.35,3.65],[7.37,6.96,7.37],[7.85,0.08,11.14],[0.52,13.59,9.89],[2.96,13.59,11.73]],[[0.58,0.06,0.06],[0.23,0.51,0.03],[5.45,3.28,0],[0.02,0.1,0.76],[2.83,5.21,0.05],[4.45,0.1,0.72],[3.73,0.37,0]],[[1.11,0,0],[0.04,0,0],[0.41,0.01,0],[0.42,0,0.03],[0.7,0,0],[0,0,0],[0.8,0,0]],[[1.73,0,0],[0,0.07,0.02],[0,0.28,0],[0,0.05,0.55],[0,0.6,0],[0,0.25,2.99],[0.29,0,0.04]],[[0.13,0.01,0.37],[0.35,0.06,0.01],[0.72,0,0.02],[0.32,0,0.1],[0.02,0,0.48],[0,0.15,0.66],[2.13,0.02,1.48]],[[0.36,0.16,0.56],[0.01,0.18,0.15],[0.29,0.41,2.62],[0.9,0.46,0.43],[0.48,1.98,0],[9.36,0.05,4.98],[0.34,3.89,0.15]],[[1.71,0.01,0.76],[0.82,2.46,0.63],[0,0,2.27],[0,0,0.01],[1.85,0.19,0],[0.36,0,0],[0,0,0]],[[0.78,0,0.22],[0,0,0],[0,0.2,2.09],[3.94,0,0],[0.81,2.02,0],[0,0.03,0.27],[0,1.86,0]],[[0.06,0.71,6.24],[3.28,0.01,1.17],[0.99,0.79,0.13],[0.06,0.01,0.3],[0.08,0,2.21],[0,0.14,0],[0,0.01,0]],[[0.19,0,0],[0,0,0],[0,0,0],[0,0,0],[0,0,0],[0,0,0],[0,0,0]]],[[[1.13,0.94,2.34],[3.57,12.31,9.47],[19.3,0.3,4.06],[3.83,0.4,4.28],[4.65,5.07,0.64],[1.26,1.92,2.45],[10.3,0.94,0.43]],[[0.01,12.76,0.26],[4.24,1.11,0.09],[0,0.93,0.09],[1.66,1.39,0],[0.03,0.2,2.03],[0,0.4,0.09],[0.02,0.06,0.01]],[[0.01,0.04,0],[0,2.49,0],[0.01,0.17,0],[0.23,0,0],[0,0,0],[0,0,0],[0.08,2.42,0]],[[0.01,0.05,0.03],[0.39,0.01,0.04],[0,0.06,0],[0,0.01,0],[0,0,0],[0,0,0],[0,0,0.22]],[[0.1,1.95,0],[0.9,0,0],[0.06,0.02,0.03],[0,1.91,4.6],[0,0.71,3.6],[0,0,0],[0.22,0,0.37]],[[4.43,0.13,0.09],[4.11,0.85,6.91],[0.01,4.74,0],[2.57,0.12,0.4],[0.29,0.04,0.01],[6.59,1.74,0.16],[17.32,0,0]],[[0,0.2,0.37],[0.19,0,4.32],[0.04,0.76,4.4],[0,0,1.78],[0.01,0.01,0.01],[0.02,0.14,0.15],[0.17,0.58,0.01]],[[0.04,6.72,0.15],[0,0,0.01],[0,0,0.48],[1.33,2.32,0],[0.02,0,0],[0,0,0],[11.73,2.15,1.22]],[[0.03,6.88,0.03],[2.63,0.52,0.69],[0.1,0.01,0.44],[0.15,0,0.07],[0.12,0.12,0.01],[0.61,0.06,0.41],[6.32,5.19,2.31]],[[0,0,0],[0,0,0],[0,0,0],[0,0.81,0],[0,0.13,0],[0,0,0],[0,0,0]]],[[[9.94,0.68,9.61],[10.48,6.29,1.95],[4.74,0.55,6.11],[4.16,0.58,0.58],[0.32,6.56,0.22],[23.77,5.1,1.32],[5.81,0.03,1.32]],[[3.28,0.09,12.76],[0.48,1.05,0.04],[1.38,9.96,0.06],[1.76,1.98,0],[0.22,0.24,10.98],[0.61,0.48,0.02],[0.02,0.61,0.02]],[[0,0,0],[0,0.08,0.03],[0.01,0,0.01],[0,0,0],[0.03,0.03,0],[0,0.03,0],[0,0.1,0]],[[3.01,0.06,0],[0.06,0.05,0],[2.14,0.02,0],[0.01,0,0.01],[4.82,0.48,0.02],[3.52,0,0],[0,0.84,0.14]],[[0.02,0.12,0.01],[0.77,1.43,0.52],[6.11,0.34,1.5],[0.01,0.6,0.1],[0,0,0],[0,0.04,0.15],[0.02,0,0]],[[0.92,1.03,0.59],[2.79,5.37,0.03],[0.02,5.93,0],[0.33,11.07,1.06],[0.97,0.09,1.39],[0,0.51,0],[0.09,0.01,0.47]],[[0.23,1.97,0.81],[0,0,0.01],[4.87,0.01,0.76],[4.05,0.35,0.6],[0,0.35,0],[0.36,0.44,0],[0.1,0.09,0.71]],[[0.01,0.01,0],[0,0.08,1.19],[0.07,0.1,2.62],[0,4.63,0.25],[0.52,0,0],[0.01,0.01,2.15],[2.15,0,0.11]],[[3.96,0.1,0.01],[2.93,3.1,4.47],[0,0.06,0],[0.35,0.24,0],[0.34,0.45,0.83],[16.93,0.44,1.03],[2.69,2.69,0]],[[0,0,0],[0,0,0],[0,0,0.05],[0,0,0],[0,0,0],[0,2.04,0],[0,0,0]]],[[[5.51,8.73,2.04],[9.18,7.72,0.78],[5.24,1.61,7.55],[1.13,1.75,3.33],[0.69,0.22,0.58],[5.1,7.63,17.48],[0.94,10.74,11.73]],[[2.42,0,0.83],[0.48,0.13,0.07],[0.16,0.83,0.01],[5.11,1.31,1.76],[0.16,0.36,0.33],[0,0.08,0.05],[1.96,5.4,0.78]],[[0,0,0.02],[0,0.14,0],[0,0,0.17],[2.07,0,0],[0.36,0.07,0],[0.53,0,0],[0,0,0]],[[0.67,0,0],[0.35,0,0.01],[2.67,4.58,0],[0,0.01,0.01],[0.67,7.41,0],[2.99,0.09,4.19],[0.01,0.64,1.66]],[[0.04,0,0.01],[0.03,0.01,9.58],[0.04,0.16,0.24],[0.46,0,0.93],[0,0,0],[1.17,0,0],[0,0.22,0.32]],[[0.25,4.15,9],[0.81,1.62,0.36],[2.76,0.07,0.36],[0.71,2.17,11.07],[0.39,1.03,11.65],[0.01,0,0.15],[0,9.36,0]],[[0.05,0.04,2.64],[0.48,1.2,0],[0.5,0.54,0],[2.07,0.18,0.05],[0,2.81,0],[0,0.58,0.02],[0.01,0,0.01]],[[0,1.69,0],[0,0.83,0.37],[2.96,6.72,0],[0.72,0,0],[0,2.98,0.03],[0.93,0,4.12],[0.27,1.86,0.05]],[[0.71,2.21,0],[0.69,0,3.93],[0.05,10.29,0.46],[2.28,0.19,0.64],[0.31,1.73,2.21],[1.39,2.15,0.06],[0.61,1.86,0.29]],[[0,0,0],[0.06,0,0],[0,0,0],[0.81,0,0],[0,0,0],[0,0,0],[0,0.06,0]]],[[[3,1.54,1.54],[0.12,0.91,16.73],[4.74,0.62,7.77],[6.41,2.52,3.73],[5.68,15.96,4.52],[0.01,7.11,1.46],[3.06,6.65,0.83]],[[1.05,0,4.63],[3.96,0.11,0.33],[0.99,0,0.19],[0.45,0,0.76],[0.01,0.48,3.03],[0.56,0.37,0.03],[0.01,3.15,0.02]],[[0.08,0,0],[0.03,1.32,0.03],[0.95,0,0.71],[0,0.03,0],[0,0.16,0],[5.77,0,0],[0.53,0.1,0]],[[0,0,0],[0,0,0.02],[0.05,5.46,0.46],[0.17,0,0.06],[0.01,0,0.01],[6.3,0,0],[0,0,0]],[[0,0.44,0],[1.22,0.07,0.07],[3.52,0,0.04],[1.11,0.18,0.02],[0,0.14,0.01],[0.03,0,0],[0,0,0.17]],[[0,0.78,0.49],[0.85,0.55,1.78],[1.72,0.59,9],[0.95,0.21,1.33],[0.07,6.24,3.67],[1.32,0.02,0],[17.32,0,0]],[[0.01,0,0.02],[1.27,0.11,0],[0.23,0.03,0.08],[0,0,0.3],[0.05,7.77,0],[1.24,10.63,2.69],[0.03,0,0]],[[0,0,0],[0,0,2.11],[0.01,0.01,0],[0.03,0.03,0.12],[0.04,0.02,0],[0.81,3.45,0],[2.5,4.12,1.22]],[[0.71,0.63,0.09],[1.43,1.11,0.58],[13.12,2.09,0.01],[0.11,1.37,0.02],[2.35,3.04,0],[0.12,0.03,0.01],[1.49,2.49,0]],[[0,0,0],[0.43,0,0],[0.86,0,0],[0,0,0],[0,0,0],[0,0,0],[0,0,0]]],[[[8.73,2.92,2.42],[1.74,3.57,0.91],[0.68,12.62,2.67],[12.37,3.04,4.05],[25.23,1.24,11.62],[0.16,11.22,5.1],[8.81,6.01,0.48]],[[0.01,0,0.3],[0.27,0.06,0],[9.96,0.01,0],[0.02,0.03,0.01],[2.47,0,4.06],[4.45,0.01,1.56],[0.02,0.12,0.06]],[[0.41,0,0],[0.45,1,0.01],[0,0,0],[0,0,0],[0,0.05,0.01],[0,0.01,0.03],[0,0,0]],[[0.28,0,0],[0.55,0,0.27],[2.14,0.01,0.61],[1,0.14,0.5],[0.6,0,2.34],[0.04,0,0],[0,0.12,0]],[[0,7.48,0],[2.36,0,1.82],[1.08,0.52,0.02],[0.85,0.02,0],[0.09,0.53,0],[0.06,0.41,0],[0.02,5.85,0.66]],[[2.35,0.83,0.29],[0,0.81,0],[2.35,0,1.72],[0.35,6.08,3.45],[0.71,0.01,1.87],[0.06,1.63,0.86],[0.02,0.22,0]],[[0.1,0.17,0.18],[0.37,0.99,10.77],[1.83,0.62,1.6],[0,1.33,0],[0.85,1.07,0.32],[0.01,0.64,0],[2,0.11,1.24]],[[0,0,0.27],[0.03,0.01,0],[0,0.64,0.13],[0,0,0.53],[0,0,0.01],[0.15,0,2.15],[0.06,0.27,0.01]],[[6.24,2.76,0.12],[0.38,0.18,0],[3.09,0.27,0.12],[0.02,0.12,4.6],[0.14,0.07,4.66],[0,16.93,0.01],[0,0.37,0.07]],[[0,0,0],[0,0,0.11],[0,0,0.09],[0,0.03,0],[0,0.13,0],[0,0,0],[0,0,0]]],[[[6.6,13.26,0.3],[0.71,2.02,2.63],[5.8,3.75,3.46],[0.06,0.12,0.58],[5.21,5.68,11.62],[0.31,6.01,2.65],[2.96,2.27,1.06]],[[5.01,0.88,0.01],[4.24,0.72,4.24],[0.02,0.03,4.3],[0.3,0.45,0.05],[2.64,0.12,1.3],[1.34,4.89,0],[1.81,0,0.31]],[[0.03,0,1.5],[1.53,0,0.01],[0,0,0.2],[0,0.05,0],[0.08,0,3.99],[0.29,1.52,0.04],[0,0.01,0.15]],[[0.5,0.06,0.28],[0,0.05,2.99],[0,0.03,0.09],[0,0,0.04],[0,1.83,1.83],[5.07,5.07,0],[0.03,0,0.22]],[[1.38,0,1.17],[2.16,0.27,0.71],[0.08,0.01,0.31],[10.6,0,0],[0,2.54,0],[2.13,0,0],[0,0.02,5.85]],[[3.9,4.15,1.27],[0.01,0.01,1.47],[0.04,0.02,3.46],[4.48,1.06,0.01],[0.19,1.16,1.03],[0,0.01,0.24],[0.01,0,0.55]],[[0.02,5.45,6.19],[4.32,0.3,0],[0,0,0],[0.02,0,0.64],[3.07,0.19,0.27],[14.55,0,3.32],[0.09,3.32,0.02]],[[1.88,0,0],[0,0.08,0.04],[0.27,0,0],[0,0,0.02],[0.01,0,0.65],[0,0.02,0],[0,0.1,0.71]],[[2.76,0.12,0.94],[0.18,0,0.77],[1.98,0.01,1.44],[0.46,0.4,0.35],[0,0,0.27],[0.44,0,0.03],[0.01,0.01,0]],[[0,0,0],[0,0,0],[0,0,0],[0,0,0],[0,0,0],[0,0,0],[0,0,0]]]];

