Omegamax = 2;
Produkte = 2;
v = [2,2];
KS = 117;

KH	=	9;								
							
											
kS = [[1000,	57.2372,	67.818,	71.0382,	113.7826,	113.8788,	58.1284,	11.8263,	18.415,	123.4198],
[57.2372,	1000,	46.2746,	90.4893,	109.4487,	63.9478,	85.5736,	67.1704,	61.1488,	79.4736],
[67.818,	46.2746,	1000,	55.0772,	63.2108,	56.2776,	57.2214,	71.1569,	58.0168,	58.8204],
[71.0382,	90.4893,	55.0772,	1000,	51.2275,	109.1766,	14.9386,	64.9797,	52.6937,	105.6924],
[113.7826,	109.4487,	63.2108,	51.2275,	1000,	95.8549,	65.6871,	110.9154,	97.0091,	82.8634],
[113.8788,	63.9478,	56.2776,	109.1766,	95.8549,	1000,	113.2514,	120.7053,	109.6557,	21.205],
[58.1284,	85.5736,	57.2214,	14.9386,	65.6871,	113.2514,	1000,	51.0286,	39.7368,	112.4334],
[11.8263,	67.1704,	71.1569,	64.9797,	110.9154,	120.7053,	51.0286,	1000,	14.2461,	128.6299],
[18.415,	61.1488,	58.0168,	52.6937,	97.0091,	109.6557,	39.7368,	14.2461,	1000,	116.2309],
[123.4198,	79.4736,	58.8204,	105.6924,	82.8634,	21.205,	112.4334,	128.6299,	116.2309,	1000]];
									
kem = [336,	54.9478,	65.1053,	68.1967,	109.2313,	109.3237,	55.8032,	11.3532,	17.6784,	118.4831];
											
											
								

kI = [0.0033,0.0193];
qS = [1,1];

d = [[[[7.35,9.94],[2.25,10.48],[0.74,4.74],[7.37,4.16],[7.85,0.32],[0.52,23.77],[2.96,5.81]],[[0.58,3.28],[0.23,0.48],[5.45,1.38],[0.02,1.76],[2.83,0.22],[4.45,0.61],[3.73,0.02]],[[1.11,0],[0.04,0],[0.41,0.01],[0.42,0],[0.7,0.03],[0,0],[0.8,0]],[[1.73,3.01],[0,0.06],[0,2.14],[0,0.01],[0,4.82],[0,3.52],[0.29,0]],[[0.13,0.02],[0.35,0.77],[0.72,6.11],[0.32,0.01],[0.02,0],[0,0],[2.13,0.02]],[[0.36,0.92],[0.01,2.79],[0.29,0.02],[0.9,0.33],[0.48,0.97],[9.36,0],[0.34,0.09]],[[1.71,0.23],[0.82,0],[0,4.87],[0,4.05],[1.85,0],[0.36,0.36],[0,0.1]],[[0.78,0.01],[0,0],[0,0.07],[3.94,0],[0.81,0.52],[0,0.01],[0,2.15]],[[0.06,3.96],[3.28,2.93],[0.99,0],[0.06,0.35],[0.08,0.34],[0,16.93],[0,2.69]],[[0.19,0],[0,0],[0,0],[0,0],[0,0],[0,0],[0,0]]],[[[1.13,5.51],[3.57,9.18],[19.3,5.24],[3.83,1.13],[4.65,0.69],[1.26,5.1],[10.3,0.94]],[[0.01,2.42],[4.24,0.48],[0,0.16],[1.66,5.11],[0.03,0.16],[0,0],[0.02,1.96]],[[0.01,0],[0,0],[0.01,0],[0.23,2.07],[0,0.36],[0,0.53],[0.08,0]],[[0.01,0.67],[0.39,0.35],[0,2.67],[0,0],[0,0.67],[0,2.99],[0,0.01]],[[0.1,0.04],[0.9,0.03],[0.06,0.04],[0,0.46],[0,0],[0,1.17],[0.22,0]],[[4.43,0.25],[4.11,0.81],[0.01,2.76],[2.57,0.71],[0.29,0.39],[6.59,0.01],[17.32,0]],[[0,0.05],[0.19,0.48],[0.04,0.5],[0,2.07],[0.01,0],[0.02,0],[0.17,0.01]],[[0.04,0],[0,0],[0,2.96],[1.33,0.72],[0.02,0],[0,0.93],[11.73,0.27]],[[0.03,0.71],[2.63,0.69],[0.1,0.05],[0.15,2.28],[0.12,0.31],[0.61,1.39],[6.32,0.61]],[[0,0],[0,0.06],[0,0],[0,0.81],[0,0],[0,0],[0,0]]]];

