Omegamax = 10;
Produkte = 2;
v = [2,2];
KS = 117;

KH	=	9;								
							
											
kS = [[1000,	57.2372,	67.818,	71.0382,	113.7826,	113.8788,	58.1284,	11.8263,	18.415,	123.4198],
[57.2372,	1000,	46.2746,	90.4893,	109.4487,	63.9478,	85.5736,	67.1704,	61.1488,	79.4736],
[67.818,	46.2746,	1000,	55.0772,	63.2108,	56.2776,	57.2214,	71.1569,	58.0168,	58.8204],
[71.0382,	90.4893,	55.0772,	1000,	51.2275,	109.1766,	14.9386,	64.9797,	52.6937,	105.6924],
[113.7826,	109.4487,	63.2108,	51.2275,	1000,	95.8549,	65.6871,	110.9154,	97.0091,	82.8634],
[113.8788,	63.9478,	56.2776,	109.1766,	95.8549,	1000,	113.2514,	120.7053,	109.6557,	21.205],
[58.1284,	85.5736,	57.2214,	14.9386,	65.6871,	113.2514,	1000,	51.0286,	39.7368,	112.4334],
[11.8263,	67.1704,	71.1569,	64.9797,	110.9154,	120.7053,	51.0286,	1000,	14.2461,	128.6299],
[18.415,	61.1488,	58.0168,	52.6937,	97.0091,	109.6557,	39.7368,	14.2461,	1000,	116.2309],
[123.4198,	79.4736,	58.8204,	105.6924,	82.8634,	21.205,	112.4334,	128.6299,	116.2309,	1000]];
									
kem = [336,	54.9478,	65.1053,	68.1967,	109.2313,	109.3237,	55.8032,	11.3532,	17.6784,	118.4831];
											
											
								

kI = [0.0033,0.0193];
qS = [1,1];

d = [[[[7.35,8.73],[2.25,7.72],[0.74,1.61],[7.37,1.75],[7.85,0.22],[0.52,7.63],[2.96,10.74]],[[0.58,0],[0.23,0.13],[5.45,0.83],[0.02,1.31],[2.83,0.36],[4.45,0.08],[3.73,5.4]],[[1.11,0],[0.04,0.14],[0.41,0],[0.42,0],[0.7,0.07],[0,0],[0.8,0]],[[1.73,0],[0,0],[0,4.58],[0,0.01],[0,7.41],[0,0.09],[0.29,0.64]],[[0.13,0],[0.35,0.01],[0.72,0.16],[0.32,0],[0.02,0],[0,0],[2.13,0.22]],[[0.36,4.15],[0.01,1.62],[0.29,0.07],[0.9,2.17],[0.48,1.03],[9.36,0],[0.34,9.36]],[[1.71,0.04],[0.82,1.2],[0,0.54],[0,0.18],[1.85,2.81],[0.36,0.58],[0,0]],[[0.78,1.69],[0,0.83],[0,6.72],[3.94,0],[0.81,2.98],[0,0],[0,1.86]],[[0.06,2.21],[3.28,0],[0.99,10.29],[0.06,0.19],[0.08,1.73],[0,2.15],[0,1.86]],[[0.19,0],[0,0],[0,0],[0,0],[0,0],[0,0],[0,0.06]]],[[[1.13,1.54],[3.57,0.91],[19.3,0.62],[3.83,2.52],[4.65,15.96],[1.26,7.11],[10.3,6.65]],[[0.01,0],[4.24,0.11],[0,0],[1.66,0],[0.03,0.48],[0,0.37],[0.02,3.15]],[[0.01,0],[0,1.32],[0.01,0],[0.23,0.03],[0,0.16],[0,0],[0.08,0.1]],[[0.01,0],[0.39,0],[0,5.46],[0,0],[0,0],[0,0],[0,0]],[[0.1,0.44],[0.9,0.07],[0.06,0],[0,0.18],[0,0.14],[0,0],[0.22,0]],[[4.43,0.78],[4.11,0.55],[0.01,0.59],[2.57,0.21],[0.29,6.24],[6.59,0.02],[17.32,0]],[[0,0],[0.19,0.11],[0.04,0.03],[0,0],[0.01,7.77],[0.02,10.63],[0.17,0]],[[0.04,0],[0,0],[0,0.01],[1.33,0.03],[0.02,0.02],[0,3.45],[11.73,4.12]],[[0.03,0.63],[2.63,1.11],[0.1,2.09],[0.15,1.37],[0.12,3.04],[0.61,0.03],[6.32,2.49]],[[0,0],[0,0],[0,0],[0,0],[0,0],[0,0],[0,0]]],[[[9.94,2.92],[10.48,3.57],[4.74,12.62],[4.16,3.04],[0.32,1.24],[23.77,11.22],[5.81,6.01]],[[3.28,0],[0.48,0.06],[1.38,0.01],[1.76,0.03],[0.22,0],[0.61,0.01],[0.02,0.12]],[[0,0],[0,1],[0.01,0],[0,0],[0.03,0.05],[0,0.01],[0,0]],[[3.01,0],[0.06,0],[2.14,0.01],[0.01,0.14],[4.82,0],[3.52,0],[0,0.12]],[[0.02,7.48],[0.77,0],[6.11,0.52],[0.01,0.02],[0,0.53],[0,0.41],[0.02,5.85]],[[0.92,0.83],[2.79,0.81],[0.02,0],[0.33,6.08],[0.97,0.01],[0,1.63],[0.09,0.22]],[[0.23,0.17],[0,0.99],[4.87,0.62],[4.05,1.33],[0,1.07],[0.36,0.64],[0.1,0.11]],[[0.01,0],[0,0.01],[0.07,0.64],[0,0],[0.52,0],[0.01,0],[2.15,0.27]],[[3.96,2.76],[2.93,0.18],[0,0.27],[0.35,0.12],[0.34,0.07],[16.93,16.93],[2.69,0.37]],[[0,0],[0,0],[0,0],[0,0.03],[0,0.13],[0,0],[0,0]]],[[[5.51,13.26],[9.18,2.02],[5.24,3.75],[1.13,0.12],[0.69,5.68],[5.1,6.01],[0.94,2.27]],[[2.42,0.88],[0.48,0.72],[0.16,0.03],[5.11,0.45],[0.16,0.12],[0,4.89],[1.96,0]],[[0,0],[0,0],[0,0],[2.07,0.05],[0.36,0],[0.53,1.52],[0,0.01]],[[0.67,0.06],[0.35,0.05],[2.67,0.03],[0,0],[0.67,1.83],[2.99,5.07],[0.01,0]],[[0.04,0],[0.03,0.27],[0.04,0.01],[0.46,0],[0,2.54],[1.17,0],[0,0.02]],[[0.25,4.15],[0.81,0.01],[2.76,0.02],[0.71,1.06],[0.39,1.16],[0.01,0.01],[0,0]],[[0.05,5.45],[0.48,0.3],[0.5,0],[2.07,0],[0,0.19],[0,0],[0.01,3.32]],[[0,0],[0,0.08],[2.96,0],[0.72,0],[0,0],[0.93,0.02],[0.27,0.1]],[[0.71,0.12],[0.69,0],[0.05,0.01],[2.28,0.4],[0.31,0],[1.39,0],[0.61,0.01]],[[0,0],[0.06,0],[0,0],[0.81,0],[0,0],[0,0],[0,0]]],[[[3,2.75],[0.12,8.39],[4.74,3.65],[6.41,7.37],[5.68,11.14],[0.01,9.89],[3.06,11.73]],[[1.05,0.06],[3.96,0.03],[0.99,0],[0.45,0.76],[0.01,0.05],[0.56,0.72],[0.01,0]],[[0.08,0],[0.03,0],[0.95,0],[0,0.03],[0,0],[5.77,0],[0.53,0]],[[0,0],[0,0.02],[0.05,0],[0.17,0.55],[0.01,0],[6.3,2.99],[0,0.04]],[[0,0.37],[1.22,0.01],[3.52,0.02],[1.11,0.1],[0,0.48],[0.03,0.66],[0,1.48]],[[0,0.56],[0.85,0.15],[1.72,2.62],[0.95,0.43],[0.07,0],[1.32,4.98],[17.32,0.15]],[[0.01,0.76],[1.27,0.63],[0.23,2.27],[0,0.01],[0.05,0],[1.24,0],[0.03,0]],[[0,0.22],[0,0],[0.01,2.09],[0.03,0],[0.04,0],[0.81,0.27],[2.5,0]],[[0.71,6.24],[1.43,1.17],[13.12,0.13],[0.11,0.3],[2.35,2.21],[0.12,0],[1.49,0]],[[0,0],[0.43,0],[0.86,0],[0,0],[0,0],[0,0],[0,0]]],[[[8.73,2.34],[1.74,9.47],[0.68,4.06],[12.37,4.28],[25.23,0.64],[0.16,2.45],[8.81,0.43]],[[0.01,0.26],[0.27,0.09],[9.96,0.09],[0.02,0],[2.47,2.03],[4.45,0.09],[0.02,0.01]],[[0.41,0],[0.45,0],[0,0],[0,0],[0,0],[0,0],[0,0]],[[0.28,0.03],[0.55,0.04],[2.14,0],[1,0],[0.6,0],[0.04,0],[0,0.22]],[[0,0],[2.36,0],[1.08,0.03],[0.85,4.6],[0.09,3.6],[0.06,0],[0.02,0.37]],[[2.35,0.09],[0,6.91],[2.35,0],[0.35,0.4],[0.71,0.01],[0.06,0.16],[0.02,0]],[[0.1,0.37],[0.37,4.32],[1.83,4.4],[0,1.78],[0.85,0.01],[0.01,0.15],[2,0.01]],[[0,0.15],[0.03,0.01],[0,0.48],[0,0],[0,0],[0.15,0],[0.06,1.22]],[[6.24,0.03],[0.38,0.69],[3.09,0.44],[0.02,0.07],[0.14,0.01],[0,0.41],[0,2.31]],[[0,0],[0,0],[0,0],[0,0],[0,0],[0,0],[0,0]]],[[[6.6,9.61],[0.71,1.95],[5.8,6.11],[0.06,0.58],[5.21,0.22],[0.31,1.32],[2.96,1.32]],[[5.01,12.76],[4.24,0.04],[0.02,0.06],[0.3,0],[2.64,10.98],[1.34,0.02],[1.81,0.02]],[[0.03,0],[1.53,0.03],[0,0.01],[0,0],[0.08,0],[0.29,0],[0,0]],[[0.5,0],[0,0],[0,0],[0,0.01],[0,0.02],[5.07,0],[0.03,0.14]],[[1.38,0.01],[2.16,0.52],[0.08,1.5],[10.6,0.1],[0,0],[2.13,0.15],[0,0]],[[3.9,0.59],[0.01,0.03],[0.04,0],[4.48,1.06],[0.19,1.39],[0,0],[0.01,0.47]],[[0.02,0.81],[4.32,0.01],[0,0.76],[0.02,0.6],[3.07,0],[14.55,0],[0.09,0.71]],[[1.88,0],[0,1.19],[0.27,2.62],[0,0.25],[0.01,0],[0,2.15],[0,0.11]],[[2.76,0.01],[0.18,4.47],[1.98,0],[0.46,0],[0,0.83],[0.44,1.03],[0.01,0]],[[0,0],[0,0],[0,0.05],[0,0],[0,0],[0,0],[0,0]]],[[[7.35,2.04],[5.7,0.78],[7.35,7.55],[6.96,3.33],[0.08,0.58],[13.59,17.48],[13.59,11.73]],[[0.06,0.83],[0.51,0.07],[3.28,0.01],[0.1,1.76],[5.21,0.33],[0.1,0.05],[0.37,0.78]],[[0,0.02],[0,0],[0.01,0.17],[0,0],[0,0],[0,0],[0,0]],[[0,0],[0.07,0.01],[0.28,0],[0.05,0.01],[0.6,0],[0.25,4.19],[0,1.66]],[[0.01,0.01],[0.06,9.58],[0,0.24],[0,0.93],[0,0],[0.15,0],[0.02,0.32]],[[0.16,9],[0.18,0.36],[0.41,0.36],[0.46,11.07],[1.98,11.65],[0.05,0.15],[3.89,0]],[[0.01,2.64],[2.46,0],[0,0],[0,0.05],[0.19,0],[0,0.02],[0,0.01]],[[0,0],[0,0.37],[0.2,0],[0,0],[2.02,0.03],[0.03,4.12],[1.86,0.05]],[[0.71,0],[0.01,3.93],[0.79,0.46],[0.01,0.64],[0,2.21],[0.14,0.06],[0.01,0.29]],[[0,0],[0,0],[0,0],[0,0],[0,0],[0,0],[0,0]]],[[[0.94,1.54],[12.31,16.73],[0.3,7.77],[0.4,3.73],[5.07,4.52],[1.92,1.46],[0.94,0.83]],[[12.76,4.63],[1.11,0.33],[0.93,0.19],[1.39,0.76],[0.2,3.03],[0.4,0.03],[0.06,0.02]],[[0.04,0],[2.49,0.03],[0.17,0.71],[0,0],[0,0],[0,0],[2.42,0]],[[0.05,0],[0.01,0.02],[0.06,0.46],[0.01,0.06],[0,0.01],[0,0],[0,0]],[[1.95,0],[0,0.07],[0.02,0.04],[1.91,0.02],[0.71,0.01],[0,0],[0,0.17]],[[0.13,0.49],[0.85,1.78],[4.74,9],[0.12,1.33],[0.04,3.67],[1.74,0],[0,0]],[[0.2,0.02],[0,0],[0.76,0.08],[0,0.3],[0.01,0],[0.14,2.69],[0.58,0]],[[6.72,0],[0,2.11],[0,0],[2.32,0.12],[0,0],[0,0],[2.15,1.22]],[[6.88,0.09],[0.52,0.58],[0.01,0.01],[0,0.02],[0.12,0],[0.06,0.01],[5.19,0]],[[0,0],[0,0],[0,0],[0.81,0],[0.13,0],[0,0],[0,0]]],[[[0.68,2.42],[6.29,0.91],[0.55,2.67],[0.58,4.05],[6.56,11.62],[5.1,5.1],[0.03,0.48]],[[0.09,0.3],[1.05,0],[9.96,0],[1.98,0.01],[0.24,4.06],[0.48,1.56],[0.61,0.06]],[[0,0],[0.08,0.01],[0,0],[0,0],[0.03,0.01],[0.03,0.03],[0.1,0]],[[0.06,0],[0.05,0.27],[0.02,0.61],[0,0.5],[0.48,2.34],[0,0],[0.84,0]],[[0.12,0],[1.43,1.82],[0.34,0.02],[0.6,0],[0,0],[0.04,0],[0,0.66]],[[1.03,0.29],[5.37,0],[5.93,1.72],[11.07,3.45],[0.09,1.87],[0.51,0.86],[0.01,0]],[[1.97,0.18],[0,10.77],[0.01,1.6],[0.35,0],[0.35,0.32],[0.44,0],[0.09,1.24]],[[0.01,0.27],[0.08,0],[0.1,0.13],[4.63,0.53],[0,0.01],[0.01,2.15],[0,0.01]],[[0.1,0.12],[3.1,0],[0.06,0.12],[0.24,4.6],[0.45,4.66],[0.44,0.01],[2.69,0.07]],[[0,0],[0,0.11],[0,0.09],[0,0],[0,0],[2.04,0],[0,0]]]];

