Omegamax = 9;
Produkte = 1;
v = [2];
KS = 90;

KH	=	9;								
							
											
kS = [[1000,	61.0982,	135.3811,	125.4204,	136.6548,	117.0763,	56.9162,	31.051,	62.8976,	111.512],
[61.0982,	1000,	93.9225,	90.9353,	148.5481,	121.9531,	18.7415,	88.1098,	108.0461,	125.9754],
[135.3811,	93.9225,	1000,	17.3325,	119.2363,	93.723,	83.6537,	147.5133,	143.5935,	110.1599],
[125.4204,	90.9353,	17.3325,	1000,	102.3983,	76.5169,	77.8317,	134.7515,	128.243,	92.8303],
[136.6548,	148.5481,	119.2363,	102.3983,	1000,	28.1437,	129.8136,	121.5764,	90.0895,	25.1435],
[117.0763,	121.9531,	93.723,	76.5169,	28.1437,	1000,	103.2318,	107.2947,	81.5113,	18.9332],
[56.9162,	18.7415,	83.6537,	77.8317,	129.8136,	103.2318,	1000,	79.282,	94.1049,	107.3586],
[31.051,	88.1098,	147.5133,	134.7515,	121.5764,	107.2947,	79.282,	1000,	36.2807,	97.1766],
[62.8976,	108.0461,	143.5935,	128.243,	90.0895,	81.5113,	94.1049,	36.2807,	1000,	67.5128],
[111.512,	125.9754,	110.1599,	92.8303,	25.1435,	18.9332,	107.3586,	97.1766,	67.5128,	1000]];
									
kem = [336,	58.6543,	129.9659,	120.4035,	131.1886,	112.3933,	54.6396,	29.8089,	60.3817,	107.0515];
											
											
								

kI = [0.0033];
qS = [1];

d = [[[[7.35],[2.25],[0.74],[7.37],[7.85],[0.52],[2.96]],[[0.58],[0.23],[5.45],[0.02],[2.83],[4.45],[3.73]],[[1.11],[0.04],[0.41],[0.42],[0.7],[0],[0.8]],[[1.73],[0],[0],[0],[0],[0],[0.29]],[[0.13],[0.35],[0.72],[0.32],[0.02],[0],[2.13]],[[0.36],[0.01],[0.29],[0.9],[0.48],[9.36],[0.34]],[[1.71],[0.82],[0],[0],[1.85],[0.36],[0]],[[0.78],[0],[0],[3.94],[0.81],[0],[0]],[[0.06],[3.28],[0.99],[0.06],[0.08],[0],[0]],[[0.19],[0],[0],[0],[0],[0],[0]]],[[[1.13],[3.57],[19.3],[3.83],[4.65],[1.26],[10.3]],[[0.01],[4.24],[0],[1.66],[0.03],[0],[0.02]],[[0.01],[0],[0.01],[0.23],[0],[0],[0.08]],[[0.01],[0.39],[0],[0],[0],[0],[0]],[[0.1],[0.9],[0.06],[0],[0],[0],[0.22]],[[4.43],[4.11],[0.01],[2.57],[0.29],[6.59],[17.32]],[[0],[0.19],[0.04],[0],[0.01],[0.02],[0.17]],[[0.04],[0],[0],[1.33],[0.02],[0],[11.73]],[[0.03],[2.63],[0.1],[0.15],[0.12],[0.61],[6.32]],[[0],[0],[0],[0],[0],[0],[0]]],[[[9.94],[10.48],[4.74],[4.16],[0.32],[23.77],[5.81]],[[3.28],[0.48],[1.38],[1.76],[0.22],[0.61],[0.02]],[[0],[0],[0.01],[0],[0.03],[0],[0]],[[3.01],[0.06],[2.14],[0.01],[4.82],[3.52],[0]],[[0.02],[0.77],[6.11],[0.01],[0],[0],[0.02]],[[0.92],[2.79],[0.02],[0.33],[0.97],[0],[0.09]],[[0.23],[0],[4.87],[4.05],[0],[0.36],[0.1]],[[0.01],[0],[0.07],[0],[0.52],[0.01],[2.15]],[[3.96],[2.93],[0],[0.35],[0.34],[16.93],[2.69]],[[0],[0],[0],[0],[0],[0],[0]]],[[[5.51],[9.18],[5.24],[1.13],[0.69],[5.1],[0.94]],[[2.42],[0.48],[0.16],[5.11],[0.16],[0],[1.96]],[[0],[0],[0],[2.07],[0.36],[0.53],[0]],[[0.67],[0.35],[2.67],[0],[0.67],[2.99],[0.01]],[[0.04],[0.03],[0.04],[0.46],[0],[1.17],[0]],[[0.25],[0.81],[2.76],[0.71],[0.39],[0.01],[0]],[[0.05],[0.48],[0.5],[2.07],[0],[0],[0.01]],[[0],[0],[2.96],[0.72],[0],[0.93],[0.27]],[[0.71],[0.69],[0.05],[2.28],[0.31],[1.39],[0.61]],[[0],[0.06],[0],[0.81],[0],[0],[0]]],[[[3],[0.12],[4.74],[6.41],[5.68],[0.01],[3.06]],[[1.05],[3.96],[0.99],[0.45],[0.01],[0.56],[0.01]],[[0.08],[0.03],[0.95],[0],[0],[5.77],[0.53]],[[0],[0],[0.05],[0.17],[0.01],[6.3],[0]],[[0],[1.22],[3.52],[1.11],[0],[0.03],[0]],[[0],[0.85],[1.72],[0.95],[0.07],[1.32],[17.32]],[[0.01],[1.27],[0.23],[0],[0.05],[1.24],[0.03]],[[0],[0],[0.01],[0.03],[0.04],[0.81],[2.5]],[[0.71],[1.43],[13.12],[0.11],[2.35],[0.12],[1.49]],[[0],[0.43],[0.86],[0],[0],[0],[0]]],[[[8.73],[1.74],[0.68],[12.37],[25.23],[0.16],[8.81]],[[0.01],[0.27],[9.96],[0.02],[2.47],[4.45],[0.02]],[[0.41],[0.45],[0],[0],[0],[0],[0]],[[0.28],[0.55],[2.14],[1],[0.6],[0.04],[0]],[[0],[2.36],[1.08],[0.85],[0.09],[0.06],[0.02]],[[2.35],[0],[2.35],[0.35],[0.71],[0.06],[0.02]],[[0.1],[0.37],[1.83],[0],[0.85],[0.01],[2]],[[0],[0.03],[0],[0],[0],[0.15],[0.06]],[[6.24],[0.38],[3.09],[0.02],[0.14],[0],[0]],[[0],[0],[0],[0],[0],[0],[0]]],[[[6.6],[0.71],[5.8],[0.06],[5.21],[0.31],[2.96]],[[5.01],[4.24],[0.02],[0.3],[2.64],[1.34],[1.81]],[[0.03],[1.53],[0],[0],[0.08],[0.29],[0]],[[0.5],[0],[0],[0],[0],[5.07],[0.03]],[[1.38],[2.16],[0.08],[10.6],[0],[2.13],[0]],[[3.9],[0.01],[0.04],[4.48],[0.19],[0],[0.01]],[[0.02],[4.32],[0],[0.02],[3.07],[14.55],[0.09]],[[1.88],[0],[0.27],[0],[0.01],[0],[0]],[[2.76],[0.18],[1.98],[0.46],[0],[0.44],[0.01]],[[0],[0],[0],[0],[0],[0],[0]]],[[[7.35],[5.7],[7.35],[6.96],[0.08],[13.59],[13.59]],[[0.06],[0.51],[3.28],[0.1],[5.21],[0.1],[0.37]],[[0],[0],[0.01],[0],[0],[0],[0]],[[0],[0.07],[0.28],[0.05],[0.6],[0.25],[0]],[[0.01],[0.06],[0],[0],[0],[0.15],[0.02]],[[0.16],[0.18],[0.41],[0.46],[1.98],[0.05],[3.89]],[[0.01],[2.46],[0],[0],[0.19],[0],[0]],[[0],[0],[0.2],[0],[2.02],[0.03],[1.86]],[[0.71],[0.01],[0.79],[0.01],[0],[0.14],[0.01]],[[0],[0],[0],[0],[0],[0],[0]]],[[[0.94],[12.31],[0.3],[0.4],[5.07],[1.92],[0.94]],[[12.76],[1.11],[0.93],[1.39],[0.2],[0.4],[0.06]],[[0.04],[2.49],[0.17],[0],[0],[0],[2.42]],[[0.05],[0.01],[0.06],[0.01],[0],[0],[0]],[[1.95],[0],[0.02],[1.91],[0.71],[0],[0]],[[0.13],[0.85],[4.74],[0.12],[0.04],[1.74],[0]],[[0.2],[0],[0.76],[0],[0.01],[0.14],[0.58]],[[6.72],[0],[0],[2.32],[0],[0],[2.15]],[[6.88],[0.52],[0.01],[0],[0.12],[0.06],[5.19]],[[0],[0],[0],[0.81],[0.13],[0],[0]]]];

