Omegamax = 1;
Produkte = 2;
v = [2,2];
KS = 117;

KH	=	9;								
							
											
kS = [[1000,	100.3154,	67.9336,	78.6797,	66.2313,	39.1673,	15.8027,	29.5922,	86.2152,	73.4044],
[100.3154,	1000,	74.3155,	63.6129,	52.5148,	75.8219,	84.5888,	108.1348,	29.2909,	64.5159],
[67.9336,	74.3155,	1000,	15.2169,	22.6999,	29.2509,	57.317,	53.6605,	45.899,	11.1019],
[78.6797,	63.6129,	15.2169,	1000,	18.5917,	39.5901,	66.206,	67.7875,	34.3532,	5.3364],
[66.2313,	52.5148,	22.6999,	18.5917,	1000,	29.6067,	52.0814,	62.0716,	25.8883,	15.7955],
[39.1673,	75.8219,	29.2509,	39.5901,	29.6067,	1000,	28.1405,	33.0635,	53.8425,	34.2857],
[15.8027,	84.5888,	57.317,	66.206,	52.0814,	28.1405,	1000,	34.0634,	70.7486,	61.0963],
[29.5922,	108.1348,	53.6605,	67.7875,	62.0716,	33.0635,	34.0634,	1000,	86.8817,	62.6072],
[86.2152,	29.2909,	45.899,	34.3532,	25.8883,	53.8425,	70.7486,	86.8817,	1000,	35.5839],
[73.4044,	64.5159,	11.1019,	5.3364,	15.7955,	34.2857,	61.0963,	62.6072,	35.5839,	1000]];
									
kem = [336,	96.3028,	65.2162,	75.5325,	63.582,	37.6006,	15.1706,	28.4085,	82.7666,	70.4682];
										
											
								

kI = [0.0033,0.0193];
qS = [1,1];

d = [[[[7.35,1.13],[2.25,3.57],[0.74,19.3],[7.37,3.83],[7.85,4.65],[0.52,1.26],[2.96,10.3]],[[0.58,0.01],[0.23,4.24],[5.45,0],[0.02,1.66],[2.83,0.03],[4.45,0],[3.73,0.02]],[[1.11,0.01],[0.04,0],[0.41,0.01],[0.42,0.23],[0.7,0],[0,0],[0.8,0.08]],[[1.73,0.01],[0,0.39],[0,0],[0,0],[0,0],[0,0],[0.29,0]],[[0.13,0.1],[0.35,0.9],[0.72,0.06],[0.32,0],[0.02,0],[0,0],[2.13,0.22]],[[0.36,4.43],[0.01,4.11],[0.29,0.01],[0.9,2.57],[0.48,0.29],[9.36,6.59],[0.34,17.32]],[[1.71,0],[0.82,0.19],[0,0.04],[0,0],[1.85,0.01],[0.36,0.02],[0,0.17]],[[0.78,0.04],[0,0],[0,0],[3.94,1.33],[0.81,0.02],[0,0],[0,11.73]],[[0.06,0.03],[3.28,2.63],[0.99,0.1],[0.06,0.15],[0.08,0.12],[0,0.61],[0,6.32]],[[0.19,0],[0,0],[0,0],[0,0],[0,0],[0,0],[0,0]]]];

