Omegamax = 3;
Produkte = 2;
v = [2,2];
KS = 117;

KH	=	9;								
							
											
kS	=	[[1000,	38.3697,	57.8946,	30.1217,	18.8233,	28.0246,	94.1813,	31.1978,	82.6637,	6.6888],
[38.3697,	1000,	42.0865,	66.0012,	40.6863,	52.9436,	57.2311,	32.8856,	120.1414,	34.9844],		
[57.8946,	42.0865,	1000,	87.3048,	44.2297,	83.5652,	80.965,	71.1879,	121.4214,	51.2905],		
[30.1217,	66.0012,	87.3048,	1000,	44.2753,	21.9064,	117.9197,	44.6716,	65.5233,	36.336],		
[18.8233,	40.6863,	44.2297,	44.2753,	1000,	46.7413,	97.7309,	46.9758,	82.1338,	13.2944],		
[28.0246,	52.9436,	83.5652,	21.9064,	46.7413,	1000,	99.4712,	24.9261,	87.4116,	34.3822],		
[94.1813,	57.2311,	80.965,	117.9197,	97.7309,	99.4712,	1000,	74.549,	176.7898,	91.8054],		
[31.1978,	32.8856,	71.1879,	44.6716,	46.9758,	24.9261,	74.549,	1000,	108.3524,	34.1155],		
[82.6637,	120.1414,	121.4214,	65.5233,	82.1338,	87.4116,	176.7898,	108.3524,	1000,	85.1678],		
[6.6888,	34.9844,	51.2905,	36.336,	13.2944,	34.3822,	91.8054,	34.1155,	85.1678,	1000]];		
											
kem	=	[336,	36.8349,	55.5788,	28.9168,	18.0703,	26.9037,	90.414,	29.9499,	79.3572,	6.4213];
											
											
								

kI = [0.0033,0.0193];
qS = [1,1];

d = [[[[7.35,5.51],[2.25,9.18],[0.74,5.24],[7.37,1.13],[7.85,0.69],[0.52,5.1],[2.96,0.94]],[[0.58,2.42],[0.23,0.48],[5.45,0.16],[0.02,5.11],[2.83,0.16],[4.45,0],[3.73,1.96]],[[1.11,0],[0.04,0],[0.41,0],[0.42,2.07],[0.7,0.36],[0,0.53],[0.8,0]],[[1.73,0.67],[0,0.35],[0,2.67],[0,0],[0,0.67],[0,2.99],[0.29,0.01]],[[0.13,0.04],[0.35,0.03],[0.72,0.04],[0.32,0.46],[0.02,0],[0,1.17],[2.13,0]],[[0.36,0.25],[0.01,0.81],[0.29,2.76],[0.9,0.71],[0.48,0.39],[9.36,0.01],[0.34,0]],[[1.71,0.05],[0.82,0.48],[0,0.5],[0,2.07],[1.85,0],[0.36,0],[0,0.01]],[[0.78,0],[0,0],[0,2.96],[3.94,0.72],[0.81,0],[0,0.93],[0,0.27]],[[0.06,0.71],[3.28,0.69],[0.99,0.05],[0.06,2.28],[0.08,0.31],[0,1.39],[0,0.61]],[[0.19,0],[0,0.06],[0,0],[0,0.81],[0,0],[0,0],[0,0]]],[[[1.13,3],[3.57,0.12],[19.3,4.74],[3.83,6.41],[4.65,5.68],[1.26,0.01],[10.3,3.06]],[[0.01,1.05],[4.24,3.96],[0,0.99],[1.66,0.45],[0.03,0.01],[0,0.56],[0.02,0.01]],[[0.01,0.08],[0,0.03],[0.01,0.95],[0.23,0],[0,0],[0,5.77],[0.08,0.53]],[[0.01,0],[0.39,0],[0,0.05],[0,0.17],[0,0.01],[0,6.3],[0,0]],[[0.1,0],[0.9,1.22],[0.06,3.52],[0,1.11],[0,0],[0,0.03],[0.22,0]],[[4.43,0],[4.11,0.85],[0.01,1.72],[2.57,0.95],[0.29,0.07],[6.59,1.32],[17.32,17.32]],[[0,0.01],[0.19,1.27],[0.04,0.23],[0,0],[0.01,0.05],[0.02,1.24],[0.17,0.03]],[[0.04,0],[0,0],[0,0.01],[1.33,0.03],[0.02,0.04],[0,0.81],[11.73,2.5]],[[0.03,0.71],[2.63,1.43],[0.1,13.12],[0.15,0.11],[0.12,2.35],[0.61,0.12],[6.32,1.49]],[[0,0],[0,0.43],[0,0.86],[0,0],[0,0],[0,0],[0,0]]],[[[9.94,8.73],[10.48,1.74],[4.74,0.68],[4.16,12.37],[0.32,25.23],[23.77,0.16],[5.81,8.81]],[[3.28,0.01],[0.48,0.27],[1.38,9.96],[1.76,0.02],[0.22,2.47],[0.61,4.45],[0.02,0.02]],[[0,0.41],[0,0.45],[0.01,0],[0,0],[0.03,0],[0,0],[0,0]],[[3.01,0.28],[0.06,0.55],[2.14,2.14],[0.01,1],[4.82,0.6],[3.52,0.04],[0,0]],[[0.02,0],[0.77,2.36],[6.11,1.08],[0.01,0.85],[0,0.09],[0,0.06],[0.02,0.02]],[[0.92,2.35],[2.79,0],[0.02,2.35],[0.33,0.35],[0.97,0.71],[0,0.06],[0.09,0.02]],[[0.23,0.1],[0,0.37],[4.87,1.83],[4.05,0],[0,0.85],[0.36,0.01],[0.1,2]],[[0.01,0],[0,0.03],[0.07,0],[0,0],[0.52,0],[0.01,0.15],[2.15,0.06]],[[3.96,6.24],[2.93,0.38],[0,3.09],[0.35,0.02],[0.34,0.14],[16.93,0],[2.69,0]],[[0,0],[0,0],[0,0],[0,0],[0,0],[0,0],[0,0]]]];

