Omegamax = 5;
Produkte = 5;
v = [2,2,1,1,1];
KS = 137.3;

KH	=	9;								
							
											
kS = [[1000,	57.2372,	67.818,	71.0382,	113.7826,	113.8788,	58.1284,	11.8263,	18.415,	123.4198],
[57.2372,	1000,	46.2746,	90.4893,	109.4487,	63.9478,	85.5736,	67.1704,	61.1488,	79.4736],
[67.818,	46.2746,	1000,	55.0772,	63.2108,	56.2776,	57.2214,	71.1569,	58.0168,	58.8204],
[71.0382,	90.4893,	55.0772,	1000,	51.2275,	109.1766,	14.9386,	64.9797,	52.6937,	105.6924],
[113.7826,	109.4487,	63.2108,	51.2275,	1000,	95.8549,	65.6871,	110.9154,	97.0091,	82.8634],
[113.8788,	63.9478,	56.2776,	109.1766,	95.8549,	1000,	113.2514,	120.7053,	109.6557,	21.205],
[58.1284,	85.5736,	57.2214,	14.9386,	65.6871,	113.2514,	1000,	51.0286,	39.7368,	112.4334],
[11.8263,	67.1704,	71.1569,	64.9797,	110.9154,	120.7053,	51.0286,	1000,	14.2461,	128.6299],
[18.415,	61.1488,	58.0168,	52.6937,	97.0091,	109.6557,	39.7368,	14.2461,	1000,	116.2309],
[123.4198,	79.4736,	58.8204,	105.6924,	82.8634,	21.205,	112.4334,	128.6299,	116.2309,	1000]];
									
kem = [336,	54.9478,	65.1053,	68.1967,	109.2313,	109.3237,	55.8032,	11.3532,	17.6784,	118.4831];
											
											
								

kI = [0.0033,0.0193,0.0514,0.1153,0.2933];
qS = [1,1,1,1,1];

d = [[[[7.35,8.73,8.73,2.34,0.3],[2.25,1.74,7.72,9.47,2.63],[0.74,0.68,1.61,4.06,3.46],[7.37,12.37,1.75,4.28,0.58],[7.85,25.23,0.22,0.64,11.62],[0.52,0.16,7.63,2.45,2.65],[2.96,8.81,10.74,0.43,1.06]],[[0.58,0.01,0,0.26,0.01],[0.23,0.27,0.13,0.09,4.24],[5.45,9.96,0.83,0.09,4.3],[0.02,0.02,1.31,0,0.05],[2.83,2.47,0.36,2.03,1.3],[4.45,4.45,0.08,0.09,0],[3.73,0.02,5.4,0.01,0.31]],[[1.11,0.41,0,0,1.5],[0.04,0.45,0.14,0,0.01],[0.41,0,0,0,0.2],[0.42,0,0,0,0],[0.7,0,0.07,0,3.99],[0,0,0,0,0.04],[0.8,0,0,0,0.15]],[[1.73,0.28,0,0.03,0.28],[0,0.55,0,0.04,2.99],[0,2.14,4.58,0,0.09],[0,1,0.01,0,0.04],[0,0.6,7.41,0,1.83],[0,0.04,0.09,0,0],[0.29,0,0.64,0.22,0.22]],[[0.13,0,0,0,1.17],[0.35,2.36,0.01,0,0.71],[0.72,1.08,0.16,0.03,0.31],[0.32,0.85,0,4.6,0],[0.02,0.09,0,3.6,0],[0,0.06,0,0,0],[2.13,0.02,0.22,0.37,5.85]],[[0.36,2.35,4.15,0.09,1.27],[0.01,0,1.62,6.91,1.47],[0.29,2.35,0.07,0,3.46],[0.9,0.35,2.17,0.4,0.01],[0.48,0.71,1.03,0.01,1.03],[9.36,0.06,0,0.16,0.24],[0.34,0.02,9.36,0,0.55]],[[1.71,0.1,0.04,0.37,6.19],[0.82,0.37,1.2,4.32,0],[0,1.83,0.54,4.4,0],[0,0,0.18,1.78,0.64],[1.85,0.85,2.81,0.01,0.27],[0.36,0.01,0.58,0.15,3.32],[0,2,0,0.01,0.02]],[[0.78,0,1.69,0.15,0],[0,0.03,0.83,0.01,0.04],[0,0,6.72,0.48,0],[3.94,0,0,0,0.02],[0.81,0,2.98,0,0.65],[0,0.15,0,0,0],[0,0.06,1.86,1.22,0.71]],[[0.06,6.24,2.21,0.03,0.94],[3.28,0.38,0,0.69,0.77],[0.99,3.09,10.29,0.44,1.44],[0.06,0.02,0.19,0.07,0.35],[0.08,0.14,1.73,0.01,0.27],[0,0,2.15,0.41,0.03],[0,0,1.86,2.31,0]],[[0.19,0,0,0,0],[0,0,0,0,0],[0,0,0,0,0],[0,0,0,0,0],[0,0,0,0,0],[0,0,0,0,0],[0,0,0.06,0,0]]],[[[1.13,6.6,1.54,9.61,7.35],[3.57,0.71,0.91,1.95,1.74],[19.3,5.8,0.62,6.11,6.11],[3.83,0.06,2.52,0.58,0.82],[4.65,5.21,15.96,0.22,0.22],[1.26,0.31,7.11,1.32,4.04],[10.3,2.96,6.65,1.32,11.73]],[[0.01,5.01,0,12.76,0.79],[4.24,4.24,0.11,0.04,0],[0,0.02,0,0.06,0.01],[1.66,0.3,0,0,0],[0.03,2.64,0.48,10.98,0.02],[0,1.34,0.37,0.02,1.96],[0.02,1.81,3.15,0.02,0]],[[0.01,0.03,0,0,0.54],[0,1.53,1.32,0.03,1],[0.01,0,0,0.01,0],[0.23,0,0.03,0,0],[0,0.08,0.16,0,0],[0,0.29,0,0,0.8],[0.08,0,0.1,0,0.43]],[[0.01,0.5,0,0,0.67],[0.39,0,0,0,0.01],[0,0,5.46,0,0.05],[0,0,0,0.01,0.11],[0,0,0,0.02,0.75],[0,5.07,0,0,2.99],[0,0.03,0,0.14,1.26]],[[0.1,1.38,0.44,0.01,0.4],[0.9,2.16,0.07,0.52,3.13],[0.06,0.08,0,1.5,0],[0,10.6,0.18,0.1,0.01],[0,0,0.14,0,0],[0,2.13,0,0.15,1.88],[0.22,0,0,0,0]],[[4.43,3.9,0.78,0.59,0.59],[4.11,0.01,0.55,0.03,0.38],[0.01,0.04,0.59,0,0],[2.57,4.48,0.21,1.06,9.38],[0.29,0.19,6.24,1.39,0.42],[6.59,0,0.02,0,0.02],[17.32,0.01,0,0.47,0.01]],[[0,0.02,0,0.81,0.58],[0.19,4.32,0.11,0.01,0.25],[0.04,0,0.03,0.76,0],[0,0.02,0,0.6,0.02],[0.01,3.07,7.77,0,0.01],[0.02,14.55,10.63,0,0],[0.17,0.09,0,0.71,0]],[[0.04,1.88,0,0,0.01],[0,0,0,1.19,0.02],[0,0.27,0.01,2.62,0],[1.33,0,0.03,0.25,0.35],[0.02,0.01,0.02,0,0.16],[0,0,3.45,2.15,0.05],[11.73,0,4.12,0.11,0]],[[0.03,2.76,0.63,0.01,0.84],[2.63,0.18,1.11,4.47,0],[0.1,1.98,2.09,0,13.12],[0.15,0.46,1.37,0,0],[0.12,0,3.04,0.83,3.73],[0.61,0.44,0.03,1.03,0.83],[6.32,0.01,2.49,0,1.29]],[[0,0,0,0,0],[0,0,0,0,0],[0,0,0,0.05,0],[0,0,0,0,0],[0,0,0,0,0],[0,0,0,0,0],[0,0,0,0,0]]],[[[9.94,7.35,2.92,2.04,1.68],[10.48,5.7,3.57,0.78,10.87],[4.74,7.35,12.62,7.55,2.75],[4.16,6.96,3.04,3.33,2.2],[0.32,0.08,1.24,0.58,11.62],[23.77,13.59,11.22,17.48,0.23],[5.81,13.59,6.01,11.73,0.16]],[[3.28,0.06,0,0.83,1.31],[0.48,0.51,0.06,0.07,4.92],[1.38,3.28,0.01,0.01,0.11],[1.76,0.1,0.03,1.76,0.86],[0.22,5.21,0,0.33,0],[0.61,0.1,0.01,0.05,8.67],[0.02,0.37,0.12,0.78,0]],[[0,0,0,0.02,0],[0,0,1,0,0.02],[0.01,0.01,0,0.17,0.95],[0,0,0,0,0],[0.03,0,0.05,0,0],[0,0,0.01,0,0.99],[0,0,0,0,0.29]],[[3.01,0,0,0,0.02],[0.06,0.07,0,0.01,0.42],[2.14,0.28,0.01,0,0.46],[0.01,0.05,0.14,0.01,0.05],[4.82,0.6,0,0,0.04],[3.52,0.25,0,4.19,0.04],[0,0,0.12,1.66,0]],[[0.02,0.01,7.48,0.01,0.01],[0.77,0.06,0,9.58,0],[6.11,0,0.52,0.24,1.95],[0.01,0,0.02,0.93,0.1],[0,0,0.53,0,0],[0,0.15,0.41,0,0.01],[0.02,0.02,5.85,0.32,0]],[[0.92,0.16,0.83,9,0.01],[2.79,0.18,0.81,0.36,1.15],[0.02,0.41,0,0.36,0.06],[0.33,0.46,6.08,11.07,0.08],[0.97,1.98,0.01,11.65,0.01],[0,0.05,1.63,0.15,0.55],[0.09,3.89,0.22,0,0.51]],[[0.23,0.01,0.17,2.64,0.07],[0,2.46,0.99,0,0],[4.87,0,0.62,0,0.13],[4.05,0,1.33,0.05,0],[0,0.19,1.07,0,0.13],[0.36,0,0.64,0.02,0.07],[0.1,0,0.11,0.01,0.32]],[[0.01,0,0,0,0.01],[0,0,0.01,0.37,0.14],[0.07,0.2,0.64,0,0.36],[0,0,0,0,0],[0.52,2.02,0,0.03,0],[0.01,0.03,0,4.12,0.81],[2.15,1.86,0.27,0.05,4.12]],[[3.96,0.71,2.76,0,0.67],[2.93,0.01,0.18,3.93,0.11],[0,0.79,0.27,0.46,0],[0.35,0.01,0.12,0.64,0],[0.34,0,0.07,2.21,1.63],[16.93,0.14,16.93,0.06,0],[2.69,0.01,0.37,0.29,0.37]],[[0,0,0,0,0],[0,0,0,0,0],[0,0,0,0,0],[0,0,0.03,0,0],[0,0,0.13,0,0],[0,0,0,0,0],[0,0,0,0,0]]],[[[5.51,0.94,13.26,1.54,4.06],[9.18,12.31,2.02,16.73,3.39],[5.24,0.3,3.75,7.77,2.34],[1.13,0.4,0.12,3.73,1.26],[0.69,5.07,5.68,4.52,3.37],[5.1,1.92,6.01,1.46,0.16],[0.94,0.94,2.27,0.83,5.63]],[[2.42,12.76,0.88,4.63,6.6],[0.48,1.11,0.72,0.33,0],[0.16,0.93,0.03,0.19,3.08],[5.11,1.39,0.45,0.76,0],[0.16,0.2,0.12,3.03,0.05],[0,0.4,4.89,0.03,0.16],[1.96,0.06,0,0.02,0]],[[0,0.04,0,0,0.01],[0,2.49,0,0.03,0.02],[0,0.17,0,0.71,0],[2.07,0,0.05,0,0],[0.36,0,0,0,0],[0.53,0,1.52,0,0],[0,2.42,0.01,0,0]],[[0.67,0.05,0.06,0,0.34],[0.35,0.01,0.05,0.02,0.04],[2.67,0.06,0.03,0.46,0],[0,0.01,0,0.06,0.1],[0.67,0,1.83,0.01,0],[2.99,0,5.07,0,0],[0.01,0,0,0,0]],[[0.04,1.95,0,0,0.24],[0.03,0,0.27,0.07,0.08],[0.04,0.02,0.01,0.04,0.01],[0.46,1.91,0,0.02,0],[0,0.71,2.54,0.01,0],[1.17,0,0,0,0],[0,0,0.02,0.17,0]],[[0.25,0.13,4.15,0.49,0.01],[0.81,0.85,0.01,1.78,0],[2.76,4.74,0.02,9,5.48],[0.71,0.12,1.06,1.33,7.35],[0.39,0.04,1.16,3.67,0.12],[0.01,1.74,0.01,0,0.64],[0,0,0,0,0]],[[0.05,0.2,5.45,0.02,0],[0.48,0,0.3,0,0.02],[0.5,0.76,0,0.08,0.71],[2.07,0,0,0.3,0.1],[0,0.01,0.19,0,0.48],[0,0.14,0,2.69,0],[0.01,0.58,3.32,0,0]],[[0,6.72,0,0,1.14],[0,0,0.08,2.11,0],[2.96,0,0,0,0],[0.72,2.32,0,0.12,0.01],[0,0,0,0,0.05],[0.93,0,0.02,0,0.41],[0.27,2.15,0.1,1.22,0.05]],[[0.71,6.88,0.12,0.09,0],[0.69,0.52,0,0.58,0.03],[0.05,0.01,0.01,0.01,0.25],[2.28,0,0.4,0.02,0.21],[0.31,0.12,0,0,8.28],[1.39,0.06,0,0.01,0],[0.61,5.19,0.01,0,2.15]],[[0,0,0,0,0],[0.06,0,0,0,0],[0,0,0,0,0],[0.81,0.81,0,0,0],[0,0.13,0,0,0],[0,0,0,0,0],[0,0,0,0,0]]],[[[3,0.68,2.75,2.42,2.04],[0.12,6.29,8.39,0.91,12.31],[4.74,0.55,3.65,2.67,11.55],[6.41,0.58,7.37,4.05,0.58],[5.68,6.56,11.14,11.62,0.93],[0.01,5.1,9.89,5.1,2.27],[3.06,0.03,11.73,0.48,15.24]],[[1.05,0.09,0.06,0.3,2.89],[3.96,1.05,0.03,0,0],[0.99,9.96,0,0,0.05],[0.45,1.98,0.76,0.01,0.48],[0.01,0.24,0.05,4.06,0],[0.56,0.48,0.72,1.56,0.72],[0.01,0.61,0,0.06,0.04]],[[0.08,0,0,0,0],[0.03,0.08,0,0.01,0],[0.95,0,0,0,0.35],[0,0,0.03,0,0.02],[0,0.03,0,0.01,0],[5.77,0.03,0,0.03,0],[0.53,0.1,0,0,0]],[[0,0.06,0,0,9.3],[0,0.05,0.02,0.27,0.01],[0.05,0.02,0,0.61,0.28],[0.17,0,0.55,0.5,0],[0.01,0.48,0,2.34,0.84],[6.3,0,2.99,0,1.44],[0,0.84,0.04,0,0.14]],[[0,0.12,0.37,0,0],[1.22,1.43,0.01,1.82,0.9],[3.52,0.34,0.02,0.02,0.01],[1.11,0.6,0.1,0,3.56],[0,0,0.48,0,0.01],[0.03,0.04,0.66,0,0],[0,0,1.48,0.66,12.87]],[[0,1.03,0.56,0.29,1.2],[0.85,5.37,0.15,0,10.13],[1.72,5.93,2.62,1.72,6.47],[0.95,11.07,0.43,3.45,0.18],[0.07,0.09,0,1.87,0],[1.32,0.51,4.98,0.86,0],[17.32,0.01,0.15,0,4.98]],[[0.01,1.97,0.76,0.18,0.28],[1.27,0,0.63,10.77,0],[0.23,0.01,2.27,1.6,0.04],[0,0.35,0.01,0,0],[0.05,0.35,0,0.32,0.01],[1.24,0.44,0,0,0],[0.03,0.09,0,1.24,0.07]],[[0,0.01,0.22,0.27,0],[0,0.08,0,0,0.17],[0.01,0.1,2.09,0.13,0.12],[0.03,4.63,0,0.53,0.01],[0.04,0,0,0.01,0.01],[0.81,0.01,0.27,2.15,0],[2.5,0,0,0.01,0]],[[0.71,0.1,6.24,0.12,0],[1.43,3.1,1.17,0,0.29],[13.12,0.06,0.13,0.12,0.89],[0.11,0.24,0.3,4.6,0.04],[2.35,0.45,2.21,4.66,0.04],[0.12,0.44,0,0.01,1.49],[1.49,2.69,0,0.07,0]],[[0,0,0,0,0],[0.43,0,0,0.11,0],[0.86,0,0,0.09,0],[0,0,0,0,0],[0,0,0,0,0],[0,2.04,0,0,0],[0,0,0,0,0]]]];

