Omegamax = 1;
Produkte = 3;
v = [2,2,1];
KS = 126;

KH	=	9;								
							
											
kS = [[1000,	61.0982,	135.3811,	125.4204,	136.6548,	117.0763,	56.9162,	31.051,	62.8976,	111.512],
[61.0982,	1000,	93.9225,	90.9353,	148.5481,	121.9531,	18.7415,	88.1098,	108.0461,	125.9754],
[135.3811,	93.9225,	1000,	17.3325,	119.2363,	93.723,	83.6537,	147.5133,	143.5935,	110.1599],
[125.4204,	90.9353,	17.3325,	1000,	102.3983,	76.5169,	77.8317,	134.7515,	128.243,	92.8303],
[136.6548,	148.5481,	119.2363,	102.3983,	1000,	28.1437,	129.8136,	121.5764,	90.0895,	25.1435],
[117.0763,	121.9531,	93.723,	76.5169,	28.1437,	1000,	103.2318,	107.2947,	81.5113,	18.9332],
[56.9162,	18.7415,	83.6537,	77.8317,	129.8136,	103.2318,	1000,	79.282,	94.1049,	107.3586],
[31.051,	88.1098,	147.5133,	134.7515,	121.5764,	107.2947,	79.282,	1000,	36.2807,	97.1766],
[62.8976,	108.0461,	143.5935,	128.243,	90.0895,	81.5113,	94.1049,	36.2807,	1000,	67.5128],
[111.512,	125.9754,	110.1599,	92.8303,	25.1435,	18.9332,	107.3586,	97.1766,	67.5128,	1000]];
									
kem = [336,	58.6543,	129.9659,	120.4035,	131.1886,	112.3933,	54.6396,	29.8089,	60.3817,	107.0515];
											
											
								

kI = [0.0033,0.0193,0.0514];
qS = [1,1,1];

d = [[[[7.35,1.13,9.94],[2.25,3.57,10.48],[0.74,19.3,4.74],[7.37,3.83,4.16],[7.85,4.65,0.32],[0.52,1.26,23.77],[2.96,10.3,5.81]],[[0.58,0.01,3.28],[0.23,4.24,0.48],[5.45,0,1.38],[0.02,1.66,1.76],[2.83,0.03,0.22],[4.45,0,0.61],[3.73,0.02,0.02]],[[1.11,0.01,0],[0.04,0,0],[0.41,0.01,0.01],[0.42,0.23,0],[0.7,0,0.03],[0,0,0],[0.8,0.08,0]],[[1.73,0.01,3.01],[0,0.39,0.06],[0,0,2.14],[0,0,0.01],[0,0,4.82],[0,0,3.52],[0.29,0,0]],[[0.13,0.1,0.02],[0.35,0.9,0.77],[0.72,0.06,6.11],[0.32,0,0.01],[0.02,0,0],[0,0,0],[2.13,0.22,0.02]],[[0.36,4.43,0.92],[0.01,4.11,2.79],[0.29,0.01,0.02],[0.9,2.57,0.33],[0.48,0.29,0.97],[9.36,6.59,0],[0.34,17.32,0.09]],[[1.71,0,0.23],[0.82,0.19,0],[0,0.04,4.87],[0,0,4.05],[1.85,0.01,0],[0.36,0.02,0.36],[0,0.17,0.1]],[[0.78,0.04,0.01],[0,0,0],[0,0,0.07],[3.94,1.33,0],[0.81,0.02,0.52],[0,0,0.01],[0,11.73,2.15]],[[0.06,0.03,3.96],[3.28,2.63,2.93],[0.99,0.1,0],[0.06,0.15,0.35],[0.08,0.12,0.34],[0,0.61,16.93],[0,6.32,2.69]],[[0.19,0,0],[0,0,0],[0,0,0],[0,0,0],[0,0,0],[0,0,0],[0,0,0]]]];

