Omegamax = 9;
Produkte = 2;
v = [2,2];
KS = 117;

KH	=	9;								
							
											
kS = [[1000,	57.2372,	67.818,	71.0382,	113.7826,	113.8788,	58.1284,	11.8263,	18.415,	123.4198],
[57.2372,	1000,	46.2746,	90.4893,	109.4487,	63.9478,	85.5736,	67.1704,	61.1488,	79.4736],
[67.818,	46.2746,	1000,	55.0772,	63.2108,	56.2776,	57.2214,	71.1569,	58.0168,	58.8204],
[71.0382,	90.4893,	55.0772,	1000,	51.2275,	109.1766,	14.9386,	64.9797,	52.6937,	105.6924],
[113.7826,	109.4487,	63.2108,	51.2275,	1000,	95.8549,	65.6871,	110.9154,	97.0091,	82.8634],
[113.8788,	63.9478,	56.2776,	109.1766,	95.8549,	1000,	113.2514,	120.7053,	109.6557,	21.205],
[58.1284,	85.5736,	57.2214,	14.9386,	65.6871,	113.2514,	1000,	51.0286,	39.7368,	112.4334],
[11.8263,	67.1704,	71.1569,	64.9797,	110.9154,	120.7053,	51.0286,	1000,	14.2461,	128.6299],
[18.415,	61.1488,	58.0168,	52.6937,	97.0091,	109.6557,	39.7368,	14.2461,	1000,	116.2309],
[123.4198,	79.4736,	58.8204,	105.6924,	82.8634,	21.205,	112.4334,	128.6299,	116.2309,	1000]];
									
kem = [336,	54.9478,	65.1053,	68.1967,	109.2313,	109.3237,	55.8032,	11.3532,	17.6784,	118.4831];
											
											
								

kI = [0.0033,0.0193];
qS = [1,1];

d = [[[[7.35,0.68],[2.25,6.29],[0.74,0.55],[7.37,0.58],[7.85,6.56],[0.52,5.1],[2.96,0.03]],[[0.58,0.09],[0.23,1.05],[5.45,9.96],[0.02,1.98],[2.83,0.24],[4.45,0.48],[3.73,0.61]],[[1.11,0],[0.04,0.08],[0.41,0],[0.42,0],[0.7,0.03],[0,0.03],[0.8,0.1]],[[1.73,0.06],[0,0.05],[0,0.02],[0,0],[0,0.48],[0,0],[0.29,0.84]],[[0.13,0.12],[0.35,1.43],[0.72,0.34],[0.32,0.6],[0.02,0],[0,0.04],[2.13,0]],[[0.36,1.03],[0.01,5.37],[0.29,5.93],[0.9,11.07],[0.48,0.09],[9.36,0.51],[0.34,0.01]],[[1.71,1.97],[0.82,0],[0,0.01],[0,0.35],[1.85,0.35],[0.36,0.44],[0,0.09]],[[0.78,0.01],[0,0.08],[0,0.1],[3.94,4.63],[0.81,0],[0,0.01],[0,0]],[[0.06,0.1],[3.28,3.1],[0.99,0.06],[0.06,0.24],[0.08,0.45],[0,0.44],[0,2.69]],[[0.19,0],[0,0],[0,0],[0,0],[0,0],[0,2.04],[0,0]]],[[[1.13,8.73],[3.57,7.72],[19.3,1.61],[3.83,1.75],[4.65,0.22],[1.26,7.63],[10.3,10.74]],[[0.01,0],[4.24,0.13],[0,0.83],[1.66,1.31],[0.03,0.36],[0,0.08],[0.02,5.4]],[[0.01,0],[0,0.14],[0.01,0],[0.23,0],[0,0.07],[0,0],[0.08,0]],[[0.01,0],[0.39,0],[0,4.58],[0,0.01],[0,7.41],[0,0.09],[0,0.64]],[[0.1,0],[0.9,0.01],[0.06,0.16],[0,0],[0,0],[0,0],[0.22,0.22]],[[4.43,4.15],[4.11,1.62],[0.01,0.07],[2.57,2.17],[0.29,1.03],[6.59,0],[17.32,9.36]],[[0,0.04],[0.19,1.2],[0.04,0.54],[0,0.18],[0.01,2.81],[0.02,0.58],[0.17,0]],[[0.04,1.69],[0,0.83],[0,6.72],[1.33,0],[0.02,2.98],[0,0],[11.73,1.86]],[[0.03,2.21],[2.63,0],[0.1,10.29],[0.15,0.19],[0.12,1.73],[0.61,2.15],[6.32,1.86]],[[0,0],[0,0],[0,0],[0,0],[0,0],[0,0],[0,0.06]]],[[[9.94,1.54],[10.48,0.91],[4.74,0.62],[4.16,2.52],[0.32,15.96],[23.77,7.11],[5.81,6.65]],[[3.28,0],[0.48,0.11],[1.38,0],[1.76,0],[0.22,0.48],[0.61,0.37],[0.02,3.15]],[[0,0],[0,1.32],[0.01,0],[0,0.03],[0.03,0.16],[0,0],[0,0.1]],[[3.01,0],[0.06,0],[2.14,5.46],[0.01,0],[4.82,0],[3.52,0],[0,0]],[[0.02,0.44],[0.77,0.07],[6.11,0],[0.01,0.18],[0,0.14],[0,0],[0.02,0]],[[0.92,0.78],[2.79,0.55],[0.02,0.59],[0.33,0.21],[0.97,6.24],[0,0.02],[0.09,0]],[[0.23,0],[0,0.11],[4.87,0.03],[4.05,0],[0,7.77],[0.36,10.63],[0.1,0]],[[0.01,0],[0,0],[0.07,0.01],[0,0.03],[0.52,0.02],[0.01,3.45],[2.15,4.12]],[[3.96,0.63],[2.93,1.11],[0,2.09],[0.35,1.37],[0.34,3.04],[16.93,0.03],[2.69,2.49]],[[0,0],[0,0],[0,0],[0,0],[0,0],[0,0],[0,0]]],[[[5.51,2.92],[9.18,3.57],[5.24,12.62],[1.13,3.04],[0.69,1.24],[5.1,11.22],[0.94,6.01]],[[2.42,0],[0.48,0.06],[0.16,0.01],[5.11,0.03],[0.16,0],[0,0.01],[1.96,0.12]],[[0,0],[0,1],[0,0],[2.07,0],[0.36,0.05],[0.53,0.01],[0,0]],[[0.67,0],[0.35,0],[2.67,0.01],[0,0.14],[0.67,0],[2.99,0],[0.01,0.12]],[[0.04,7.48],[0.03,0],[0.04,0.52],[0.46,0.02],[0,0.53],[1.17,0.41],[0,5.85]],[[0.25,0.83],[0.81,0.81],[2.76,0],[0.71,6.08],[0.39,0.01],[0.01,1.63],[0,0.22]],[[0.05,0.17],[0.48,0.99],[0.5,0.62],[2.07,1.33],[0,1.07],[0,0.64],[0.01,0.11]],[[0,0],[0,0.01],[2.96,0.64],[0.72,0],[0,0],[0.93,0],[0.27,0.27]],[[0.71,2.76],[0.69,0.18],[0.05,0.27],[2.28,0.12],[0.31,0.07],[1.39,16.93],[0.61,0.37]],[[0,0],[0.06,0],[0,0],[0.81,0.03],[0,0.13],[0,0],[0,0]]],[[[3,13.26],[0.12,2.02],[4.74,3.75],[6.41,0.12],[5.68,5.68],[0.01,6.01],[3.06,2.27]],[[1.05,0.88],[3.96,0.72],[0.99,0.03],[0.45,0.45],[0.01,0.12],[0.56,4.89],[0.01,0]],[[0.08,0],[0.03,0],[0.95,0],[0,0.05],[0,0],[5.77,1.52],[0.53,0.01]],[[0,0.06],[0,0.05],[0.05,0.03],[0.17,0],[0.01,1.83],[6.3,5.07],[0,0]],[[0,0],[1.22,0.27],[3.52,0.01],[1.11,0],[0,2.54],[0.03,0],[0,0.02]],[[0,4.15],[0.85,0.01],[1.72,0.02],[0.95,1.06],[0.07,1.16],[1.32,0.01],[17.32,0]],[[0.01,5.45],[1.27,0.3],[0.23,0],[0,0],[0.05,0.19],[1.24,0],[0.03,3.32]],[[0,0],[0,0.08],[0.01,0],[0.03,0],[0.04,0],[0.81,0.02],[2.5,0.1]],[[0.71,0.12],[1.43,0],[13.12,0.01],[0.11,0.4],[2.35,0],[0.12,0],[1.49,0.01]],[[0,0],[0.43,0],[0.86,0],[0,0],[0,0],[0,0],[0,0]]],[[[8.73,2.75],[1.74,8.39],[0.68,3.65],[12.37,7.37],[25.23,11.14],[0.16,9.89],[8.81,11.73]],[[0.01,0.06],[0.27,0.03],[9.96,0],[0.02,0.76],[2.47,0.05],[4.45,0.72],[0.02,0]],[[0.41,0],[0.45,0],[0,0],[0,0.03],[0,0],[0,0],[0,0]],[[0.28,0],[0.55,0.02],[2.14,0],[1,0.55],[0.6,0],[0.04,2.99],[0,0.04]],[[0,0.37],[2.36,0.01],[1.08,0.02],[0.85,0.1],[0.09,0.48],[0.06,0.66],[0.02,1.48]],[[2.35,0.56],[0,0.15],[2.35,2.62],[0.35,0.43],[0.71,0],[0.06,4.98],[0.02,0.15]],[[0.1,0.76],[0.37,0.63],[1.83,2.27],[0,0.01],[0.85,0],[0.01,0],[2,0]],[[0,0.22],[0.03,0],[0,2.09],[0,0],[0,0],[0.15,0.27],[0.06,0]],[[6.24,6.24],[0.38,1.17],[3.09,0.13],[0.02,0.3],[0.14,2.21],[0,0],[0,0]],[[0,0],[0,0],[0,0],[0,0],[0,0],[0,0],[0,0]]],[[[6.6,2.34],[0.71,9.47],[5.8,4.06],[0.06,4.28],[5.21,0.64],[0.31,2.45],[2.96,0.43]],[[5.01,0.26],[4.24,0.09],[0.02,0.09],[0.3,0],[2.64,2.03],[1.34,0.09],[1.81,0.01]],[[0.03,0],[1.53,0],[0,0],[0,0],[0.08,0],[0.29,0],[0,0]],[[0.5,0.03],[0,0.04],[0,0],[0,0],[0,0],[5.07,0],[0.03,0.22]],[[1.38,0],[2.16,0],[0.08,0.03],[10.6,4.6],[0,3.6],[2.13,0],[0,0.37]],[[3.9,0.09],[0.01,6.91],[0.04,0],[4.48,0.4],[0.19,0.01],[0,0.16],[0.01,0]],[[0.02,0.37],[4.32,4.32],[0,4.4],[0.02,1.78],[3.07,0.01],[14.55,0.15],[0.09,0.01]],[[1.88,0.15],[0,0.01],[0.27,0.48],[0,0],[0.01,0],[0,0],[0,1.22]],[[2.76,0.03],[0.18,0.69],[1.98,0.44],[0.46,0.07],[0,0.01],[0.44,0.41],[0.01,2.31]],[[0,0],[0,0],[0,0],[0,0],[0,0],[0,0],[0,0]]],[[[7.35,9.61],[5.7,1.95],[7.35,6.11],[6.96,0.58],[0.08,0.22],[13.59,1.32],[13.59,1.32]],[[0.06,12.76],[0.51,0.04],[3.28,0.06],[0.1,0],[5.21,10.98],[0.1,0.02],[0.37,0.02]],[[0,0],[0,0.03],[0.01,0.01],[0,0],[0,0],[0,0],[0,0]],[[0,0],[0.07,0],[0.28,0],[0.05,0.01],[0.6,0.02],[0.25,0],[0,0.14]],[[0.01,0.01],[0.06,0.52],[0,1.5],[0,0.1],[0,0],[0.15,0.15],[0.02,0]],[[0.16,0.59],[0.18,0.03],[0.41,0],[0.46,1.06],[1.98,1.39],[0.05,0],[3.89,0.47]],[[0.01,0.81],[2.46,0.01],[0,0.76],[0,0.6],[0.19,0],[0,0],[0,0.71]],[[0,0],[0,1.19],[0.2,2.62],[0,0.25],[2.02,0],[0.03,2.15],[1.86,0.11]],[[0.71,0.01],[0.01,4.47],[0.79,0],[0.01,0],[0,0.83],[0.14,1.03],[0.01,0]],[[0,0],[0,0],[0,0.05],[0,0],[0,0],[0,0],[0,0]]],[[[0.94,2.04],[12.31,0.78],[0.3,7.55],[0.4,3.33],[5.07,0.58],[1.92,17.48],[0.94,11.73]],[[12.76,0.83],[1.11,0.07],[0.93,0.01],[1.39,1.76],[0.2,0.33],[0.4,0.05],[0.06,0.78]],[[0.04,0.02],[2.49,0],[0.17,0.17],[0,0],[0,0],[0,0],[2.42,0]],[[0.05,0],[0.01,0.01],[0.06,0],[0.01,0.01],[0,0],[0,4.19],[0,1.66]],[[1.95,0.01],[0,9.58],[0.02,0.24],[1.91,0.93],[0.71,0],[0,0],[0,0.32]],[[0.13,9],[0.85,0.36],[4.74,0.36],[0.12,11.07],[0.04,11.65],[1.74,0.15],[0,0]],[[0.2,2.64],[0,0],[0.76,0],[0,0.05],[0.01,0],[0.14,0.02],[0.58,0.01]],[[6.72,0],[0,0.37],[0,0],[2.32,0],[0,0.03],[0,4.12],[2.15,0.05]],[[6.88,0],[0.52,3.93],[0.01,0.46],[0,0.64],[0.12,2.21],[0.06,0.06],[5.19,0.29]],[[0,0],[0,0],[0,0],[0.81,0],[0.13,0],[0,0],[0,0]]]];

