Omegamax = 7;
Produkte = 1;
v = [2];
KS = 90;

KH	=	9;								
							
											
kS = [[1000,	100.3154,	67.9336,	78.6797,	66.2313,	39.1673,	15.8027,	29.5922,	86.2152,	73.4044],
[100.3154,	1000,	74.3155,	63.6129,	52.5148,	75.8219,	84.5888,	108.1348,	29.2909,	64.5159],
[67.9336,	74.3155,	1000,	15.2169,	22.6999,	29.2509,	57.317,	53.6605,	45.899,	11.1019],
[78.6797,	63.6129,	15.2169,	1000,	18.5917,	39.5901,	66.206,	67.7875,	34.3532,	5.3364],
[66.2313,	52.5148,	22.6999,	18.5917,	1000,	29.6067,	52.0814,	62.0716,	25.8883,	15.7955],
[39.1673,	75.8219,	29.2509,	39.5901,	29.6067,	1000,	28.1405,	33.0635,	53.8425,	34.2857],
[15.8027,	84.5888,	57.317,	66.206,	52.0814,	28.1405,	1000,	34.0634,	70.7486,	61.0963],
[29.5922,	108.1348,	53.6605,	67.7875,	62.0716,	33.0635,	34.0634,	1000,	86.8817,	62.6072],
[86.2152,	29.2909,	45.899,	34.3532,	25.8883,	53.8425,	70.7486,	86.8817,	1000,	35.5839],
[73.4044,	64.5159,	11.1019,	5.3364,	15.7955,	34.2857,	61.0963,	62.6072,	35.5839,	1000]];
									
kem = [336,	96.3028,	65.2162,	75.5325,	63.582,	37.6006,	15.1706,	28.4085,	82.7666,	70.4682];
										
											
								

kI = [0.0033];
qS = [1];

d = [[[[7.35],[2.25],[0.74],[7.37],[7.85],[0.52],[2.96]],[[0.58],[0.23],[5.45],[0.02],[2.83],[4.45],[3.73]],[[1.11],[0.04],[0.41],[0.42],[0.7],[0],[0.8]],[[1.73],[0],[0],[0],[0],[0],[0.29]],[[0.13],[0.35],[0.72],[0.32],[0.02],[0],[2.13]],[[0.36],[0.01],[0.29],[0.9],[0.48],[9.36],[0.34]],[[1.71],[0.82],[0],[0],[1.85],[0.36],[0]],[[0.78],[0],[0],[3.94],[0.81],[0],[0]],[[0.06],[3.28],[0.99],[0.06],[0.08],[0],[0]],[[0.19],[0],[0],[0],[0],[0],[0]]],[[[1.13],[3.57],[19.3],[3.83],[4.65],[1.26],[10.3]],[[0.01],[4.24],[0],[1.66],[0.03],[0],[0.02]],[[0.01],[0],[0.01],[0.23],[0],[0],[0.08]],[[0.01],[0.39],[0],[0],[0],[0],[0]],[[0.1],[0.9],[0.06],[0],[0],[0],[0.22]],[[4.43],[4.11],[0.01],[2.57],[0.29],[6.59],[17.32]],[[0],[0.19],[0.04],[0],[0.01],[0.02],[0.17]],[[0.04],[0],[0],[1.33],[0.02],[0],[11.73]],[[0.03],[2.63],[0.1],[0.15],[0.12],[0.61],[6.32]],[[0],[0],[0],[0],[0],[0],[0]]],[[[9.94],[10.48],[4.74],[4.16],[0.32],[23.77],[5.81]],[[3.28],[0.48],[1.38],[1.76],[0.22],[0.61],[0.02]],[[0],[0],[0.01],[0],[0.03],[0],[0]],[[3.01],[0.06],[2.14],[0.01],[4.82],[3.52],[0]],[[0.02],[0.77],[6.11],[0.01],[0],[0],[0.02]],[[0.92],[2.79],[0.02],[0.33],[0.97],[0],[0.09]],[[0.23],[0],[4.87],[4.05],[0],[0.36],[0.1]],[[0.01],[0],[0.07],[0],[0.52],[0.01],[2.15]],[[3.96],[2.93],[0],[0.35],[0.34],[16.93],[2.69]],[[0],[0],[0],[0],[0],[0],[0]]],[[[5.51],[9.18],[5.24],[1.13],[0.69],[5.1],[0.94]],[[2.42],[0.48],[0.16],[5.11],[0.16],[0],[1.96]],[[0],[0],[0],[2.07],[0.36],[0.53],[0]],[[0.67],[0.35],[2.67],[0],[0.67],[2.99],[0.01]],[[0.04],[0.03],[0.04],[0.46],[0],[1.17],[0]],[[0.25],[0.81],[2.76],[0.71],[0.39],[0.01],[0]],[[0.05],[0.48],[0.5],[2.07],[0],[0],[0.01]],[[0],[0],[2.96],[0.72],[0],[0.93],[0.27]],[[0.71],[0.69],[0.05],[2.28],[0.31],[1.39],[0.61]],[[0],[0.06],[0],[0.81],[0],[0],[0]]],[[[3],[0.12],[4.74],[6.41],[5.68],[0.01],[3.06]],[[1.05],[3.96],[0.99],[0.45],[0.01],[0.56],[0.01]],[[0.08],[0.03],[0.95],[0],[0],[5.77],[0.53]],[[0],[0],[0.05],[0.17],[0.01],[6.3],[0]],[[0],[1.22],[3.52],[1.11],[0],[0.03],[0]],[[0],[0.85],[1.72],[0.95],[0.07],[1.32],[17.32]],[[0.01],[1.27],[0.23],[0],[0.05],[1.24],[0.03]],[[0],[0],[0.01],[0.03],[0.04],[0.81],[2.5]],[[0.71],[1.43],[13.12],[0.11],[2.35],[0.12],[1.49]],[[0],[0.43],[0.86],[0],[0],[0],[0]]],[[[8.73],[1.74],[0.68],[12.37],[25.23],[0.16],[8.81]],[[0.01],[0.27],[9.96],[0.02],[2.47],[4.45],[0.02]],[[0.41],[0.45],[0],[0],[0],[0],[0]],[[0.28],[0.55],[2.14],[1],[0.6],[0.04],[0]],[[0],[2.36],[1.08],[0.85],[0.09],[0.06],[0.02]],[[2.35],[0],[2.35],[0.35],[0.71],[0.06],[0.02]],[[0.1],[0.37],[1.83],[0],[0.85],[0.01],[2]],[[0],[0.03],[0],[0],[0],[0.15],[0.06]],[[6.24],[0.38],[3.09],[0.02],[0.14],[0],[0]],[[0],[0],[0],[0],[0],[0],[0]]],[[[6.6],[0.71],[5.8],[0.06],[5.21],[0.31],[2.96]],[[5.01],[4.24],[0.02],[0.3],[2.64],[1.34],[1.81]],[[0.03],[1.53],[0],[0],[0.08],[0.29],[0]],[[0.5],[0],[0],[0],[0],[5.07],[0.03]],[[1.38],[2.16],[0.08],[10.6],[0],[2.13],[0]],[[3.9],[0.01],[0.04],[4.48],[0.19],[0],[0.01]],[[0.02],[4.32],[0],[0.02],[3.07],[14.55],[0.09]],[[1.88],[0],[0.27],[0],[0.01],[0],[0]],[[2.76],[0.18],[1.98],[0.46],[0],[0.44],[0.01]],[[0],[0],[0],[0],[0],[0],[0]]]];

