Omegamax = 8;
Produkte = 3;
v = [2,2,1];
KS = 126;

KH	=	9;								
							
											
kS = [[1000,	100.3154,	67.9336,	78.6797,	66.2313,	39.1673,	15.8027,	29.5922,	86.2152,	73.4044],
[100.3154,	1000,	74.3155,	63.6129,	52.5148,	75.8219,	84.5888,	108.1348,	29.2909,	64.5159],
[67.9336,	74.3155,	1000,	15.2169,	22.6999,	29.2509,	57.317,	53.6605,	45.899,	11.1019],
[78.6797,	63.6129,	15.2169,	1000,	18.5917,	39.5901,	66.206,	67.7875,	34.3532,	5.3364],
[66.2313,	52.5148,	22.6999,	18.5917,	1000,	29.6067,	52.0814,	62.0716,	25.8883,	15.7955],
[39.1673,	75.8219,	29.2509,	39.5901,	29.6067,	1000,	28.1405,	33.0635,	53.8425,	34.2857],
[15.8027,	84.5888,	57.317,	66.206,	52.0814,	28.1405,	1000,	34.0634,	70.7486,	61.0963],
[29.5922,	108.1348,	53.6605,	67.7875,	62.0716,	33.0635,	34.0634,	1000,	86.8817,	62.6072],
[86.2152,	29.2909,	45.899,	34.3532,	25.8883,	53.8425,	70.7486,	86.8817,	1000,	35.5839],
[73.4044,	64.5159,	11.1019,	5.3364,	15.7955,	34.2857,	61.0963,	62.6072,	35.5839,	1000]];
									
kem = [336,	96.3028,	65.2162,	75.5325,	63.582,	37.6006,	15.1706,	28.4085,	82.7666,	70.4682];
										
											
								

kI = [0.0033,0.0193,0.0514];
qS = [1,1,1];

d = [[[[7.35,0.94,9.61],[2.25,12.31,1.95],[0.74,0.3,6.11],[7.37,0.4,0.58],[7.85,5.07,0.22],[0.52,1.92,1.32],[2.96,0.94,1.32]],[[0.58,12.76,12.76],[0.23,1.11,0.04],[5.45,0.93,0.06],[0.02,1.39,0],[2.83,0.2,10.98],[4.45,0.4,0.02],[3.73,0.06,0.02]],[[1.11,0.04,0],[0.04,2.49,0.03],[0.41,0.17,0.01],[0.42,0,0],[0.7,0,0],[0,0,0],[0.8,2.42,0]],[[1.73,0.05,0],[0,0.01,0],[0,0.06,0],[0,0.01,0.01],[0,0,0.02],[0,0,0],[0.29,0,0.14]],[[0.13,1.95,0.01],[0.35,0,0.52],[0.72,0.02,1.5],[0.32,1.91,0.1],[0.02,0.71,0],[0,0,0.15],[2.13,0,0]],[[0.36,0.13,0.59],[0.01,0.85,0.03],[0.29,4.74,0],[0.9,0.12,1.06],[0.48,0.04,1.39],[9.36,1.74,0],[0.34,0,0.47]],[[1.71,0.2,0.81],[0.82,0,0.01],[0,0.76,0.76],[0,0,0.6],[1.85,0.01,0],[0.36,0.14,0],[0,0.58,0.71]],[[0.78,6.72,0],[0,0,1.19],[0,0,2.62],[3.94,2.32,0.25],[0.81,0,0],[0,0,2.15],[0,2.15,0.11]],[[0.06,6.88,0.01],[3.28,0.52,4.47],[0.99,0.01,0],[0.06,0,0],[0.08,0.12,0.83],[0,0.06,1.03],[0,5.19,0]],[[0.19,0,0],[0,0,0],[0,0,0.05],[0,0.81,0],[0,0.13,0],[0,0,0],[0,0,0]]],[[[1.13,0.68,2.04],[3.57,6.29,0.78],[19.3,0.55,7.55],[3.83,0.58,3.33],[4.65,6.56,0.58],[1.26,5.1,17.48],[10.3,0.03,11.73]],[[0.01,0.09,0.83],[4.24,1.05,0.07],[0,9.96,0.01],[1.66,1.98,1.76],[0.03,0.24,0.33],[0,0.48,0.05],[0.02,0.61,0.78]],[[0.01,0,0.02],[0,0.08,0],[0.01,0,0.17],[0.23,0,0],[0,0.03,0],[0,0.03,0],[0.08,0.1,0]],[[0.01,0.06,0],[0.39,0.05,0.01],[0,0.02,0],[0,0,0.01],[0,0.48,0],[0,0,4.19],[0,0.84,1.66]],[[0.1,0.12,0.01],[0.9,1.43,9.58],[0.06,0.34,0.24],[0,0.6,0.93],[0,0,0],[0,0.04,0],[0.22,0,0.32]],[[4.43,1.03,9],[4.11,5.37,0.36],[0.01,5.93,0.36],[2.57,11.07,11.07],[0.29,0.09,11.65],[6.59,0.51,0.15],[17.32,0.01,0]],[[0,1.97,2.64],[0.19,0,0],[0.04,0.01,0],[0,0.35,0.05],[0.01,0.35,0],[0.02,0.44,0.02],[0.17,0.09,0.01]],[[0.04,0.01,0],[0,0.08,0.37],[0,0.1,0],[1.33,4.63,0],[0.02,0,0.03],[0,0.01,4.12],[11.73,0,0.05]],[[0.03,0.1,0],[2.63,3.1,3.93],[0.1,0.06,0.46],[0.15,0.24,0.64],[0.12,0.45,2.21],[0.61,0.44,0.06],[6.32,2.69,0.29]],[[0,0,0],[0,0,0],[0,0,0],[0,0,0],[0,0,0],[0,2.04,0],[0,0,0]]],[[[9.94,8.73,1.54],[10.48,7.72,16.73],[4.74,1.61,7.77],[4.16,1.75,3.73],[0.32,0.22,4.52],[23.77,7.63,1.46],[5.81,10.74,0.83]],[[3.28,0,4.63],[0.48,0.13,0.33],[1.38,0.83,0.19],[1.76,1.31,0.76],[0.22,0.36,3.03],[0.61,0.08,0.03],[0.02,5.4,0.02]],[[0,0,0],[0,0.14,0.03],[0.01,0,0.71],[0,0,0],[0.03,0.07,0],[0,0,0],[0,0,0]],[[3.01,0,0],[0.06,0,0.02],[2.14,4.58,0.46],[0.01,0.01,0.06],[4.82,7.41,0.01],[3.52,0.09,0],[0,0.64,0]],[[0.02,0,0],[0.77,0.01,0.07],[6.11,0.16,0.04],[0.01,0,0.02],[0,0,0.01],[0,0,0],[0.02,0.22,0.17]],[[0.92,4.15,0.49],[2.79,1.62,1.78],[0.02,0.07,9],[0.33,2.17,1.33],[0.97,1.03,3.67],[0,0,0],[0.09,9.36,0]],[[0.23,0.04,0.02],[0,1.2,0],[4.87,0.54,0.08],[4.05,0.18,0.3],[0,2.81,0],[0.36,0.58,2.69],[0.1,0,0]],[[0.01,1.69,0],[0,0.83,2.11],[0.07,6.72,0],[0,0,0.12],[0.52,2.98,0],[0.01,0,0],[2.15,1.86,1.22]],[[3.96,2.21,0.09],[2.93,0,0.58],[0,10.29,0.01],[0.35,0.19,0.02],[0.34,1.73,0],[16.93,2.15,0.01],[2.69,1.86,0]],[[0,0,0],[0,0,0],[0,0,0],[0,0,0],[0,0,0],[0,0,0],[0,0.06,0]]],[[[5.51,1.54,2.42],[9.18,0.91,0.91],[5.24,0.62,2.67],[1.13,2.52,4.05],[0.69,15.96,11.62],[5.1,7.11,5.1],[0.94,6.65,0.48]],[[2.42,0,0.3],[0.48,0.11,0],[0.16,0,0],[5.11,0,0.01],[0.16,0.48,4.06],[0,0.37,1.56],[1.96,3.15,0.06]],[[0,0,0],[0,1.32,0.01],[0,0,0],[2.07,0.03,0],[0.36,0.16,0.01],[0.53,0,0.03],[0,0.1,0]],[[0.67,0,0],[0.35,0,0.27],[2.67,5.46,0.61],[0,0,0.5],[0.67,0,2.34],[2.99,0,0],[0.01,0,0]],[[0.04,0.44,0],[0.03,0.07,1.82],[0.04,0,0.02],[0.46,0.18,0],[0,0.14,0],[1.17,0,0],[0,0,0.66]],[[0.25,0.78,0.29],[0.81,0.55,0],[2.76,0.59,1.72],[0.71,0.21,3.45],[0.39,6.24,1.87],[0.01,0.02,0.86],[0,0,0]],[[0.05,0,0.18],[0.48,0.11,10.77],[0.5,0.03,1.6],[2.07,0,0],[0,7.77,0.32],[0,10.63,0],[0.01,0,1.24]],[[0,0,0.27],[0,0,0],[2.96,0.01,0.13],[0.72,0.03,0.53],[0,0.02,0.01],[0.93,3.45,2.15],[0.27,4.12,0.01]],[[0.71,0.63,0.12],[0.69,1.11,0],[0.05,2.09,0.12],[2.28,1.37,4.6],[0.31,3.04,4.66],[1.39,0.03,0.01],[0.61,2.49,0.07]],[[0,0,0],[0.06,0,0.11],[0,0,0.09],[0.81,0,0],[0,0,0],[0,0,0],[0,0,0]]],[[[3,2.92,0.3],[0.12,3.57,2.63],[4.74,12.62,3.46],[6.41,3.04,0.58],[5.68,1.24,11.62],[0.01,11.22,2.65],[3.06,6.01,1.06]],[[1.05,0,0.01],[3.96,0.06,4.24],[0.99,0.01,4.3],[0.45,0.03,0.05],[0.01,0,1.3],[0.56,0.01,0],[0.01,0.12,0.31]],[[0.08,0,1.5],[0.03,1,0.01],[0.95,0,0.2],[0,0,0],[0,0.05,3.99],[5.77,0.01,0.04],[0.53,0,0.15]],[[0,0,0.28],[0,0,2.99],[0.05,0.01,0.09],[0.17,0.14,0.04],[0.01,0,1.83],[6.3,0,0],[0,0.12,0.22]],[[0,7.48,1.17],[1.22,0,0.71],[3.52,0.52,0.31],[1.11,0.02,0],[0,0.53,0],[0.03,0.41,0],[0,5.85,5.85]],[[0,0.83,1.27],[0.85,0.81,1.47],[1.72,0,3.46],[0.95,6.08,0.01],[0.07,0.01,1.03],[1.32,1.63,0.24],[17.32,0.22,0.55]],[[0.01,0.17,6.19],[1.27,0.99,0],[0.23,0.62,0],[0,1.33,0.64],[0.05,1.07,0.27],[1.24,0.64,3.32],[0.03,0.11,0.02]],[[0,0,0],[0,0.01,0.04],[0.01,0.64,0],[0.03,0,0.02],[0.04,0,0.65],[0.81,0,0],[2.5,0.27,0.71]],[[0.71,2.76,0.94],[1.43,0.18,0.77],[13.12,0.27,1.44],[0.11,0.12,0.35],[2.35,0.07,0.27],[0.12,16.93,0.03],[1.49,0.37,0]],[[0,0,0],[0.43,0,0],[0.86,0,0],[0,0.03,0],[0,0.13,0],[0,0,0],[0,0,0]]],[[[8.73,13.26,7.35],[1.74,2.02,1.74],[0.68,3.75,6.11],[12.37,0.12,0.82],[25.23,5.68,0.22],[0.16,6.01,4.04],[8.81,2.27,11.73]],[[0.01,0.88,0.79],[0.27,0.72,0],[9.96,0.03,0.01],[0.02,0.45,0],[2.47,0.12,0.02],[4.45,4.89,1.96],[0.02,0,0]],[[0.41,0,0.54],[0.45,0,1],[0,0,0],[0,0.05,0],[0,0,0],[0,1.52,0.8],[0,0.01,0.43]],[[0.28,0.06,0.67],[0.55,0.05,0.01],[2.14,0.03,0.05],[1,0,0.11],[0.6,1.83,0.75],[0.04,5.07,2.99],[0,0,1.26]],[[0,0,0.4],[2.36,0.27,3.13],[1.08,0.01,0],[0.85,0,0.01],[0.09,2.54,0],[0.06,0,1.88],[0.02,0.02,0]],[[2.35,4.15,0.59],[0,0.01,0.38],[2.35,0.02,0],[0.35,1.06,9.38],[0.71,1.16,0.42],[0.06,0.01,0.02],[0.02,0,0.01]],[[0.1,5.45,0.58],[0.37,0.3,0.25],[1.83,0,0],[0,0,0.02],[0.85,0.19,0.01],[0.01,0,0],[2,3.32,0]],[[0,0,0.01],[0.03,0.08,0.02],[0,0,0],[0,0,0.35],[0,0,0.16],[0.15,0.02,0.05],[0.06,0.1,0]],[[6.24,0.12,0.84],[0.38,0,0],[3.09,0.01,13.12],[0.02,0.4,0],[0.14,0,3.73],[0,0,0.83],[0,0.01,1.29]],[[0,0,0],[0,0,0],[0,0,0],[0,0,0],[0,0,0],[0,0,0],[0,0,0]]],[[[6.6,2.75,1.68],[0.71,8.39,10.87],[5.8,3.65,2.75],[0.06,7.37,2.2],[5.21,11.14,11.62],[0.31,9.89,0.23],[2.96,11.73,0.16]],[[5.01,0.06,1.31],[4.24,0.03,4.92],[0.02,0,0.11],[0.3,0.76,0.86],[2.64,0.05,0],[1.34,0.72,8.67],[1.81,0,0]],[[0.03,0,0],[1.53,0,0.02],[0,0,0.95],[0,0.03,0],[0.08,0,0],[0.29,0,0.99],[0,0,0.29]],[[0.5,0,0.02],[0,0.02,0.42],[0,0,0.46],[0,0.55,0.05],[0,0,0.04],[5.07,2.99,0.04],[0.03,0.04,0]],[[1.38,0.37,0.01],[2.16,0.01,0],[0.08,0.02,1.95],[10.6,0.1,0.1],[0,0.48,0],[2.13,0.66,0.01],[0,1.48,0]],[[3.9,0.56,0.01],[0.01,0.15,1.15],[0.04,2.62,0.06],[4.48,0.43,0.08],[0.19,0,0.01],[0,4.98,0.55],[0.01,0.15,0.51]],[[0.02,0.76,0.07],[4.32,0.63,0],[0,2.27,0.13],[0.02,0.01,0],[3.07,0,0.13],[14.55,0,0.07],[0.09,0,0.32]],[[1.88,0.22,0.01],[0,0,0.14],[0.27,2.09,0.36],[0,0,0],[0.01,0,0],[0,0.27,0.81],[0,0,4.12]],[[2.76,6.24,0.67],[0.18,1.17,0.11],[1.98,0.13,0],[0.46,0.3,0],[0,2.21,1.63],[0.44,0,0],[0.01,0,0.37]],[[0,0,0],[0,0,0],[0,0,0],[0,0,0],[0,0,0],[0,0,0],[0,0,0]]],[[[7.35,2.34,4.06],[5.7,9.47,3.39],[7.35,4.06,2.34],[6.96,4.28,1.26],[0.08,0.64,3.37],[13.59,2.45,0.16],[13.59,0.43,5.63]],[[0.06,0.26,6.6],[0.51,0.09,0],[3.28,0.09,3.08],[0.1,0,0],[5.21,2.03,0.05],[0.1,0.09,0.16],[0.37,0.01,0]],[[0,0,0.01],[0,0,0.02],[0.01,0,0],[0,0,0],[0,0,0],[0,0,0],[0,0,0]],[[0,0.03,0.34],[0.07,0.04,0.04],[0.28,0,0],[0.05,0,0.1],[0.6,0,0],[0.25,0,0],[0,0.22,0]],[[0.01,0,0.24],[0.06,0,0.08],[0,0.03,0.01],[0,4.6,0],[0,3.6,0],[0.15,0,0],[0.02,0.37,0]],[[0.16,0.09,0.01],[0.18,6.91,0],[0.41,0,5.48],[0.46,0.4,7.35],[1.98,0.01,0.12],[0.05,0.16,0.64],[3.89,0,0]],[[0.01,0.37,0],[2.46,4.32,0.02],[0,4.4,0.71],[0,1.78,0.1],[0.19,0.01,0.48],[0,0.15,0],[0,0.01,0]],[[0,0.15,1.14],[0,0.01,0],[0.2,0.48,0],[0,0,0.01],[2.02,0,0.05],[0.03,0,0.41],[1.86,1.22,0.05]],[[0.71,0.03,0],[0.01,0.69,0.03],[0.79,0.44,0.25],[0.01,0.07,0.21],[0,0.01,8.28],[0.14,0.41,0],[0.01,2.31,2.15]],[[0,0,0],[0,0,0],[0,0,0],[0,0,0],[0,0,0],[0,0,0],[0,0,0]]]];

