Omegamax = 1;
Produkte = 4;
v = [2,2,1,1];
KS = 132.8;

KH	=	9;								
							
											
kS = [[1000,	57.2372,	67.818,	71.0382,	113.7826,	113.8788,	58.1284,	11.8263,	18.415,	123.4198],
[57.2372,	1000,	46.2746,	90.4893,	109.4487,	63.9478,	85.5736,	67.1704,	61.1488,	79.4736],
[67.818,	46.2746,	1000,	55.0772,	63.2108,	56.2776,	57.2214,	71.1569,	58.0168,	58.8204],
[71.0382,	90.4893,	55.0772,	1000,	51.2275,	109.1766,	14.9386,	64.9797,	52.6937,	105.6924],
[113.7826,	109.4487,	63.2108,	51.2275,	1000,	95.8549,	65.6871,	110.9154,	97.0091,	82.8634],
[113.8788,	63.9478,	56.2776,	109.1766,	95.8549,	1000,	113.2514,	120.7053,	109.6557,	21.205],
[58.1284,	85.5736,	57.2214,	14.9386,	65.6871,	113.2514,	1000,	51.0286,	39.7368,	112.4334],
[11.8263,	67.1704,	71.1569,	64.9797,	110.9154,	120.7053,	51.0286,	1000,	14.2461,	128.6299],
[18.415,	61.1488,	58.0168,	52.6937,	97.0091,	109.6557,	39.7368,	14.2461,	1000,	116.2309],
[123.4198,	79.4736,	58.8204,	105.6924,	82.8634,	21.205,	112.4334,	128.6299,	116.2309,	1000]];
									
kem = [336,	54.9478,	65.1053,	68.1967,	109.2313,	109.3237,	55.8032,	11.3532,	17.6784,	118.4831];
											
											
								

kI = [0.0033,0.0193,0.0514,0.1153];
qS = [1,1,1,1];

d = [[[[7.35,1.13,9.94,5.51],[2.25,3.57,10.48,9.18],[0.74,19.3,4.74,5.24],[7.37,3.83,4.16,1.13],[7.85,4.65,0.32,0.69],[0.52,1.26,23.77,5.1],[2.96,10.3,5.81,0.94]],[[0.58,0.01,3.28,2.42],[0.23,4.24,0.48,0.48],[5.45,0,1.38,0.16],[0.02,1.66,1.76,5.11],[2.83,0.03,0.22,0.16],[4.45,0,0.61,0],[3.73,0.02,0.02,1.96]],[[1.11,0.01,0,0],[0.04,0,0,0],[0.41,0.01,0.01,0],[0.42,0.23,0,2.07],[0.7,0,0.03,0.36],[0,0,0,0.53],[0.8,0.08,0,0]],[[1.73,0.01,3.01,0.67],[0,0.39,0.06,0.35],[0,0,2.14,2.67],[0,0,0.01,0],[0,0,4.82,0.67],[0,0,3.52,2.99],[0.29,0,0,0.01]],[[0.13,0.1,0.02,0.04],[0.35,0.9,0.77,0.03],[0.72,0.06,6.11,0.04],[0.32,0,0.01,0.46],[0.02,0,0,0],[0,0,0,1.17],[2.13,0.22,0.02,0]],[[0.36,4.43,0.92,0.25],[0.01,4.11,2.79,0.81],[0.29,0.01,0.02,2.76],[0.9,2.57,0.33,0.71],[0.48,0.29,0.97,0.39],[9.36,6.59,0,0.01],[0.34,17.32,0.09,0]],[[1.71,0,0.23,0.05],[0.82,0.19,0,0.48],[0,0.04,4.87,0.5],[0,0,4.05,2.07],[1.85,0.01,0,0],[0.36,0.02,0.36,0],[0,0.17,0.1,0.01]],[[0.78,0.04,0.01,0],[0,0,0,0],[0,0,0.07,2.96],[3.94,1.33,0,0.72],[0.81,0.02,0.52,0],[0,0,0.01,0.93],[0,11.73,2.15,0.27]],[[0.06,0.03,3.96,0.71],[3.28,2.63,2.93,0.69],[0.99,0.1,0,0.05],[0.06,0.15,0.35,2.28],[0.08,0.12,0.34,0.31],[0,0.61,16.93,1.39],[0,6.32,2.69,0.61]],[[0.19,0,0,0],[0,0,0,0.06],[0,0,0,0],[0,0,0,0.81],[0,0,0,0],[0,0,0,0],[0,0,0,0]]]];

