Omegamax = 5;
Produkte = 2;
v = [2,2];
KS = 117;

KH	=	9;								
							
											
kS = [[1000,	57.2372,	67.818,	71.0382,	113.7826,	113.8788,	58.1284,	11.8263,	18.415,	123.4198],
[57.2372,	1000,	46.2746,	90.4893,	109.4487,	63.9478,	85.5736,	67.1704,	61.1488,	79.4736],
[67.818,	46.2746,	1000,	55.0772,	63.2108,	56.2776,	57.2214,	71.1569,	58.0168,	58.8204],
[71.0382,	90.4893,	55.0772,	1000,	51.2275,	109.1766,	14.9386,	64.9797,	52.6937,	105.6924],
[113.7826,	109.4487,	63.2108,	51.2275,	1000,	95.8549,	65.6871,	110.9154,	97.0091,	82.8634],
[113.8788,	63.9478,	56.2776,	109.1766,	95.8549,	1000,	113.2514,	120.7053,	109.6557,	21.205],
[58.1284,	85.5736,	57.2214,	14.9386,	65.6871,	113.2514,	1000,	51.0286,	39.7368,	112.4334],
[11.8263,	67.1704,	71.1569,	64.9797,	110.9154,	120.7053,	51.0286,	1000,	14.2461,	128.6299],
[18.415,	61.1488,	58.0168,	52.6937,	97.0091,	109.6557,	39.7368,	14.2461,	1000,	116.2309],
[123.4198,	79.4736,	58.8204,	105.6924,	82.8634,	21.205,	112.4334,	128.6299,	116.2309,	1000]];
									
kem = [336,	54.9478,	65.1053,	68.1967,	109.2313,	109.3237,	55.8032,	11.3532,	17.6784,	118.4831];
											
											
								

kI = [0.0033,0.0193];
qS = [1,1];

d = [[[[7.35,8.73],[2.25,1.74],[0.74,0.68],[7.37,12.37],[7.85,25.23],[0.52,0.16],[2.96,8.81]],[[0.58,0.01],[0.23,0.27],[5.45,9.96],[0.02,0.02],[2.83,2.47],[4.45,4.45],[3.73,0.02]],[[1.11,0.41],[0.04,0.45],[0.41,0],[0.42,0],[0.7,0],[0,0],[0.8,0]],[[1.73,0.28],[0,0.55],[0,2.14],[0,1],[0,0.6],[0,0.04],[0.29,0]],[[0.13,0],[0.35,2.36],[0.72,1.08],[0.32,0.85],[0.02,0.09],[0,0.06],[2.13,0.02]],[[0.36,2.35],[0.01,0],[0.29,2.35],[0.9,0.35],[0.48,0.71],[9.36,0.06],[0.34,0.02]],[[1.71,0.1],[0.82,0.37],[0,1.83],[0,0],[1.85,0.85],[0.36,0.01],[0,2]],[[0.78,0],[0,0.03],[0,0],[3.94,0],[0.81,0],[0,0.15],[0,0.06]],[[0.06,6.24],[3.28,0.38],[0.99,3.09],[0.06,0.02],[0.08,0.14],[0,0],[0,0]],[[0.19,0],[0,0],[0,0],[0,0],[0,0],[0,0],[0,0]]],[[[1.13,6.6],[3.57,0.71],[19.3,5.8],[3.83,0.06],[4.65,5.21],[1.26,0.31],[10.3,2.96]],[[0.01,5.01],[4.24,4.24],[0,0.02],[1.66,0.3],[0.03,2.64],[0,1.34],[0.02,1.81]],[[0.01,0.03],[0,1.53],[0.01,0],[0.23,0],[0,0.08],[0,0.29],[0.08,0]],[[0.01,0.5],[0.39,0],[0,0],[0,0],[0,0],[0,5.07],[0,0.03]],[[0.1,1.38],[0.9,2.16],[0.06,0.08],[0,10.6],[0,0],[0,2.13],[0.22,0]],[[4.43,3.9],[4.11,0.01],[0.01,0.04],[2.57,4.48],[0.29,0.19],[6.59,0],[17.32,0.01]],[[0,0.02],[0.19,4.32],[0.04,0],[0,0.02],[0.01,3.07],[0.02,14.55],[0.17,0.09]],[[0.04,1.88],[0,0],[0,0.27],[1.33,0],[0.02,0.01],[0,0],[11.73,0]],[[0.03,2.76],[2.63,0.18],[0.1,1.98],[0.15,0.46],[0.12,0],[0.61,0.44],[6.32,0.01]],[[0,0],[0,0],[0,0],[0,0],[0,0],[0,0],[0,0]]],[[[9.94,7.35],[10.48,5.7],[4.74,7.35],[4.16,6.96],[0.32,0.08],[23.77,13.59],[5.81,13.59]],[[3.28,0.06],[0.48,0.51],[1.38,3.28],[1.76,0.1],[0.22,5.21],[0.61,0.1],[0.02,0.37]],[[0,0],[0,0],[0.01,0.01],[0,0],[0.03,0],[0,0],[0,0]],[[3.01,0],[0.06,0.07],[2.14,0.28],[0.01,0.05],[4.82,0.6],[3.52,0.25],[0,0]],[[0.02,0.01],[0.77,0.06],[6.11,0],[0.01,0],[0,0],[0,0.15],[0.02,0.02]],[[0.92,0.16],[2.79,0.18],[0.02,0.41],[0.33,0.46],[0.97,1.98],[0,0.05],[0.09,3.89]],[[0.23,0.01],[0,2.46],[4.87,0],[4.05,0],[0,0.19],[0.36,0],[0.1,0]],[[0.01,0],[0,0],[0.07,0.2],[0,0],[0.52,2.02],[0.01,0.03],[2.15,1.86]],[[3.96,0.71],[2.93,0.01],[0,0.79],[0.35,0.01],[0.34,0],[16.93,0.14],[2.69,0.01]],[[0,0],[0,0],[0,0],[0,0],[0,0],[0,0],[0,0]]],[[[5.51,0.94],[9.18,12.31],[5.24,0.3],[1.13,0.4],[0.69,5.07],[5.1,1.92],[0.94,0.94]],[[2.42,12.76],[0.48,1.11],[0.16,0.93],[5.11,1.39],[0.16,0.2],[0,0.4],[1.96,0.06]],[[0,0.04],[0,2.49],[0,0.17],[2.07,0],[0.36,0],[0.53,0],[0,2.42]],[[0.67,0.05],[0.35,0.01],[2.67,0.06],[0,0.01],[0.67,0],[2.99,0],[0.01,0]],[[0.04,1.95],[0.03,0],[0.04,0.02],[0.46,1.91],[0,0.71],[1.17,0],[0,0]],[[0.25,0.13],[0.81,0.85],[2.76,4.74],[0.71,0.12],[0.39,0.04],[0.01,1.74],[0,0]],[[0.05,0.2],[0.48,0],[0.5,0.76],[2.07,0],[0,0.01],[0,0.14],[0.01,0.58]],[[0,6.72],[0,0],[2.96,0],[0.72,2.32],[0,0],[0.93,0],[0.27,2.15]],[[0.71,6.88],[0.69,0.52],[0.05,0.01],[2.28,0],[0.31,0.12],[1.39,0.06],[0.61,5.19]],[[0,0],[0.06,0],[0,0],[0.81,0.81],[0,0.13],[0,0],[0,0]]],[[[3,0.68],[0.12,6.29],[4.74,0.55],[6.41,0.58],[5.68,6.56],[0.01,5.1],[3.06,0.03]],[[1.05,0.09],[3.96,1.05],[0.99,9.96],[0.45,1.98],[0.01,0.24],[0.56,0.48],[0.01,0.61]],[[0.08,0],[0.03,0.08],[0.95,0],[0,0],[0,0.03],[5.77,0.03],[0.53,0.1]],[[0,0.06],[0,0.05],[0.05,0.02],[0.17,0],[0.01,0.48],[6.3,0],[0,0.84]],[[0,0.12],[1.22,1.43],[3.52,0.34],[1.11,0.6],[0,0],[0.03,0.04],[0,0]],[[0,1.03],[0.85,5.37],[1.72,5.93],[0.95,11.07],[0.07,0.09],[1.32,0.51],[17.32,0.01]],[[0.01,1.97],[1.27,0],[0.23,0.01],[0,0.35],[0.05,0.35],[1.24,0.44],[0.03,0.09]],[[0,0.01],[0,0.08],[0.01,0.1],[0.03,4.63],[0.04,0],[0.81,0.01],[2.5,0]],[[0.71,0.1],[1.43,3.1],[13.12,0.06],[0.11,0.24],[2.35,0.45],[0.12,0.44],[1.49,2.69]],[[0,0],[0.43,0],[0.86,0],[0,0],[0,0],[0,2.04],[0,0]]]];

