Omegamax = 5;
Produkte = 1;
v = [2];
KS = 90;

KH	=	9;								
							
											
kS = [[1000,	57.2372,	67.818,	71.0382,	113.7826,	113.8788,	58.1284,	11.8263,	18.415,	123.4198],
[57.2372,	1000,	46.2746,	90.4893,	109.4487,	63.9478,	85.5736,	67.1704,	61.1488,	79.4736],
[67.818,	46.2746,	1000,	55.0772,	63.2108,	56.2776,	57.2214,	71.1569,	58.0168,	58.8204],
[71.0382,	90.4893,	55.0772,	1000,	51.2275,	109.1766,	14.9386,	64.9797,	52.6937,	105.6924],
[113.7826,	109.4487,	63.2108,	51.2275,	1000,	95.8549,	65.6871,	110.9154,	97.0091,	82.8634],
[113.8788,	63.9478,	56.2776,	109.1766,	95.8549,	1000,	113.2514,	120.7053,	109.6557,	21.205],
[58.1284,	85.5736,	57.2214,	14.9386,	65.6871,	113.2514,	1000,	51.0286,	39.7368,	112.4334],
[11.8263,	67.1704,	71.1569,	64.9797,	110.9154,	120.7053,	51.0286,	1000,	14.2461,	128.6299],
[18.415,	61.1488,	58.0168,	52.6937,	97.0091,	109.6557,	39.7368,	14.2461,	1000,	116.2309],
[123.4198,	79.4736,	58.8204,	105.6924,	82.8634,	21.205,	112.4334,	128.6299,	116.2309,	1000]];
									
kem = [336,	54.9478,	65.1053,	68.1967,	109.2313,	109.3237,	55.8032,	11.3532,	17.6784,	118.4831];
											
											
								

kI = [0.0033];
qS = [1];

d = [[[[7.35],[2.25],[0.74],[7.37],[7.85],[0.52],[2.96]],[[0.58],[0.23],[5.45],[0.02],[2.83],[4.45],[3.73]],[[1.11],[0.04],[0.41],[0.42],[0.7],[0],[0.8]],[[1.73],[0],[0],[0],[0],[0],[0.29]],[[0.13],[0.35],[0.72],[0.32],[0.02],[0],[2.13]],[[0.36],[0.01],[0.29],[0.9],[0.48],[9.36],[0.34]],[[1.71],[0.82],[0],[0],[1.85],[0.36],[0]],[[0.78],[0],[0],[3.94],[0.81],[0],[0]],[[0.06],[3.28],[0.99],[0.06],[0.08],[0],[0]],[[0.19],[0],[0],[0],[0],[0],[0]]],[[[1.13],[3.57],[19.3],[3.83],[4.65],[1.26],[10.3]],[[0.01],[4.24],[0],[1.66],[0.03],[0],[0.02]],[[0.01],[0],[0.01],[0.23],[0],[0],[0.08]],[[0.01],[0.39],[0],[0],[0],[0],[0]],[[0.1],[0.9],[0.06],[0],[0],[0],[0.22]],[[4.43],[4.11],[0.01],[2.57],[0.29],[6.59],[17.32]],[[0],[0.19],[0.04],[0],[0.01],[0.02],[0.17]],[[0.04],[0],[0],[1.33],[0.02],[0],[11.73]],[[0.03],[2.63],[0.1],[0.15],[0.12],[0.61],[6.32]],[[0],[0],[0],[0],[0],[0],[0]]],[[[9.94],[10.48],[4.74],[4.16],[0.32],[23.77],[5.81]],[[3.28],[0.48],[1.38],[1.76],[0.22],[0.61],[0.02]],[[0],[0],[0.01],[0],[0.03],[0],[0]],[[3.01],[0.06],[2.14],[0.01],[4.82],[3.52],[0]],[[0.02],[0.77],[6.11],[0.01],[0],[0],[0.02]],[[0.92],[2.79],[0.02],[0.33],[0.97],[0],[0.09]],[[0.23],[0],[4.87],[4.05],[0],[0.36],[0.1]],[[0.01],[0],[0.07],[0],[0.52],[0.01],[2.15]],[[3.96],[2.93],[0],[0.35],[0.34],[16.93],[2.69]],[[0],[0],[0],[0],[0],[0],[0]]],[[[5.51],[9.18],[5.24],[1.13],[0.69],[5.1],[0.94]],[[2.42],[0.48],[0.16],[5.11],[0.16],[0],[1.96]],[[0],[0],[0],[2.07],[0.36],[0.53],[0]],[[0.67],[0.35],[2.67],[0],[0.67],[2.99],[0.01]],[[0.04],[0.03],[0.04],[0.46],[0],[1.17],[0]],[[0.25],[0.81],[2.76],[0.71],[0.39],[0.01],[0]],[[0.05],[0.48],[0.5],[2.07],[0],[0],[0.01]],[[0],[0],[2.96],[0.72],[0],[0.93],[0.27]],[[0.71],[0.69],[0.05],[2.28],[0.31],[1.39],[0.61]],[[0],[0.06],[0],[0.81],[0],[0],[0]]],[[[3],[0.12],[4.74],[6.41],[5.68],[0.01],[3.06]],[[1.05],[3.96],[0.99],[0.45],[0.01],[0.56],[0.01]],[[0.08],[0.03],[0.95],[0],[0],[5.77],[0.53]],[[0],[0],[0.05],[0.17],[0.01],[6.3],[0]],[[0],[1.22],[3.52],[1.11],[0],[0.03],[0]],[[0],[0.85],[1.72],[0.95],[0.07],[1.32],[17.32]],[[0.01],[1.27],[0.23],[0],[0.05],[1.24],[0.03]],[[0],[0],[0.01],[0.03],[0.04],[0.81],[2.5]],[[0.71],[1.43],[13.12],[0.11],[2.35],[0.12],[1.49]],[[0],[0.43],[0.86],[0],[0],[0],[0]]]];

