Omegamax = 2;
Produkte = 1;
v = [2];
KS = 90;

KH	=	9;								
							
											
kS = [[1000,	61.0982,	135.3811,	125.4204,	136.6548,	117.0763,	56.9162,	31.051,	62.8976,	111.512],
[61.0982,	1000,	93.9225,	90.9353,	148.5481,	121.9531,	18.7415,	88.1098,	108.0461,	125.9754],
[135.3811,	93.9225,	1000,	17.3325,	119.2363,	93.723,	83.6537,	147.5133,	143.5935,	110.1599],
[125.4204,	90.9353,	17.3325,	1000,	102.3983,	76.5169,	77.8317,	134.7515,	128.243,	92.8303],
[136.6548,	148.5481,	119.2363,	102.3983,	1000,	28.1437,	129.8136,	121.5764,	90.0895,	25.1435],
[117.0763,	121.9531,	93.723,	76.5169,	28.1437,	1000,	103.2318,	107.2947,	81.5113,	18.9332],
[56.9162,	18.7415,	83.6537,	77.8317,	129.8136,	103.2318,	1000,	79.282,	94.1049,	107.3586],
[31.051,	88.1098,	147.5133,	134.7515,	121.5764,	107.2947,	79.282,	1000,	36.2807,	97.1766],
[62.8976,	108.0461,	143.5935,	128.243,	90.0895,	81.5113,	94.1049,	36.2807,	1000,	67.5128],
[111.512,	125.9754,	110.1599,	92.8303,	25.1435,	18.9332,	107.3586,	97.1766,	67.5128,	1000]];
									
kem = [336,	58.6543,	129.9659,	120.4035,	131.1886,	112.3933,	54.6396,	29.8089,	60.3817,	107.0515];
											
											
								

kI = [0.0033];
qS = [1];

d = [[[[7.35],[2.25],[0.74],[7.37],[7.85],[0.52],[2.96]],[[0.58],[0.23],[5.45],[0.02],[2.83],[4.45],[3.73]],[[1.11],[0.04],[0.41],[0.42],[0.7],[0],[0.8]],[[1.73],[0],[0],[0],[0],[0],[0.29]],[[0.13],[0.35],[0.72],[0.32],[0.02],[0],[2.13]],[[0.36],[0.01],[0.29],[0.9],[0.48],[9.36],[0.34]],[[1.71],[0.82],[0],[0],[1.85],[0.36],[0]],[[0.78],[0],[0],[3.94],[0.81],[0],[0]],[[0.06],[3.28],[0.99],[0.06],[0.08],[0],[0]],[[0.19],[0],[0],[0],[0],[0],[0]]],[[[1.13],[3.57],[19.3],[3.83],[4.65],[1.26],[10.3]],[[0.01],[4.24],[0],[1.66],[0.03],[0],[0.02]],[[0.01],[0],[0.01],[0.23],[0],[0],[0.08]],[[0.01],[0.39],[0],[0],[0],[0],[0]],[[0.1],[0.9],[0.06],[0],[0],[0],[0.22]],[[4.43],[4.11],[0.01],[2.57],[0.29],[6.59],[17.32]],[[0],[0.19],[0.04],[0],[0.01],[0.02],[0.17]],[[0.04],[0],[0],[1.33],[0.02],[0],[11.73]],[[0.03],[2.63],[0.1],[0.15],[0.12],[0.61],[6.32]],[[0],[0],[0],[0],[0],[0],[0]]]];

