Omegamax = 7;
Produkte = 2;
v = [2,2];
KS = 117;

KH	=	9;								
							
											
kS = [[1000,	100.3154,	67.9336,	78.6797,	66.2313,	39.1673,	15.8027,	29.5922,	86.2152,	73.4044],
[100.3154,	1000,	74.3155,	63.6129,	52.5148,	75.8219,	84.5888,	108.1348,	29.2909,	64.5159],
[67.9336,	74.3155,	1000,	15.2169,	22.6999,	29.2509,	57.317,	53.6605,	45.899,	11.1019],
[78.6797,	63.6129,	15.2169,	1000,	18.5917,	39.5901,	66.206,	67.7875,	34.3532,	5.3364],
[66.2313,	52.5148,	22.6999,	18.5917,	1000,	29.6067,	52.0814,	62.0716,	25.8883,	15.7955],
[39.1673,	75.8219,	29.2509,	39.5901,	29.6067,	1000,	28.1405,	33.0635,	53.8425,	34.2857],
[15.8027,	84.5888,	57.317,	66.206,	52.0814,	28.1405,	1000,	34.0634,	70.7486,	61.0963],
[29.5922,	108.1348,	53.6605,	67.7875,	62.0716,	33.0635,	34.0634,	1000,	86.8817,	62.6072],
[86.2152,	29.2909,	45.899,	34.3532,	25.8883,	53.8425,	70.7486,	86.8817,	1000,	35.5839],
[73.4044,	64.5159,	11.1019,	5.3364,	15.7955,	34.2857,	61.0963,	62.6072,	35.5839,	1000]];
									
kem = [336,	96.3028,	65.2162,	75.5325,	63.582,	37.6006,	15.1706,	28.4085,	82.7666,	70.4682];
										
											
								

kI = [0.0033,0.0193];
qS = [1,1];

d = [[[[7.35,7.35],[2.25,5.7],[0.74,7.35],[7.37,6.96],[7.85,0.08],[0.52,13.59],[2.96,13.59]],[[0.58,0.06],[0.23,0.51],[5.45,3.28],[0.02,0.1],[2.83,5.21],[4.45,0.1],[3.73,0.37]],[[1.11,0],[0.04,0],[0.41,0.01],[0.42,0],[0.7,0],[0,0],[0.8,0]],[[1.73,0],[0,0.07],[0,0.28],[0,0.05],[0,0.6],[0,0.25],[0.29,0]],[[0.13,0.01],[0.35,0.06],[0.72,0],[0.32,0],[0.02,0],[0,0.15],[2.13,0.02]],[[0.36,0.16],[0.01,0.18],[0.29,0.41],[0.9,0.46],[0.48,1.98],[9.36,0.05],[0.34,3.89]],[[1.71,0.01],[0.82,2.46],[0,0],[0,0],[1.85,0.19],[0.36,0],[0,0]],[[0.78,0],[0,0],[0,0.2],[3.94,0],[0.81,2.02],[0,0.03],[0,1.86]],[[0.06,0.71],[3.28,0.01],[0.99,0.79],[0.06,0.01],[0.08,0],[0,0.14],[0,0.01]],[[0.19,0],[0,0],[0,0],[0,0],[0,0],[0,0],[0,0]]],[[[1.13,0.94],[3.57,12.31],[19.3,0.3],[3.83,0.4],[4.65,5.07],[1.26,1.92],[10.3,0.94]],[[0.01,12.76],[4.24,1.11],[0,0.93],[1.66,1.39],[0.03,0.2],[0,0.4],[0.02,0.06]],[[0.01,0.04],[0,2.49],[0.01,0.17],[0.23,0],[0,0],[0,0],[0.08,2.42]],[[0.01,0.05],[0.39,0.01],[0,0.06],[0,0.01],[0,0],[0,0],[0,0]],[[0.1,1.95],[0.9,0],[0.06,0.02],[0,1.91],[0,0.71],[0,0],[0.22,0]],[[4.43,0.13],[4.11,0.85],[0.01,4.74],[2.57,0.12],[0.29,0.04],[6.59,1.74],[17.32,0]],[[0,0.2],[0.19,0],[0.04,0.76],[0,0],[0.01,0.01],[0.02,0.14],[0.17,0.58]],[[0.04,6.72],[0,0],[0,0],[1.33,2.32],[0.02,0],[0,0],[11.73,2.15]],[[0.03,6.88],[2.63,0.52],[0.1,0.01],[0.15,0],[0.12,0.12],[0.61,0.06],[6.32,5.19]],[[0,0],[0,0],[0,0],[0,0.81],[0,0.13],[0,0],[0,0]]],[[[9.94,0.68],[10.48,6.29],[4.74,0.55],[4.16,0.58],[0.32,6.56],[23.77,5.1],[5.81,0.03]],[[3.28,0.09],[0.48,1.05],[1.38,9.96],[1.76,1.98],[0.22,0.24],[0.61,0.48],[0.02,0.61]],[[0,0],[0,0.08],[0.01,0],[0,0],[0.03,0.03],[0,0.03],[0,0.1]],[[3.01,0.06],[0.06,0.05],[2.14,0.02],[0.01,0],[4.82,0.48],[3.52,0],[0,0.84]],[[0.02,0.12],[0.77,1.43],[6.11,0.34],[0.01,0.6],[0,0],[0,0.04],[0.02,0]],[[0.92,1.03],[2.79,5.37],[0.02,5.93],[0.33,11.07],[0.97,0.09],[0,0.51],[0.09,0.01]],[[0.23,1.97],[0,0],[4.87,0.01],[4.05,0.35],[0,0.35],[0.36,0.44],[0.1,0.09]],[[0.01,0.01],[0,0.08],[0.07,0.1],[0,4.63],[0.52,0],[0.01,0.01],[2.15,0]],[[3.96,0.1],[2.93,3.1],[0,0.06],[0.35,0.24],[0.34,0.45],[16.93,0.44],[2.69,2.69]],[[0,0],[0,0],[0,0],[0,0],[0,0],[0,2.04],[0,0]]],[[[5.51,8.73],[9.18,7.72],[5.24,1.61],[1.13,1.75],[0.69,0.22],[5.1,7.63],[0.94,10.74]],[[2.42,0],[0.48,0.13],[0.16,0.83],[5.11,1.31],[0.16,0.36],[0,0.08],[1.96,5.4]],[[0,0],[0,0.14],[0,0],[2.07,0],[0.36,0.07],[0.53,0],[0,0]],[[0.67,0],[0.35,0],[2.67,4.58],[0,0.01],[0.67,7.41],[2.99,0.09],[0.01,0.64]],[[0.04,0],[0.03,0.01],[0.04,0.16],[0.46,0],[0,0],[1.17,0],[0,0.22]],[[0.25,4.15],[0.81,1.62],[2.76,0.07],[0.71,2.17],[0.39,1.03],[0.01,0],[0,9.36]],[[0.05,0.04],[0.48,1.2],[0.5,0.54],[2.07,0.18],[0,2.81],[0,0.58],[0.01,0]],[[0,1.69],[0,0.83],[2.96,6.72],[0.72,0],[0,2.98],[0.93,0],[0.27,1.86]],[[0.71,2.21],[0.69,0],[0.05,10.29],[2.28,0.19],[0.31,1.73],[1.39,2.15],[0.61,1.86]],[[0,0],[0.06,0],[0,0],[0.81,0],[0,0],[0,0],[0,0.06]]],[[[3,1.54],[0.12,0.91],[4.74,0.62],[6.41,2.52],[5.68,15.96],[0.01,7.11],[3.06,6.65]],[[1.05,0],[3.96,0.11],[0.99,0],[0.45,0],[0.01,0.48],[0.56,0.37],[0.01,3.15]],[[0.08,0],[0.03,1.32],[0.95,0],[0,0.03],[0,0.16],[5.77,0],[0.53,0.1]],[[0,0],[0,0],[0.05,5.46],[0.17,0],[0.01,0],[6.3,0],[0,0]],[[0,0.44],[1.22,0.07],[3.52,0],[1.11,0.18],[0,0.14],[0.03,0],[0,0]],[[0,0.78],[0.85,0.55],[1.72,0.59],[0.95,0.21],[0.07,6.24],[1.32,0.02],[17.32,0]],[[0.01,0],[1.27,0.11],[0.23,0.03],[0,0],[0.05,7.77],[1.24,10.63],[0.03,0]],[[0,0],[0,0],[0.01,0.01],[0.03,0.03],[0.04,0.02],[0.81,3.45],[2.5,4.12]],[[0.71,0.63],[1.43,1.11],[13.12,2.09],[0.11,1.37],[2.35,3.04],[0.12,0.03],[1.49,2.49]],[[0,0],[0.43,0],[0.86,0],[0,0],[0,0],[0,0],[0,0]]],[[[8.73,2.92],[1.74,3.57],[0.68,12.62],[12.37,3.04],[25.23,1.24],[0.16,11.22],[8.81,6.01]],[[0.01,0],[0.27,0.06],[9.96,0.01],[0.02,0.03],[2.47,0],[4.45,0.01],[0.02,0.12]],[[0.41,0],[0.45,1],[0,0],[0,0],[0,0.05],[0,0.01],[0,0]],[[0.28,0],[0.55,0],[2.14,0.01],[1,0.14],[0.6,0],[0.04,0],[0,0.12]],[[0,7.48],[2.36,0],[1.08,0.52],[0.85,0.02],[0.09,0.53],[0.06,0.41],[0.02,5.85]],[[2.35,0.83],[0,0.81],[2.35,0],[0.35,6.08],[0.71,0.01],[0.06,1.63],[0.02,0.22]],[[0.1,0.17],[0.37,0.99],[1.83,0.62],[0,1.33],[0.85,1.07],[0.01,0.64],[2,0.11]],[[0,0],[0.03,0.01],[0,0.64],[0,0],[0,0],[0.15,0],[0.06,0.27]],[[6.24,2.76],[0.38,0.18],[3.09,0.27],[0.02,0.12],[0.14,0.07],[0,16.93],[0,0.37]],[[0,0],[0,0],[0,0],[0,0.03],[0,0.13],[0,0],[0,0]]],[[[6.6,13.26],[0.71,2.02],[5.8,3.75],[0.06,0.12],[5.21,5.68],[0.31,6.01],[2.96,2.27]],[[5.01,0.88],[4.24,0.72],[0.02,0.03],[0.3,0.45],[2.64,0.12],[1.34,4.89],[1.81,0]],[[0.03,0],[1.53,0],[0,0],[0,0.05],[0.08,0],[0.29,1.52],[0,0.01]],[[0.5,0.06],[0,0.05],[0,0.03],[0,0],[0,1.83],[5.07,5.07],[0.03,0]],[[1.38,0],[2.16,0.27],[0.08,0.01],[10.6,0],[0,2.54],[2.13,0],[0,0.02]],[[3.9,4.15],[0.01,0.01],[0.04,0.02],[4.48,1.06],[0.19,1.16],[0,0.01],[0.01,0]],[[0.02,5.45],[4.32,0.3],[0,0],[0.02,0],[3.07,0.19],[14.55,0],[0.09,3.32]],[[1.88,0],[0,0.08],[0.27,0],[0,0],[0.01,0],[0,0.02],[0,0.1]],[[2.76,0.12],[0.18,0],[1.98,0.01],[0.46,0.4],[0,0],[0.44,0],[0.01,0.01]],[[0,0],[0,0],[0,0],[0,0],[0,0],[0,0],[0,0]]]];

