Omegamax = 5;
Produkte = 1;
v = [2];
KS = 90;

KH	=	9;								
							
											
kS	=	[[1000,	38.3697,	57.8946,	30.1217,	18.8233,	28.0246,	94.1813,	31.1978,	82.6637,	6.6888],
[38.3697,	1000,	42.0865,	66.0012,	40.6863,	52.9436,	57.2311,	32.8856,	120.1414,	34.9844],		
[57.8946,	42.0865,	1000,	87.3048,	44.2297,	83.5652,	80.965,	71.1879,	121.4214,	51.2905],		
[30.1217,	66.0012,	87.3048,	1000,	44.2753,	21.9064,	117.9197,	44.6716,	65.5233,	36.336],		
[18.8233,	40.6863,	44.2297,	44.2753,	1000,	46.7413,	97.7309,	46.9758,	82.1338,	13.2944],		
[28.0246,	52.9436,	83.5652,	21.9064,	46.7413,	1000,	99.4712,	24.9261,	87.4116,	34.3822],		
[94.1813,	57.2311,	80.965,	117.9197,	97.7309,	99.4712,	1000,	74.549,	176.7898,	91.8054],		
[31.1978,	32.8856,	71.1879,	44.6716,	46.9758,	24.9261,	74.549,	1000,	108.3524,	34.1155],		
[82.6637,	120.1414,	121.4214,	65.5233,	82.1338,	87.4116,	176.7898,	108.3524,	1000,	85.1678],		
[6.6888,	34.9844,	51.2905,	36.336,	13.2944,	34.3822,	91.8054,	34.1155,	85.1678,	1000]];		
											
kem	=	[336,	36.8349,	55.5788,	28.9168,	18.0703,	26.9037,	90.414,	29.9499,	79.3572,	6.4213];
											
											
								

kI = [0.0033];
qS = [1];

d = [[[[7.35],[2.25],[0.74],[7.37],[7.85],[0.52],[2.96]],[[0.58],[0.23],[5.45],[0.02],[2.83],[4.45],[3.73]],[[1.11],[0.04],[0.41],[0.42],[0.7],[0],[0.8]],[[1.73],[0],[0],[0],[0],[0],[0.29]],[[0.13],[0.35],[0.72],[0.32],[0.02],[0],[2.13]],[[0.36],[0.01],[0.29],[0.9],[0.48],[9.36],[0.34]],[[1.71],[0.82],[0],[0],[1.85],[0.36],[0]],[[0.78],[0],[0],[3.94],[0.81],[0],[0]],[[0.06],[3.28],[0.99],[0.06],[0.08],[0],[0]],[[0.19],[0],[0],[0],[0],[0],[0]]],[[[1.13],[3.57],[19.3],[3.83],[4.65],[1.26],[10.3]],[[0.01],[4.24],[0],[1.66],[0.03],[0],[0.02]],[[0.01],[0],[0.01],[0.23],[0],[0],[0.08]],[[0.01],[0.39],[0],[0],[0],[0],[0]],[[0.1],[0.9],[0.06],[0],[0],[0],[0.22]],[[4.43],[4.11],[0.01],[2.57],[0.29],[6.59],[17.32]],[[0],[0.19],[0.04],[0],[0.01],[0.02],[0.17]],[[0.04],[0],[0],[1.33],[0.02],[0],[11.73]],[[0.03],[2.63],[0.1],[0.15],[0.12],[0.61],[6.32]],[[0],[0],[0],[0],[0],[0],[0]]],[[[9.94],[10.48],[4.74],[4.16],[0.32],[23.77],[5.81]],[[3.28],[0.48],[1.38],[1.76],[0.22],[0.61],[0.02]],[[0],[0],[0.01],[0],[0.03],[0],[0]],[[3.01],[0.06],[2.14],[0.01],[4.82],[3.52],[0]],[[0.02],[0.77],[6.11],[0.01],[0],[0],[0.02]],[[0.92],[2.79],[0.02],[0.33],[0.97],[0],[0.09]],[[0.23],[0],[4.87],[4.05],[0],[0.36],[0.1]],[[0.01],[0],[0.07],[0],[0.52],[0.01],[2.15]],[[3.96],[2.93],[0],[0.35],[0.34],[16.93],[2.69]],[[0],[0],[0],[0],[0],[0],[0]]],[[[5.51],[9.18],[5.24],[1.13],[0.69],[5.1],[0.94]],[[2.42],[0.48],[0.16],[5.11],[0.16],[0],[1.96]],[[0],[0],[0],[2.07],[0.36],[0.53],[0]],[[0.67],[0.35],[2.67],[0],[0.67],[2.99],[0.01]],[[0.04],[0.03],[0.04],[0.46],[0],[1.17],[0]],[[0.25],[0.81],[2.76],[0.71],[0.39],[0.01],[0]],[[0.05],[0.48],[0.5],[2.07],[0],[0],[0.01]],[[0],[0],[2.96],[0.72],[0],[0.93],[0.27]],[[0.71],[0.69],[0.05],[2.28],[0.31],[1.39],[0.61]],[[0],[0.06],[0],[0.81],[0],[0],[0]]],[[[3],[0.12],[4.74],[6.41],[5.68],[0.01],[3.06]],[[1.05],[3.96],[0.99],[0.45],[0.01],[0.56],[0.01]],[[0.08],[0.03],[0.95],[0],[0],[5.77],[0.53]],[[0],[0],[0.05],[0.17],[0.01],[6.3],[0]],[[0],[1.22],[3.52],[1.11],[0],[0.03],[0]],[[0],[0.85],[1.72],[0.95],[0.07],[1.32],[17.32]],[[0.01],[1.27],[0.23],[0],[0.05],[1.24],[0.03]],[[0],[0],[0.01],[0.03],[0.04],[0.81],[2.5]],[[0.71],[1.43],[13.12],[0.11],[2.35],[0.12],[1.49]],[[0],[0.43],[0.86],[0],[0],[0],[0]]]];

