Omegamax = 6;
Produkte = 3;
v = [2,2,1];
KS = 126;

KH	=	9;								
							
											
kS = [[1000,	100.3154,	67.9336,	78.6797,	66.2313,	39.1673,	15.8027,	29.5922,	86.2152,	73.4044],
[100.3154,	1000,	74.3155,	63.6129,	52.5148,	75.8219,	84.5888,	108.1348,	29.2909,	64.5159],
[67.9336,	74.3155,	1000,	15.2169,	22.6999,	29.2509,	57.317,	53.6605,	45.899,	11.1019],
[78.6797,	63.6129,	15.2169,	1000,	18.5917,	39.5901,	66.206,	67.7875,	34.3532,	5.3364],
[66.2313,	52.5148,	22.6999,	18.5917,	1000,	29.6067,	52.0814,	62.0716,	25.8883,	15.7955],
[39.1673,	75.8219,	29.2509,	39.5901,	29.6067,	1000,	28.1405,	33.0635,	53.8425,	34.2857],
[15.8027,	84.5888,	57.317,	66.206,	52.0814,	28.1405,	1000,	34.0634,	70.7486,	61.0963],
[29.5922,	108.1348,	53.6605,	67.7875,	62.0716,	33.0635,	34.0634,	1000,	86.8817,	62.6072],
[86.2152,	29.2909,	45.899,	34.3532,	25.8883,	53.8425,	70.7486,	86.8817,	1000,	35.5839],
[73.4044,	64.5159,	11.1019,	5.3364,	15.7955,	34.2857,	61.0963,	62.6072,	35.5839,	1000]];
									
kem = [336,	96.3028,	65.2162,	75.5325,	63.582,	37.6006,	15.1706,	28.4085,	82.7666,	70.4682];
										
											
								

kI = [0.0033,0.0193,0.0514];
qS = [1,1,1];

d = [[[[7.35,6.6,2.92],[2.25,0.71,3.57],[0.74,5.8,12.62],[7.37,0.06,3.04],[7.85,5.21,1.24],[0.52,0.31,11.22],[2.96,2.96,6.01]],[[0.58,5.01,0],[0.23,4.24,0.06],[5.45,0.02,0.01],[0.02,0.3,0.03],[2.83,2.64,0],[4.45,1.34,0.01],[3.73,1.81,0.12]],[[1.11,0.03,0],[0.04,1.53,1],[0.41,0,0],[0.42,0,0],[0.7,0.08,0.05],[0,0.29,0.01],[0.8,0,0]],[[1.73,0.5,0],[0,0,0],[0,0,0.01],[0,0,0.14],[0,0,0],[0,5.07,0],[0.29,0.03,0.12]],[[0.13,1.38,7.48],[0.35,2.16,0],[0.72,0.08,0.52],[0.32,10.6,0.02],[0.02,0,0.53],[0,2.13,0.41],[2.13,0,5.85]],[[0.36,3.9,0.83],[0.01,0.01,0.81],[0.29,0.04,0],[0.9,4.48,6.08],[0.48,0.19,0.01],[9.36,0,1.63],[0.34,0.01,0.22]],[[1.71,0.02,0.17],[0.82,4.32,0.99],[0,0,0.62],[0,0.02,1.33],[1.85,3.07,1.07],[0.36,14.55,0.64],[0,0.09,0.11]],[[0.78,1.88,0],[0,0,0.01],[0,0.27,0.64],[3.94,0,0],[0.81,0.01,0],[0,0,0],[0,0,0.27]],[[0.06,2.76,2.76],[3.28,0.18,0.18],[0.99,1.98,0.27],[0.06,0.46,0.12],[0.08,0,0.07],[0,0.44,16.93],[0,0.01,0.37]],[[0.19,0,0],[0,0,0],[0,0,0],[0,0,0.03],[0,0,0.13],[0,0,0],[0,0,0]]],[[[1.13,7.35,13.26],[3.57,5.7,2.02],[19.3,7.35,3.75],[3.83,6.96,0.12],[4.65,0.08,5.68],[1.26,13.59,6.01],[10.3,13.59,2.27]],[[0.01,0.06,0.88],[4.24,0.51,0.72],[0,3.28,0.03],[1.66,0.1,0.45],[0.03,5.21,0.12],[0,0.1,4.89],[0.02,0.37,0]],[[0.01,0,0],[0,0,0],[0.01,0.01,0],[0.23,0,0.05],[0,0,0],[0,0,1.52],[0.08,0,0.01]],[[0.01,0,0.06],[0.39,0.07,0.05],[0,0.28,0.03],[0,0.05,0],[0,0.6,1.83],[0,0.25,5.07],[0,0,0]],[[0.1,0.01,0],[0.9,0.06,0.27],[0.06,0,0.01],[0,0,0],[0,0,2.54],[0,0.15,0],[0.22,0.02,0.02]],[[4.43,0.16,4.15],[4.11,0.18,0.01],[0.01,0.41,0.02],[2.57,0.46,1.06],[0.29,1.98,1.16],[6.59,0.05,0.01],[17.32,3.89,0]],[[0,0.01,5.45],[0.19,2.46,0.3],[0.04,0,0],[0,0,0],[0.01,0.19,0.19],[0.02,0,0],[0.17,0,3.32]],[[0.04,0,0],[0,0,0.08],[0,0.2,0],[1.33,0,0],[0.02,2.02,0],[0,0.03,0.02],[11.73,1.86,0.1]],[[0.03,0.71,0.12],[2.63,0.01,0],[0.1,0.79,0.01],[0.15,0.01,0.4],[0.12,0,0],[0.61,0.14,0],[6.32,0.01,0.01]],[[0,0,0],[0,0,0],[0,0,0],[0,0,0],[0,0,0],[0,0,0],[0,0,0]]],[[[9.94,0.94,2.75],[10.48,12.31,8.39],[4.74,0.3,3.65],[4.16,0.4,7.37],[0.32,5.07,11.14],[23.77,1.92,9.89],[5.81,0.94,11.73]],[[3.28,12.76,0.06],[0.48,1.11,0.03],[1.38,0.93,0],[1.76,1.39,0.76],[0.22,0.2,0.05],[0.61,0.4,0.72],[0.02,0.06,0]],[[0,0.04,0],[0,2.49,0],[0.01,0.17,0],[0,0,0.03],[0.03,0,0],[0,0,0],[0,2.42,0]],[[3.01,0.05,0],[0.06,0.01,0.02],[2.14,0.06,0],[0.01,0.01,0.55],[4.82,0,0],[3.52,0,2.99],[0,0,0.04]],[[0.02,1.95,0.37],[0.77,0,0.01],[6.11,0.02,0.02],[0.01,1.91,0.1],[0,0.71,0.48],[0,0,0.66],[0.02,0,1.48]],[[0.92,0.13,0.56],[2.79,0.85,0.15],[0.02,4.74,2.62],[0.33,0.12,0.43],[0.97,0.04,0],[0,1.74,4.98],[0.09,0,0.15]],[[0.23,0.2,0.76],[0,0,0.63],[4.87,0.76,2.27],[4.05,0,0.01],[0,0.01,0],[0.36,0.14,0],[0.1,0.58,0]],[[0.01,6.72,0.22],[0,0,0],[0.07,0,2.09],[0,2.32,0],[0.52,0,0],[0.01,0,0.27],[2.15,2.15,0]],[[3.96,6.88,6.24],[2.93,0.52,1.17],[0,0.01,0.13],[0.35,0,0.3],[0.34,0.12,2.21],[16.93,0.06,0],[2.69,5.19,0]],[[0,0,0],[0,0,0],[0,0,0],[0,0.81,0],[0,0.13,0],[0,0,0],[0,0,0]]],[[[5.51,0.68,2.34],[9.18,6.29,9.47],[5.24,0.55,4.06],[1.13,0.58,4.28],[0.69,6.56,0.64],[5.1,5.1,2.45],[0.94,0.03,0.43]],[[2.42,0.09,0.26],[0.48,1.05,0.09],[0.16,9.96,0.09],[5.11,1.98,0],[0.16,0.24,2.03],[0,0.48,0.09],[1.96,0.61,0.01]],[[0,0,0],[0,0.08,0],[0,0,0],[2.07,0,0],[0.36,0.03,0],[0.53,0.03,0],[0,0.1,0]],[[0.67,0.06,0.03],[0.35,0.05,0.04],[2.67,0.02,0],[0,0,0],[0.67,0.48,0],[2.99,0,0],[0.01,0.84,0.22]],[[0.04,0.12,0],[0.03,1.43,0],[0.04,0.34,0.03],[0.46,0.6,4.6],[0,0,3.6],[1.17,0.04,0],[0,0,0.37]],[[0.25,1.03,0.09],[0.81,5.37,6.91],[2.76,5.93,0],[0.71,11.07,0.4],[0.39,0.09,0.01],[0.01,0.51,0.16],[0,0.01,0]],[[0.05,1.97,0.37],[0.48,0,4.32],[0.5,0.01,4.4],[2.07,0.35,1.78],[0,0.35,0.01],[0,0.44,0.15],[0.01,0.09,0.01]],[[0,0.01,0.15],[0,0.08,0.01],[2.96,0.1,0.48],[0.72,4.63,0],[0,0,0],[0.93,0.01,0],[0.27,0,1.22]],[[0.71,0.1,0.03],[0.69,3.1,0.69],[0.05,0.06,0.44],[2.28,0.24,0.07],[0.31,0.45,0.01],[1.39,0.44,0.41],[0.61,2.69,2.31]],[[0,0,0],[0.06,0,0],[0,0,0],[0.81,0,0],[0,0,0],[0,2.04,0],[0,0,0]]],[[[3,8.73,9.61],[0.12,7.72,1.95],[4.74,1.61,6.11],[6.41,1.75,0.58],[5.68,0.22,0.22],[0.01,7.63,1.32],[3.06,10.74,1.32]],[[1.05,0,12.76],[3.96,0.13,0.04],[0.99,0.83,0.06],[0.45,1.31,0],[0.01,0.36,10.98],[0.56,0.08,0.02],[0.01,5.4,0.02]],[[0.08,0,0],[0.03,0.14,0.03],[0.95,0,0.01],[0,0,0],[0,0.07,0],[5.77,0,0],[0.53,0,0]],[[0,0,0],[0,0,0],[0.05,4.58,0],[0.17,0.01,0.01],[0.01,7.41,0.02],[6.3,0.09,0],[0,0.64,0.14]],[[0,0,0.01],[1.22,0.01,0.52],[3.52,0.16,1.5],[1.11,0,0.1],[0,0,0],[0.03,0,0.15],[0,0.22,0]],[[0,4.15,0.59],[0.85,1.62,0.03],[1.72,0.07,0],[0.95,2.17,1.06],[0.07,1.03,1.39],[1.32,0,0],[17.32,9.36,0.47]],[[0.01,0.04,0.81],[1.27,1.2,0.01],[0.23,0.54,0.76],[0,0.18,0.6],[0.05,2.81,0],[1.24,0.58,0],[0.03,0,0.71]],[[0,1.69,0],[0,0.83,1.19],[0.01,6.72,2.62],[0.03,0,0.25],[0.04,2.98,0],[0.81,0,2.15],[2.5,1.86,0.11]],[[0.71,2.21,0.01],[1.43,0,4.47],[13.12,10.29,0],[0.11,0.19,0],[2.35,1.73,0.83],[0.12,2.15,1.03],[1.49,1.86,0]],[[0,0,0],[0.43,0,0],[0.86,0,0.05],[0,0,0],[0,0,0],[0,0,0],[0,0.06,0]]],[[[8.73,1.54,2.04],[1.74,0.91,0.78],[0.68,0.62,7.55],[12.37,2.52,3.33],[25.23,15.96,0.58],[0.16,7.11,17.48],[8.81,6.65,11.73]],[[0.01,0,0.83],[0.27,0.11,0.07],[9.96,0,0.01],[0.02,0,1.76],[2.47,0.48,0.33],[4.45,0.37,0.05],[0.02,3.15,0.78]],[[0.41,0,0.02],[0.45,1.32,0],[0,0,0.17],[0,0.03,0],[0,0.16,0],[0,0,0],[0,0.1,0]],[[0.28,0,0],[0.55,0,0.01],[2.14,5.46,0],[1,0,0.01],[0.6,0,0],[0.04,0,4.19],[0,0,1.66]],[[0,0.44,0.01],[2.36,0.07,9.58],[1.08,0,0.24],[0.85,0.18,0.93],[0.09,0.14,0],[0.06,0,0],[0.02,0,0.32]],[[2.35,0.78,9],[0,0.55,0.36],[2.35,0.59,0.36],[0.35,0.21,11.07],[0.71,6.24,11.65],[0.06,0.02,0.15],[0.02,0,0]],[[0.1,0,2.64],[0.37,0.11,0],[1.83,0.03,0],[0,0,0.05],[0.85,7.77,0],[0.01,10.63,0.02],[2,0,0.01]],[[0,0,0],[0.03,0,0.37],[0,0.01,0],[0,0.03,0],[0,0.02,0.03],[0.15,3.45,4.12],[0.06,4.12,0.05]],[[6.24,0.63,0],[0.38,1.11,3.93],[3.09,2.09,0.46],[0.02,1.37,0.64],[0.14,3.04,2.21],[0,0.03,0.06],[0,2.49,0.29]],[[0,0,0],[0,0,0],[0,0,0],[0,0,0],[0,0,0],[0,0,0],[0,0,0]]]];

