Omegamax = 3;
Produkte = 4;
v = [2,2,1,1];
KS = 132.8;

KH	=	9;								
							
											
kS = [[1000,	61.0982,	135.3811,	125.4204,	136.6548,	117.0763,	56.9162,	31.051,	62.8976,	111.512],
[61.0982,	1000,	93.9225,	90.9353,	148.5481,	121.9531,	18.7415,	88.1098,	108.0461,	125.9754],
[135.3811,	93.9225,	1000,	17.3325,	119.2363,	93.723,	83.6537,	147.5133,	143.5935,	110.1599],
[125.4204,	90.9353,	17.3325,	1000,	102.3983,	76.5169,	77.8317,	134.7515,	128.243,	92.8303],
[136.6548,	148.5481,	119.2363,	102.3983,	1000,	28.1437,	129.8136,	121.5764,	90.0895,	25.1435],
[117.0763,	121.9531,	93.723,	76.5169,	28.1437,	1000,	103.2318,	107.2947,	81.5113,	18.9332],
[56.9162,	18.7415,	83.6537,	77.8317,	129.8136,	103.2318,	1000,	79.282,	94.1049,	107.3586],
[31.051,	88.1098,	147.5133,	134.7515,	121.5764,	107.2947,	79.282,	1000,	36.2807,	97.1766],
[62.8976,	108.0461,	143.5935,	128.243,	90.0895,	81.5113,	94.1049,	36.2807,	1000,	67.5128],
[111.512,	125.9754,	110.1599,	92.8303,	25.1435,	18.9332,	107.3586,	97.1766,	67.5128,	1000]];
									
kem = [336,	58.6543,	129.9659,	120.4035,	131.1886,	112.3933,	54.6396,	29.8089,	60.3817,	107.0515];
											
											
								

kI = [0.0033,0.0193,0.0514,0.1153];
qS = [1,1,1,1];

d = [[[[7.35,5.51,6.6,0.68],[2.25,9.18,0.71,6.29],[0.74,5.24,5.8,0.55],[7.37,1.13,0.06,0.58],[7.85,0.69,5.21,6.56],[0.52,5.1,0.31,5.1],[2.96,0.94,2.96,0.03]],[[0.58,2.42,5.01,0.09],[0.23,0.48,4.24,1.05],[5.45,0.16,0.02,9.96],[0.02,5.11,0.3,1.98],[2.83,0.16,2.64,0.24],[4.45,0,1.34,0.48],[3.73,1.96,1.81,0.61]],[[1.11,0,0.03,0],[0.04,0,1.53,0.08],[0.41,0,0,0],[0.42,2.07,0,0],[0.7,0.36,0.08,0.03],[0,0.53,0.29,0.03],[0.8,0,0,0.1]],[[1.73,0.67,0.5,0.06],[0,0.35,0,0.05],[0,2.67,0,0.02],[0,0,0,0],[0,0.67,0,0.48],[0,2.99,5.07,0],[0.29,0.01,0.03,0.84]],[[0.13,0.04,1.38,0.12],[0.35,0.03,2.16,1.43],[0.72,0.04,0.08,0.34],[0.32,0.46,10.6,0.6],[0.02,0,0,0],[0,1.17,2.13,0.04],[2.13,0,0,0]],[[0.36,0.25,3.9,1.03],[0.01,0.81,0.01,5.37],[0.29,2.76,0.04,5.93],[0.9,0.71,4.48,11.07],[0.48,0.39,0.19,0.09],[9.36,0.01,0,0.51],[0.34,0,0.01,0.01]],[[1.71,0.05,0.02,1.97],[0.82,0.48,4.32,0],[0,0.5,0,0.01],[0,2.07,0.02,0.35],[1.85,0,3.07,0.35],[0.36,0,14.55,0.44],[0,0.01,0.09,0.09]],[[0.78,0,1.88,0.01],[0,0,0,0.08],[0,2.96,0.27,0.1],[3.94,0.72,0,4.63],[0.81,0,0.01,0],[0,0.93,0,0.01],[0,0.27,0,0]],[[0.06,0.71,2.76,0.1],[3.28,0.69,0.18,3.1],[0.99,0.05,1.98,0.06],[0.06,2.28,0.46,0.24],[0.08,0.31,0,0.45],[0,1.39,0.44,0.44],[0,0.61,0.01,2.69]],[[0.19,0,0,0],[0,0.06,0,0],[0,0,0,0],[0,0.81,0,0],[0,0,0,0],[0,0,0,2.04],[0,0,0,0]]],[[[1.13,3,7.35,8.73],[3.57,0.12,5.7,7.72],[19.3,4.74,7.35,1.61],[3.83,6.41,6.96,1.75],[4.65,5.68,0.08,0.22],[1.26,0.01,13.59,7.63],[10.3,3.06,13.59,10.74]],[[0.01,1.05,0.06,0],[4.24,3.96,0.51,0.13],[0,0.99,3.28,0.83],[1.66,0.45,0.1,1.31],[0.03,0.01,5.21,0.36],[0,0.56,0.1,0.08],[0.02,0.01,0.37,5.4]],[[0.01,0.08,0,0],[0,0.03,0,0.14],[0.01,0.95,0.01,0],[0.23,0,0,0],[0,0,0,0.07],[0,5.77,0,0],[0.08,0.53,0,0]],[[0.01,0,0,0],[0.39,0,0.07,0],[0,0.05,0.28,4.58],[0,0.17,0.05,0.01],[0,0.01,0.6,7.41],[0,6.3,0.25,0.09],[0,0,0,0.64]],[[0.1,0,0.01,0],[0.9,1.22,0.06,0.01],[0.06,3.52,0,0.16],[0,1.11,0,0],[0,0,0,0],[0,0.03,0.15,0],[0.22,0,0.02,0.22]],[[4.43,0,0.16,4.15],[4.11,0.85,0.18,1.62],[0.01,1.72,0.41,0.07],[2.57,0.95,0.46,2.17],[0.29,0.07,1.98,1.03],[6.59,1.32,0.05,0],[17.32,17.32,3.89,9.36]],[[0,0.01,0.01,0.04],[0.19,1.27,2.46,1.2],[0.04,0.23,0,0.54],[0,0,0,0.18],[0.01,0.05,0.19,2.81],[0.02,1.24,0,0.58],[0.17,0.03,0,0]],[[0.04,0,0,1.69],[0,0,0,0.83],[0,0.01,0.2,6.72],[1.33,0.03,0,0],[0.02,0.04,2.02,2.98],[0,0.81,0.03,0],[11.73,2.5,1.86,1.86]],[[0.03,0.71,0.71,2.21],[2.63,1.43,0.01,0],[0.1,13.12,0.79,10.29],[0.15,0.11,0.01,0.19],[0.12,2.35,0,1.73],[0.61,0.12,0.14,2.15],[6.32,1.49,0.01,1.86]],[[0,0,0,0],[0,0.43,0,0],[0,0.86,0,0],[0,0,0,0],[0,0,0,0],[0,0,0,0],[0,0,0,0.06]]],[[[9.94,8.73,0.94,1.54],[10.48,1.74,12.31,0.91],[4.74,0.68,0.3,0.62],[4.16,12.37,0.4,2.52],[0.32,25.23,5.07,15.96],[23.77,0.16,1.92,7.11],[5.81,8.81,0.94,6.65]],[[3.28,0.01,12.76,0],[0.48,0.27,1.11,0.11],[1.38,9.96,0.93,0],[1.76,0.02,1.39,0],[0.22,2.47,0.2,0.48],[0.61,4.45,0.4,0.37],[0.02,0.02,0.06,3.15]],[[0,0.41,0.04,0],[0,0.45,2.49,1.32],[0.01,0,0.17,0],[0,0,0,0.03],[0.03,0,0,0.16],[0,0,0,0],[0,0,2.42,0.1]],[[3.01,0.28,0.05,0],[0.06,0.55,0.01,0],[2.14,2.14,0.06,5.46],[0.01,1,0.01,0],[4.82,0.6,0,0],[3.52,0.04,0,0],[0,0,0,0]],[[0.02,0,1.95,0.44],[0.77,2.36,0,0.07],[6.11,1.08,0.02,0],[0.01,0.85,1.91,0.18],[0,0.09,0.71,0.14],[0,0.06,0,0],[0.02,0.02,0,0]],[[0.92,2.35,0.13,0.78],[2.79,0,0.85,0.55],[0.02,2.35,4.74,0.59],[0.33,0.35,0.12,0.21],[0.97,0.71,0.04,6.24],[0,0.06,1.74,0.02],[0.09,0.02,0,0]],[[0.23,0.1,0.2,0],[0,0.37,0,0.11],[4.87,1.83,0.76,0.03],[4.05,0,0,0],[0,0.85,0.01,7.77],[0.36,0.01,0.14,10.63],[0.1,2,0.58,0]],[[0.01,0,6.72,0],[0,0.03,0,0],[0.07,0,0,0.01],[0,0,2.32,0.03],[0.52,0,0,0.02],[0.01,0.15,0,3.45],[2.15,0.06,2.15,4.12]],[[3.96,6.24,6.88,0.63],[2.93,0.38,0.52,1.11],[0,3.09,0.01,2.09],[0.35,0.02,0,1.37],[0.34,0.14,0.12,3.04],[16.93,0,0.06,0.03],[2.69,0,5.19,2.49]],[[0,0,0,0],[0,0,0,0],[0,0,0,0],[0,0,0.81,0],[0,0,0.13,0],[0,0,0,0],[0,0,0,0]]]];

