Omegamax = 4;
Produkte = 4;
v = [2,2,1,1];
KS = 132.8;

KH	=	9;								
							
											
kS = [[1000,	57.2372,	67.818,	71.0382,	113.7826,	113.8788,	58.1284,	11.8263,	18.415,	123.4198],
[57.2372,	1000,	46.2746,	90.4893,	109.4487,	63.9478,	85.5736,	67.1704,	61.1488,	79.4736],
[67.818,	46.2746,	1000,	55.0772,	63.2108,	56.2776,	57.2214,	71.1569,	58.0168,	58.8204],
[71.0382,	90.4893,	55.0772,	1000,	51.2275,	109.1766,	14.9386,	64.9797,	52.6937,	105.6924],
[113.7826,	109.4487,	63.2108,	51.2275,	1000,	95.8549,	65.6871,	110.9154,	97.0091,	82.8634],
[113.8788,	63.9478,	56.2776,	109.1766,	95.8549,	1000,	113.2514,	120.7053,	109.6557,	21.205],
[58.1284,	85.5736,	57.2214,	14.9386,	65.6871,	113.2514,	1000,	51.0286,	39.7368,	112.4334],
[11.8263,	67.1704,	71.1569,	64.9797,	110.9154,	120.7053,	51.0286,	1000,	14.2461,	128.6299],
[18.415,	61.1488,	58.0168,	52.6937,	97.0091,	109.6557,	39.7368,	14.2461,	1000,	116.2309],
[123.4198,	79.4736,	58.8204,	105.6924,	82.8634,	21.205,	112.4334,	128.6299,	116.2309,	1000]];
									
kem = [336,	54.9478,	65.1053,	68.1967,	109.2313,	109.3237,	55.8032,	11.3532,	17.6784,	118.4831];
											
											
								

kI = [0.0033,0.0193,0.0514,0.1153];
qS = [1,1,1,1];

d = [[[[7.35,3,0.94,2.92],[2.25,0.12,12.31,3.57],[0.74,4.74,0.3,12.62],[7.37,6.41,0.4,3.04],[7.85,5.68,5.07,1.24],[0.52,0.01,1.92,11.22],[2.96,3.06,0.94,6.01]],[[0.58,1.05,12.76,0],[0.23,3.96,1.11,0.06],[5.45,0.99,0.93,0.01],[0.02,0.45,1.39,0.03],[2.83,0.01,0.2,0],[4.45,0.56,0.4,0.01],[3.73,0.01,0.06,0.12]],[[1.11,0.08,0.04,0],[0.04,0.03,2.49,1],[0.41,0.95,0.17,0],[0.42,0,0,0],[0.7,0,0,0.05],[0,5.77,0,0.01],[0.8,0.53,2.42,0]],[[1.73,0,0.05,0],[0,0,0.01,0],[0,0.05,0.06,0.01],[0,0.17,0.01,0.14],[0,0.01,0,0],[0,6.3,0,0],[0.29,0,0,0.12]],[[0.13,0,1.95,7.48],[0.35,1.22,0,0],[0.72,3.52,0.02,0.52],[0.32,1.11,1.91,0.02],[0.02,0,0.71,0.53],[0,0.03,0,0.41],[2.13,0,0,5.85]],[[0.36,0,0.13,0.83],[0.01,0.85,0.85,0.81],[0.29,1.72,4.74,0],[0.9,0.95,0.12,6.08],[0.48,0.07,0.04,0.01],[9.36,1.32,1.74,1.63],[0.34,17.32,0,0.22]],[[1.71,0.01,0.2,0.17],[0.82,1.27,0,0.99],[0,0.23,0.76,0.62],[0,0,0,1.33],[1.85,0.05,0.01,1.07],[0.36,1.24,0.14,0.64],[0,0.03,0.58,0.11]],[[0.78,0,6.72,0],[0,0,0,0.01],[0,0.01,0,0.64],[3.94,0.03,2.32,0],[0.81,0.04,0,0],[0,0.81,0,0],[0,2.5,2.15,0.27]],[[0.06,0.71,6.88,2.76],[3.28,1.43,0.52,0.18],[0.99,13.12,0.01,0.27],[0.06,0.11,0,0.12],[0.08,2.35,0.12,0.07],[0,0.12,0.06,16.93],[0,1.49,5.19,0.37]],[[0.19,0,0,0],[0,0.43,0,0],[0,0.86,0,0],[0,0,0.81,0.03],[0,0,0.13,0.13],[0,0,0,0],[0,0,0,0]]],[[[1.13,8.73,0.68,13.26],[3.57,1.74,6.29,2.02],[19.3,0.68,0.55,3.75],[3.83,12.37,0.58,0.12],[4.65,25.23,6.56,5.68],[1.26,0.16,5.1,6.01],[10.3,8.81,0.03,2.27]],[[0.01,0.01,0.09,0.88],[4.24,0.27,1.05,0.72],[0,9.96,9.96,0.03],[1.66,0.02,1.98,0.45],[0.03,2.47,0.24,0.12],[0,4.45,0.48,4.89],[0.02,0.02,0.61,0]],[[0.01,0.41,0,0],[0,0.45,0.08,0],[0.01,0,0,0],[0.23,0,0,0.05],[0,0,0.03,0],[0,0,0.03,1.52],[0.08,0,0.1,0.01]],[[0.01,0.28,0.06,0.06],[0.39,0.55,0.05,0.05],[0,2.14,0.02,0.03],[0,1,0,0],[0,0.6,0.48,1.83],[0,0.04,0,5.07],[0,0,0.84,0]],[[0.1,0,0.12,0],[0.9,2.36,1.43,0.27],[0.06,1.08,0.34,0.01],[0,0.85,0.6,0],[0,0.09,0,2.54],[0,0.06,0.04,0],[0.22,0.02,0,0.02]],[[4.43,2.35,1.03,4.15],[4.11,0,5.37,0.01],[0.01,2.35,5.93,0.02],[2.57,0.35,11.07,1.06],[0.29,0.71,0.09,1.16],[6.59,0.06,0.51,0.01],[17.32,0.02,0.01,0]],[[0,0.1,1.97,5.45],[0.19,0.37,0,0.3],[0.04,1.83,0.01,0],[0,0,0.35,0],[0.01,0.85,0.35,0.19],[0.02,0.01,0.44,0],[0.17,2,0.09,3.32]],[[0.04,0,0.01,0],[0,0.03,0.08,0.08],[0,0,0.1,0],[1.33,0,4.63,0],[0.02,0,0,0],[0,0.15,0.01,0.02],[11.73,0.06,0,0.1]],[[0.03,6.24,0.1,0.12],[2.63,0.38,3.1,0],[0.1,3.09,0.06,0.01],[0.15,0.02,0.24,0.4],[0.12,0.14,0.45,0],[0.61,0,0.44,0],[6.32,0,2.69,0.01]],[[0,0,0,0],[0,0,0,0],[0,0,0,0],[0,0,0,0],[0,0,0,0],[0,0,2.04,0],[0,0,0,0]]],[[[9.94,6.6,8.73,2.75],[10.48,0.71,7.72,8.39],[4.74,5.8,1.61,3.65],[4.16,0.06,1.75,7.37],[0.32,5.21,0.22,11.14],[23.77,0.31,7.63,9.89],[5.81,2.96,10.74,11.73]],[[3.28,5.01,0,0.06],[0.48,4.24,0.13,0.03],[1.38,0.02,0.83,0],[1.76,0.3,1.31,0.76],[0.22,2.64,0.36,0.05],[0.61,1.34,0.08,0.72],[0.02,1.81,5.4,0]],[[0,0.03,0,0],[0,1.53,0.14,0],[0.01,0,0,0],[0,0,0,0.03],[0.03,0.08,0.07,0],[0,0.29,0,0],[0,0,0,0]],[[3.01,0.5,0,0],[0.06,0,0,0.02],[2.14,0,4.58,0],[0.01,0,0.01,0.55],[4.82,0,7.41,0],[3.52,5.07,0.09,2.99],[0,0.03,0.64,0.04]],[[0.02,1.38,0,0.37],[0.77,2.16,0.01,0.01],[6.11,0.08,0.16,0.02],[0.01,10.6,0,0.1],[0,0,0,0.48],[0,2.13,0,0.66],[0.02,0,0.22,1.48]],[[0.92,3.9,4.15,0.56],[2.79,0.01,1.62,0.15],[0.02,0.04,0.07,2.62],[0.33,4.48,2.17,0.43],[0.97,0.19,1.03,0],[0,0,0,4.98],[0.09,0.01,9.36,0.15]],[[0.23,0.02,0.04,0.76],[0,4.32,1.2,0.63],[4.87,0,0.54,2.27],[4.05,0.02,0.18,0.01],[0,3.07,2.81,0],[0.36,14.55,0.58,0],[0.1,0.09,0,0]],[[0.01,1.88,1.69,0.22],[0,0,0.83,0],[0.07,0.27,6.72,2.09],[0,0,0,0],[0.52,0.01,2.98,0],[0.01,0,0,0.27],[2.15,0,1.86,0]],[[3.96,2.76,2.21,6.24],[2.93,0.18,0,1.17],[0,1.98,10.29,0.13],[0.35,0.46,0.19,0.3],[0.34,0,1.73,2.21],[16.93,0.44,2.15,0],[2.69,0.01,1.86,0]],[[0,0,0,0],[0,0,0,0],[0,0,0,0],[0,0,0,0],[0,0,0,0],[0,0,0,0],[0,0,0.06,0]]],[[[5.51,7.35,1.54,2.34],[9.18,5.7,0.91,9.47],[5.24,7.35,0.62,4.06],[1.13,6.96,2.52,4.28],[0.69,0.08,15.96,0.64],[5.1,13.59,7.11,2.45],[0.94,13.59,6.65,0.43]],[[2.42,0.06,0,0.26],[0.48,0.51,0.11,0.09],[0.16,3.28,0,0.09],[5.11,0.1,0,0],[0.16,5.21,0.48,2.03],[0,0.1,0.37,0.09],[1.96,0.37,3.15,0.01]],[[0,0,0,0],[0,0,1.32,0],[0,0.01,0,0],[2.07,0,0.03,0],[0.36,0,0.16,0],[0.53,0,0,0],[0,0,0.1,0]],[[0.67,0,0,0.03],[0.35,0.07,0,0.04],[2.67,0.28,5.46,0],[0,0.05,0,0],[0.67,0.6,0,0],[2.99,0.25,0,0],[0.01,0,0,0.22]],[[0.04,0.01,0.44,0],[0.03,0.06,0.07,0],[0.04,0,0,0.03],[0.46,0,0.18,4.6],[0,0,0.14,3.6],[1.17,0.15,0,0],[0,0.02,0,0.37]],[[0.25,0.16,0.78,0.09],[0.81,0.18,0.55,6.91],[2.76,0.41,0.59,0],[0.71,0.46,0.21,0.4],[0.39,1.98,6.24,0.01],[0.01,0.05,0.02,0.16],[0,3.89,0,0]],[[0.05,0.01,0,0.37],[0.48,2.46,0.11,4.32],[0.5,0,0.03,4.4],[2.07,0,0,1.78],[0,0.19,7.77,0.01],[0,0,10.63,0.15],[0.01,0,0,0.01]],[[0,0,0,0.15],[0,0,0,0.01],[2.96,0.2,0.01,0.48],[0.72,0,0.03,0],[0,2.02,0.02,0],[0.93,0.03,3.45,0],[0.27,1.86,4.12,1.22]],[[0.71,0.71,0.63,0.03],[0.69,0.01,1.11,0.69],[0.05,0.79,2.09,0.44],[2.28,0.01,1.37,0.07],[0.31,0,3.04,0.01],[1.39,0.14,0.03,0.41],[0.61,0.01,2.49,2.31]],[[0,0,0,0],[0.06,0,0,0],[0,0,0,0],[0.81,0,0,0],[0,0,0,0],[0,0,0,0],[0,0,0,0]]]];

