Omegamax = 3;
Produkte = 3;
v = [2,2,1];
KS = 126;

KH	=	9;								
							
											
kS = [[1000,	57.2372,	67.818,	71.0382,	113.7826,	113.8788,	58.1284,	11.8263,	18.415,	123.4198],
[57.2372,	1000,	46.2746,	90.4893,	109.4487,	63.9478,	85.5736,	67.1704,	61.1488,	79.4736],
[67.818,	46.2746,	1000,	55.0772,	63.2108,	56.2776,	57.2214,	71.1569,	58.0168,	58.8204],
[71.0382,	90.4893,	55.0772,	1000,	51.2275,	109.1766,	14.9386,	64.9797,	52.6937,	105.6924],
[113.7826,	109.4487,	63.2108,	51.2275,	1000,	95.8549,	65.6871,	110.9154,	97.0091,	82.8634],
[113.8788,	63.9478,	56.2776,	109.1766,	95.8549,	1000,	113.2514,	120.7053,	109.6557,	21.205],
[58.1284,	85.5736,	57.2214,	14.9386,	65.6871,	113.2514,	1000,	51.0286,	39.7368,	112.4334],
[11.8263,	67.1704,	71.1569,	64.9797,	110.9154,	120.7053,	51.0286,	1000,	14.2461,	128.6299],
[18.415,	61.1488,	58.0168,	52.6937,	97.0091,	109.6557,	39.7368,	14.2461,	1000,	116.2309],
[123.4198,	79.4736,	58.8204,	105.6924,	82.8634,	21.205,	112.4334,	128.6299,	116.2309,	1000]];
									
kem = [336,	54.9478,	65.1053,	68.1967,	109.2313,	109.3237,	55.8032,	11.3532,	17.6784,	118.4831];
											
											
								

kI = [0.0033,0.0193,0.0514];
qS = [1,1,1];

d = [[[[7.35,5.51,6.6],[2.25,9.18,0.71],[0.74,5.24,5.8],[7.37,1.13,0.06],[7.85,0.69,5.21],[0.52,5.1,0.31],[2.96,0.94,2.96]],[[0.58,2.42,5.01],[0.23,0.48,4.24],[5.45,0.16,0.02],[0.02,5.11,0.3],[2.83,0.16,2.64],[4.45,0,1.34],[3.73,1.96,1.81]],[[1.11,0,0.03],[0.04,0,1.53],[0.41,0,0],[0.42,2.07,0],[0.7,0.36,0.08],[0,0.53,0.29],[0.8,0,0]],[[1.73,0.67,0.5],[0,0.35,0],[0,2.67,0],[0,0,0],[0,0.67,0],[0,2.99,5.07],[0.29,0.01,0.03]],[[0.13,0.04,1.38],[0.35,0.03,2.16],[0.72,0.04,0.08],[0.32,0.46,10.6],[0.02,0,0],[0,1.17,2.13],[2.13,0,0]],[[0.36,0.25,3.9],[0.01,0.81,0.01],[0.29,2.76,0.04],[0.9,0.71,4.48],[0.48,0.39,0.19],[9.36,0.01,0],[0.34,0,0.01]],[[1.71,0.05,0.02],[0.82,0.48,4.32],[0,0.5,0],[0,2.07,0.02],[1.85,0,3.07],[0.36,0,14.55],[0,0.01,0.09]],[[0.78,0,1.88],[0,0,0],[0,2.96,0.27],[3.94,0.72,0],[0.81,0,0.01],[0,0.93,0],[0,0.27,0]],[[0.06,0.71,2.76],[3.28,0.69,0.18],[0.99,0.05,1.98],[0.06,2.28,0.46],[0.08,0.31,0],[0,1.39,0.44],[0,0.61,0.01]],[[0.19,0,0],[0,0.06,0],[0,0,0],[0,0.81,0],[0,0,0],[0,0,0],[0,0,0]]],[[[1.13,3,7.35],[3.57,0.12,5.7],[19.3,4.74,7.35],[3.83,6.41,6.96],[4.65,5.68,0.08],[1.26,0.01,13.59],[10.3,3.06,13.59]],[[0.01,1.05,0.06],[4.24,3.96,0.51],[0,0.99,3.28],[1.66,0.45,0.1],[0.03,0.01,5.21],[0,0.56,0.1],[0.02,0.01,0.37]],[[0.01,0.08,0],[0,0.03,0],[0.01,0.95,0.01],[0.23,0,0],[0,0,0],[0,5.77,0],[0.08,0.53,0]],[[0.01,0,0],[0.39,0,0.07],[0,0.05,0.28],[0,0.17,0.05],[0,0.01,0.6],[0,6.3,0.25],[0,0,0]],[[0.1,0,0.01],[0.9,1.22,0.06],[0.06,3.52,0],[0,1.11,0],[0,0,0],[0,0.03,0.15],[0.22,0,0.02]],[[4.43,0,0.16],[4.11,0.85,0.18],[0.01,1.72,0.41],[2.57,0.95,0.46],[0.29,0.07,1.98],[6.59,1.32,0.05],[17.32,17.32,3.89]],[[0,0.01,0.01],[0.19,1.27,2.46],[0.04,0.23,0],[0,0,0],[0.01,0.05,0.19],[0.02,1.24,0],[0.17,0.03,0]],[[0.04,0,0],[0,0,0],[0,0.01,0.2],[1.33,0.03,0],[0.02,0.04,2.02],[0,0.81,0.03],[11.73,2.5,1.86]],[[0.03,0.71,0.71],[2.63,1.43,0.01],[0.1,13.12,0.79],[0.15,0.11,0.01],[0.12,2.35,0],[0.61,0.12,0.14],[6.32,1.49,0.01]],[[0,0,0],[0,0.43,0],[0,0.86,0],[0,0,0],[0,0,0],[0,0,0],[0,0,0]]],[[[9.94,8.73,0.94],[10.48,1.74,12.31],[4.74,0.68,0.3],[4.16,12.37,0.4],[0.32,25.23,5.07],[23.77,0.16,1.92],[5.81,8.81,0.94]],[[3.28,0.01,12.76],[0.48,0.27,1.11],[1.38,9.96,0.93],[1.76,0.02,1.39],[0.22,2.47,0.2],[0.61,4.45,0.4],[0.02,0.02,0.06]],[[0,0.41,0.04],[0,0.45,2.49],[0.01,0,0.17],[0,0,0],[0.03,0,0],[0,0,0],[0,0,2.42]],[[3.01,0.28,0.05],[0.06,0.55,0.01],[2.14,2.14,0.06],[0.01,1,0.01],[4.82,0.6,0],[3.52,0.04,0],[0,0,0]],[[0.02,0,1.95],[0.77,2.36,0],[6.11,1.08,0.02],[0.01,0.85,1.91],[0,0.09,0.71],[0,0.06,0],[0.02,0.02,0]],[[0.92,2.35,0.13],[2.79,0,0.85],[0.02,2.35,4.74],[0.33,0.35,0.12],[0.97,0.71,0.04],[0,0.06,1.74],[0.09,0.02,0]],[[0.23,0.1,0.2],[0,0.37,0],[4.87,1.83,0.76],[4.05,0,0],[0,0.85,0.01],[0.36,0.01,0.14],[0.1,2,0.58]],[[0.01,0,6.72],[0,0.03,0],[0.07,0,0],[0,0,2.32],[0.52,0,0],[0.01,0.15,0],[2.15,0.06,2.15]],[[3.96,6.24,6.88],[2.93,0.38,0.52],[0,3.09,0.01],[0.35,0.02,0],[0.34,0.14,0.12],[16.93,0,0.06],[2.69,0,5.19]],[[0,0,0],[0,0,0],[0,0,0],[0,0,0.81],[0,0,0.13],[0,0,0],[0,0,0]]]];

