Omegamax = 1;
Produkte = 5;
v = [2,2,1,1,1];
KS = 137.3;

KH	=	9;								
							
											
kS = [[1000,	100.3154,	67.9336,	78.6797,	66.2313,	39.1673,	15.8027,	29.5922,	86.2152,	73.4044],
[100.3154,	1000,	74.3155,	63.6129,	52.5148,	75.8219,	84.5888,	108.1348,	29.2909,	64.5159],
[67.9336,	74.3155,	1000,	15.2169,	22.6999,	29.2509,	57.317,	53.6605,	45.899,	11.1019],
[78.6797,	63.6129,	15.2169,	1000,	18.5917,	39.5901,	66.206,	67.7875,	34.3532,	5.3364],
[66.2313,	52.5148,	22.6999,	18.5917,	1000,	29.6067,	52.0814,	62.0716,	25.8883,	15.7955],
[39.1673,	75.8219,	29.2509,	39.5901,	29.6067,	1000,	28.1405,	33.0635,	53.8425,	34.2857],
[15.8027,	84.5888,	57.317,	66.206,	52.0814,	28.1405,	1000,	34.0634,	70.7486,	61.0963],
[29.5922,	108.1348,	53.6605,	67.7875,	62.0716,	33.0635,	34.0634,	1000,	86.8817,	62.6072],
[86.2152,	29.2909,	45.899,	34.3532,	25.8883,	53.8425,	70.7486,	86.8817,	1000,	35.5839],
[73.4044,	64.5159,	11.1019,	5.3364,	15.7955,	34.2857,	61.0963,	62.6072,	35.5839,	1000]];
									
kem = [336,	96.3028,	65.2162,	75.5325,	63.582,	37.6006,	15.1706,	28.4085,	82.7666,	70.4682];
										
											
								

kI = [0.0033,0.0193,0.0514,0.1153,0.2933];
qS = [1,1,1,1,1];

d = [[[[7.35,1.13,9.94,5.51,3],[2.25,3.57,10.48,9.18,0.12],[0.74,19.3,4.74,5.24,4.74],[7.37,3.83,4.16,1.13,6.41],[7.85,4.65,0.32,0.69,5.68],[0.52,1.26,23.77,5.1,0.01],[2.96,10.3,5.81,0.94,3.06]],[[0.58,0.01,3.28,2.42,1.05],[0.23,4.24,0.48,0.48,3.96],[5.45,0,1.38,0.16,0.99],[0.02,1.66,1.76,5.11,0.45],[2.83,0.03,0.22,0.16,0.01],[4.45,0,0.61,0,0.56],[3.73,0.02,0.02,1.96,0.01]],[[1.11,0.01,0,0,0.08],[0.04,0,0,0,0.03],[0.41,0.01,0.01,0,0.95],[0.42,0.23,0,2.07,0],[0.7,0,0.03,0.36,0],[0,0,0,0.53,5.77],[0.8,0.08,0,0,0.53]],[[1.73,0.01,3.01,0.67,0],[0,0.39,0.06,0.35,0],[0,0,2.14,2.67,0.05],[0,0,0.01,0,0.17],[0,0,4.82,0.67,0.01],[0,0,3.52,2.99,6.3],[0.29,0,0,0.01,0]],[[0.13,0.1,0.02,0.04,0],[0.35,0.9,0.77,0.03,1.22],[0.72,0.06,6.11,0.04,3.52],[0.32,0,0.01,0.46,1.11],[0.02,0,0,0,0],[0,0,0,1.17,0.03],[2.13,0.22,0.02,0,0]],[[0.36,4.43,0.92,0.25,0],[0.01,4.11,2.79,0.81,0.85],[0.29,0.01,0.02,2.76,1.72],[0.9,2.57,0.33,0.71,0.95],[0.48,0.29,0.97,0.39,0.07],[9.36,6.59,0,0.01,1.32],[0.34,17.32,0.09,0,17.32]],[[1.71,0,0.23,0.05,0.01],[0.82,0.19,0,0.48,1.27],[0,0.04,4.87,0.5,0.23],[0,0,4.05,2.07,0],[1.85,0.01,0,0,0.05],[0.36,0.02,0.36,0,1.24],[0,0.17,0.1,0.01,0.03]],[[0.78,0.04,0.01,0,0],[0,0,0,0,0],[0,0,0.07,2.96,0.01],[3.94,1.33,0,0.72,0.03],[0.81,0.02,0.52,0,0.04],[0,0,0.01,0.93,0.81],[0,11.73,2.15,0.27,2.5]],[[0.06,0.03,3.96,0.71,0.71],[3.28,2.63,2.93,0.69,1.43],[0.99,0.1,0,0.05,13.12],[0.06,0.15,0.35,2.28,0.11],[0.08,0.12,0.34,0.31,2.35],[0,0.61,16.93,1.39,0.12],[0,6.32,2.69,0.61,1.49]],[[0.19,0,0,0,0],[0,0,0,0.06,0.43],[0,0,0,0,0.86],[0,0,0,0.81,0],[0,0,0,0,0],[0,0,0,0,0],[0,0,0,0,0]]]];

