Omegamax = 2;
Produkte = 4;
v = [2,2,1,1];
KS = 132.8;

KH	=	9;								
							
											
kS = [[1000,	100.3154,	67.9336,	78.6797,	66.2313,	39.1673,	15.8027,	29.5922,	86.2152,	73.4044],
[100.3154,	1000,	74.3155,	63.6129,	52.5148,	75.8219,	84.5888,	108.1348,	29.2909,	64.5159],
[67.9336,	74.3155,	1000,	15.2169,	22.6999,	29.2509,	57.317,	53.6605,	45.899,	11.1019],
[78.6797,	63.6129,	15.2169,	1000,	18.5917,	39.5901,	66.206,	67.7875,	34.3532,	5.3364],
[66.2313,	52.5148,	22.6999,	18.5917,	1000,	29.6067,	52.0814,	62.0716,	25.8883,	15.7955],
[39.1673,	75.8219,	29.2509,	39.5901,	29.6067,	1000,	28.1405,	33.0635,	53.8425,	34.2857],
[15.8027,	84.5888,	57.317,	66.206,	52.0814,	28.1405,	1000,	34.0634,	70.7486,	61.0963],
[29.5922,	108.1348,	53.6605,	67.7875,	62.0716,	33.0635,	34.0634,	1000,	86.8817,	62.6072],
[86.2152,	29.2909,	45.899,	34.3532,	25.8883,	53.8425,	70.7486,	86.8817,	1000,	35.5839],
[73.4044,	64.5159,	11.1019,	5.3364,	15.7955,	34.2857,	61.0963,	62.6072,	35.5839,	1000]];
									
kem = [336,	96.3028,	65.2162,	75.5325,	63.582,	37.6006,	15.1706,	28.4085,	82.7666,	70.4682];
										
											
								

kI = [0.0033,0.0193,0.0514,0.1153];
qS = [1,1,1,1];

d = [[[[7.35,9.94,3,6.6],[2.25,10.48,0.12,0.71],[0.74,4.74,4.74,5.8],[7.37,4.16,6.41,0.06],[7.85,0.32,5.68,5.21],[0.52,23.77,0.01,0.31],[2.96,5.81,3.06,2.96]],[[0.58,3.28,1.05,5.01],[0.23,0.48,3.96,4.24],[5.45,1.38,0.99,0.02],[0.02,1.76,0.45,0.3],[2.83,0.22,0.01,2.64],[4.45,0.61,0.56,1.34],[3.73,0.02,0.01,1.81]],[[1.11,0,0.08,0.03],[0.04,0,0.03,1.53],[0.41,0.01,0.95,0],[0.42,0,0,0],[0.7,0.03,0,0.08],[0,0,5.77,0.29],[0.8,0,0.53,0]],[[1.73,3.01,0,0.5],[0,0.06,0,0],[0,2.14,0.05,0],[0,0.01,0.17,0],[0,4.82,0.01,0],[0,3.52,6.3,5.07],[0.29,0,0,0.03]],[[0.13,0.02,0,1.38],[0.35,0.77,1.22,2.16],[0.72,6.11,3.52,0.08],[0.32,0.01,1.11,10.6],[0.02,0,0,0],[0,0,0.03,2.13],[2.13,0.02,0,0]],[[0.36,0.92,0,3.9],[0.01,2.79,0.85,0.01],[0.29,0.02,1.72,0.04],[0.9,0.33,0.95,4.48],[0.48,0.97,0.07,0.19],[9.36,0,1.32,0],[0.34,0.09,17.32,0.01]],[[1.71,0.23,0.01,0.02],[0.82,0,1.27,4.32],[0,4.87,0.23,0],[0,4.05,0,0.02],[1.85,0,0.05,3.07],[0.36,0.36,1.24,14.55],[0,0.1,0.03,0.09]],[[0.78,0.01,0,1.88],[0,0,0,0],[0,0.07,0.01,0.27],[3.94,0,0.03,0],[0.81,0.52,0.04,0.01],[0,0.01,0.81,0],[0,2.15,2.5,0]],[[0.06,3.96,0.71,2.76],[3.28,2.93,1.43,0.18],[0.99,0,13.12,1.98],[0.06,0.35,0.11,0.46],[0.08,0.34,2.35,0],[0,16.93,0.12,0.44],[0,2.69,1.49,0.01]],[[0.19,0,0,0],[0,0,0.43,0],[0,0,0.86,0],[0,0,0,0],[0,0,0,0],[0,0,0,0],[0,0,0,0]]],[[[1.13,5.51,8.73,7.35],[3.57,9.18,1.74,5.7],[19.3,5.24,0.68,7.35],[3.83,1.13,12.37,6.96],[4.65,0.69,25.23,0.08],[1.26,5.1,0.16,13.59],[10.3,0.94,8.81,13.59]],[[0.01,2.42,0.01,0.06],[4.24,0.48,0.27,0.51],[0,0.16,9.96,3.28],[1.66,5.11,0.02,0.1],[0.03,0.16,2.47,5.21],[0,0,4.45,0.1],[0.02,1.96,0.02,0.37]],[[0.01,0,0.41,0],[0,0,0.45,0],[0.01,0,0,0.01],[0.23,2.07,0,0],[0,0.36,0,0],[0,0.53,0,0],[0.08,0,0,0]],[[0.01,0.67,0.28,0],[0.39,0.35,0.55,0.07],[0,2.67,2.14,0.28],[0,0,1,0.05],[0,0.67,0.6,0.6],[0,2.99,0.04,0.25],[0,0.01,0,0]],[[0.1,0.04,0,0.01],[0.9,0.03,2.36,0.06],[0.06,0.04,1.08,0],[0,0.46,0.85,0],[0,0,0.09,0],[0,1.17,0.06,0.15],[0.22,0,0.02,0.02]],[[4.43,0.25,2.35,0.16],[4.11,0.81,0,0.18],[0.01,2.76,2.35,0.41],[2.57,0.71,0.35,0.46],[0.29,0.39,0.71,1.98],[6.59,0.01,0.06,0.05],[17.32,0,0.02,3.89]],[[0,0.05,0.1,0.01],[0.19,0.48,0.37,2.46],[0.04,0.5,1.83,0],[0,2.07,0,0],[0.01,0,0.85,0.19],[0.02,0,0.01,0],[0.17,0.01,2,0]],[[0.04,0,0,0],[0,0,0.03,0],[0,2.96,0,0.2],[1.33,0.72,0,0],[0.02,0,0,2.02],[0,0.93,0.15,0.03],[11.73,0.27,0.06,1.86]],[[0.03,0.71,6.24,0.71],[2.63,0.69,0.38,0.01],[0.1,0.05,3.09,0.79],[0.15,2.28,0.02,0.01],[0.12,0.31,0.14,0],[0.61,1.39,0,0.14],[6.32,0.61,0,0.01]],[[0,0,0,0],[0,0.06,0,0],[0,0,0,0],[0,0.81,0,0],[0,0,0,0],[0,0,0,0],[0,0,0,0]]]];

