Omegamax = 5;
Produkte = 4;
v = [2,2,1,1];
KS = 132.8;

KH	=	9;								
							
											
kS = [[1000,	100.3154,	67.9336,	78.6797,	66.2313,	39.1673,	15.8027,	29.5922,	86.2152,	73.4044],
[100.3154,	1000,	74.3155,	63.6129,	52.5148,	75.8219,	84.5888,	108.1348,	29.2909,	64.5159],
[67.9336,	74.3155,	1000,	15.2169,	22.6999,	29.2509,	57.317,	53.6605,	45.899,	11.1019],
[78.6797,	63.6129,	15.2169,	1000,	18.5917,	39.5901,	66.206,	67.7875,	34.3532,	5.3364],
[66.2313,	52.5148,	22.6999,	18.5917,	1000,	29.6067,	52.0814,	62.0716,	25.8883,	15.7955],
[39.1673,	75.8219,	29.2509,	39.5901,	29.6067,	1000,	28.1405,	33.0635,	53.8425,	34.2857],
[15.8027,	84.5888,	57.317,	66.206,	52.0814,	28.1405,	1000,	34.0634,	70.7486,	61.0963],
[29.5922,	108.1348,	53.6605,	67.7875,	62.0716,	33.0635,	34.0634,	1000,	86.8817,	62.6072],
[86.2152,	29.2909,	45.899,	34.3532,	25.8883,	53.8425,	70.7486,	86.8817,	1000,	35.5839],
[73.4044,	64.5159,	11.1019,	5.3364,	15.7955,	34.2857,	61.0963,	62.6072,	35.5839,	1000]];
									
kem = [336,	96.3028,	65.2162,	75.5325,	63.582,	37.6006,	15.1706,	28.4085,	82.7666,	70.4682];
										
											
								

kI = [0.0033,0.0193,0.0514,0.1153];
qS = [1,1,1,1];

d = [[[[7.35,8.73,8.73,2.34],[2.25,1.74,7.72,9.47],[0.74,0.68,1.61,4.06],[7.37,12.37,1.75,4.28],[7.85,25.23,0.22,0.64],[0.52,0.16,7.63,2.45],[2.96,8.81,10.74,0.43]],[[0.58,0.01,0,0.26],[0.23,0.27,0.13,0.09],[5.45,9.96,0.83,0.09],[0.02,0.02,1.31,0],[2.83,2.47,0.36,2.03],[4.45,4.45,0.08,0.09],[3.73,0.02,5.4,0.01]],[[1.11,0.41,0,0],[0.04,0.45,0.14,0],[0.41,0,0,0],[0.42,0,0,0],[0.7,0,0.07,0],[0,0,0,0],[0.8,0,0,0]],[[1.73,0.28,0,0.03],[0,0.55,0,0.04],[0,2.14,4.58,0],[0,1,0.01,0],[0,0.6,7.41,0],[0,0.04,0.09,0],[0.29,0,0.64,0.22]],[[0.13,0,0,0],[0.35,2.36,0.01,0],[0.72,1.08,0.16,0.03],[0.32,0.85,0,4.6],[0.02,0.09,0,3.6],[0,0.06,0,0],[2.13,0.02,0.22,0.37]],[[0.36,2.35,4.15,0.09],[0.01,0,1.62,6.91],[0.29,2.35,0.07,0],[0.9,0.35,2.17,0.4],[0.48,0.71,1.03,0.01],[9.36,0.06,0,0.16],[0.34,0.02,9.36,0]],[[1.71,0.1,0.04,0.37],[0.82,0.37,1.2,4.32],[0,1.83,0.54,4.4],[0,0,0.18,1.78],[1.85,0.85,2.81,0.01],[0.36,0.01,0.58,0.15],[0,2,0,0.01]],[[0.78,0,1.69,0.15],[0,0.03,0.83,0.01],[0,0,6.72,0.48],[3.94,0,0,0],[0.81,0,2.98,0],[0,0.15,0,0],[0,0.06,1.86,1.22]],[[0.06,6.24,2.21,0.03],[3.28,0.38,0,0.69],[0.99,3.09,10.29,0.44],[0.06,0.02,0.19,0.07],[0.08,0.14,1.73,0.01],[0,0,2.15,0.41],[0,0,1.86,2.31]],[[0.19,0,0,0],[0,0,0,0],[0,0,0,0],[0,0,0,0],[0,0,0,0],[0,0,0,0],[0,0,0.06,0]]],[[[1.13,6.6,1.54,9.61],[3.57,0.71,0.91,1.95],[19.3,5.8,0.62,6.11],[3.83,0.06,2.52,0.58],[4.65,5.21,15.96,0.22],[1.26,0.31,7.11,1.32],[10.3,2.96,6.65,1.32]],[[0.01,5.01,0,12.76],[4.24,4.24,0.11,0.04],[0,0.02,0,0.06],[1.66,0.3,0,0],[0.03,2.64,0.48,10.98],[0,1.34,0.37,0.02],[0.02,1.81,3.15,0.02]],[[0.01,0.03,0,0],[0,1.53,1.32,0.03],[0.01,0,0,0.01],[0.23,0,0.03,0],[0,0.08,0.16,0],[0,0.29,0,0],[0.08,0,0.1,0]],[[0.01,0.5,0,0],[0.39,0,0,0],[0,0,5.46,0],[0,0,0,0.01],[0,0,0,0.02],[0,5.07,0,0],[0,0.03,0,0.14]],[[0.1,1.38,0.44,0.01],[0.9,2.16,0.07,0.52],[0.06,0.08,0,1.5],[0,10.6,0.18,0.1],[0,0,0.14,0],[0,2.13,0,0.15],[0.22,0,0,0]],[[4.43,3.9,0.78,0.59],[4.11,0.01,0.55,0.03],[0.01,0.04,0.59,0],[2.57,4.48,0.21,1.06],[0.29,0.19,6.24,1.39],[6.59,0,0.02,0],[17.32,0.01,0,0.47]],[[0,0.02,0,0.81],[0.19,4.32,0.11,0.01],[0.04,0,0.03,0.76],[0,0.02,0,0.6],[0.01,3.07,7.77,0],[0.02,14.55,10.63,0],[0.17,0.09,0,0.71]],[[0.04,1.88,0,0],[0,0,0,1.19],[0,0.27,0.01,2.62],[1.33,0,0.03,0.25],[0.02,0.01,0.02,0],[0,0,3.45,2.15],[11.73,0,4.12,0.11]],[[0.03,2.76,0.63,0.01],[2.63,0.18,1.11,4.47],[0.1,1.98,2.09,0],[0.15,0.46,1.37,0],[0.12,0,3.04,0.83],[0.61,0.44,0.03,1.03],[6.32,0.01,2.49,0]],[[0,0,0,0],[0,0,0,0],[0,0,0,0.05],[0,0,0,0],[0,0,0,0],[0,0,0,0],[0,0,0,0]]],[[[9.94,7.35,2.92,2.04],[10.48,5.7,3.57,0.78],[4.74,7.35,12.62,7.55],[4.16,6.96,3.04,3.33],[0.32,0.08,1.24,0.58],[23.77,13.59,11.22,17.48],[5.81,13.59,6.01,11.73]],[[3.28,0.06,0,0.83],[0.48,0.51,0.06,0.07],[1.38,3.28,0.01,0.01],[1.76,0.1,0.03,1.76],[0.22,5.21,0,0.33],[0.61,0.1,0.01,0.05],[0.02,0.37,0.12,0.78]],[[0,0,0,0.02],[0,0,1,0],[0.01,0.01,0,0.17],[0,0,0,0],[0.03,0,0.05,0],[0,0,0.01,0],[0,0,0,0]],[[3.01,0,0,0],[0.06,0.07,0,0.01],[2.14,0.28,0.01,0],[0.01,0.05,0.14,0.01],[4.82,0.6,0,0],[3.52,0.25,0,4.19],[0,0,0.12,1.66]],[[0.02,0.01,7.48,0.01],[0.77,0.06,0,9.58],[6.11,0,0.52,0.24],[0.01,0,0.02,0.93],[0,0,0.53,0],[0,0.15,0.41,0],[0.02,0.02,5.85,0.32]],[[0.92,0.16,0.83,9],[2.79,0.18,0.81,0.36],[0.02,0.41,0,0.36],[0.33,0.46,6.08,11.07],[0.97,1.98,0.01,11.65],[0,0.05,1.63,0.15],[0.09,3.89,0.22,0]],[[0.23,0.01,0.17,2.64],[0,2.46,0.99,0],[4.87,0,0.62,0],[4.05,0,1.33,0.05],[0,0.19,1.07,0],[0.36,0,0.64,0.02],[0.1,0,0.11,0.01]],[[0.01,0,0,0],[0,0,0.01,0.37],[0.07,0.2,0.64,0],[0,0,0,0],[0.52,2.02,0,0.03],[0.01,0.03,0,4.12],[2.15,1.86,0.27,0.05]],[[3.96,0.71,2.76,0],[2.93,0.01,0.18,3.93],[0,0.79,0.27,0.46],[0.35,0.01,0.12,0.64],[0.34,0,0.07,2.21],[16.93,0.14,16.93,0.06],[2.69,0.01,0.37,0.29]],[[0,0,0,0],[0,0,0,0],[0,0,0,0],[0,0,0.03,0],[0,0,0.13,0],[0,0,0,0],[0,0,0,0]]],[[[5.51,0.94,13.26,1.54],[9.18,12.31,2.02,16.73],[5.24,0.3,3.75,7.77],[1.13,0.4,0.12,3.73],[0.69,5.07,5.68,4.52],[5.1,1.92,6.01,1.46],[0.94,0.94,2.27,0.83]],[[2.42,12.76,0.88,4.63],[0.48,1.11,0.72,0.33],[0.16,0.93,0.03,0.19],[5.11,1.39,0.45,0.76],[0.16,0.2,0.12,3.03],[0,0.4,4.89,0.03],[1.96,0.06,0,0.02]],[[0,0.04,0,0],[0,2.49,0,0.03],[0,0.17,0,0.71],[2.07,0,0.05,0],[0.36,0,0,0],[0.53,0,1.52,0],[0,2.42,0.01,0]],[[0.67,0.05,0.06,0],[0.35,0.01,0.05,0.02],[2.67,0.06,0.03,0.46],[0,0.01,0,0.06],[0.67,0,1.83,0.01],[2.99,0,5.07,0],[0.01,0,0,0]],[[0.04,1.95,0,0],[0.03,0,0.27,0.07],[0.04,0.02,0.01,0.04],[0.46,1.91,0,0.02],[0,0.71,2.54,0.01],[1.17,0,0,0],[0,0,0.02,0.17]],[[0.25,0.13,4.15,0.49],[0.81,0.85,0.01,1.78],[2.76,4.74,0.02,9],[0.71,0.12,1.06,1.33],[0.39,0.04,1.16,3.67],[0.01,1.74,0.01,0],[0,0,0,0]],[[0.05,0.2,5.45,0.02],[0.48,0,0.3,0],[0.5,0.76,0,0.08],[2.07,0,0,0.3],[0,0.01,0.19,0],[0,0.14,0,2.69],[0.01,0.58,3.32,0]],[[0,6.72,0,0],[0,0,0.08,2.11],[2.96,0,0,0],[0.72,2.32,0,0.12],[0,0,0,0],[0.93,0,0.02,0],[0.27,2.15,0.1,1.22]],[[0.71,6.88,0.12,0.09],[0.69,0.52,0,0.58],[0.05,0.01,0.01,0.01],[2.28,0,0.4,0.02],[0.31,0.12,0,0],[1.39,0.06,0,0.01],[0.61,5.19,0.01,0]],[[0,0,0,0],[0.06,0,0,0],[0,0,0,0],[0.81,0.81,0,0],[0,0.13,0,0],[0,0,0,0],[0,0,0,0]]],[[[3,0.68,2.75,2.42],[0.12,6.29,8.39,0.91],[4.74,0.55,3.65,2.67],[6.41,0.58,7.37,4.05],[5.68,6.56,11.14,11.62],[0.01,5.1,9.89,5.1],[3.06,0.03,11.73,0.48]],[[1.05,0.09,0.06,0.3],[3.96,1.05,0.03,0],[0.99,9.96,0,0],[0.45,1.98,0.76,0.01],[0.01,0.24,0.05,4.06],[0.56,0.48,0.72,1.56],[0.01,0.61,0,0.06]],[[0.08,0,0,0],[0.03,0.08,0,0.01],[0.95,0,0,0],[0,0,0.03,0],[0,0.03,0,0.01],[5.77,0.03,0,0.03],[0.53,0.1,0,0]],[[0,0.06,0,0],[0,0.05,0.02,0.27],[0.05,0.02,0,0.61],[0.17,0,0.55,0.5],[0.01,0.48,0,2.34],[6.3,0,2.99,0],[0,0.84,0.04,0]],[[0,0.12,0.37,0],[1.22,1.43,0.01,1.82],[3.52,0.34,0.02,0.02],[1.11,0.6,0.1,0],[0,0,0.48,0],[0.03,0.04,0.66,0],[0,0,1.48,0.66]],[[0,1.03,0.56,0.29],[0.85,5.37,0.15,0],[1.72,5.93,2.62,1.72],[0.95,11.07,0.43,3.45],[0.07,0.09,0,1.87],[1.32,0.51,4.98,0.86],[17.32,0.01,0.15,0]],[[0.01,1.97,0.76,0.18],[1.27,0,0.63,10.77],[0.23,0.01,2.27,1.6],[0,0.35,0.01,0],[0.05,0.35,0,0.32],[1.24,0.44,0,0],[0.03,0.09,0,1.24]],[[0,0.01,0.22,0.27],[0,0.08,0,0],[0.01,0.1,2.09,0.13],[0.03,4.63,0,0.53],[0.04,0,0,0.01],[0.81,0.01,0.27,2.15],[2.5,0,0,0.01]],[[0.71,0.1,6.24,0.12],[1.43,3.1,1.17,0],[13.12,0.06,0.13,0.12],[0.11,0.24,0.3,4.6],[2.35,0.45,2.21,4.66],[0.12,0.44,0,0.01],[1.49,2.69,0,0.07]],[[0,0,0,0],[0.43,0,0,0.11],[0.86,0,0,0.09],[0,0,0,0],[0,0,0,0],[0,2.04,0,0],[0,0,0,0]]]];

