Omegamax = 4;
Produkte = 2;
v = [2,2];
KS = 117;

KH	=	9;								
							
											
kS = [[1000,	61.0982,	135.3811,	125.4204,	136.6548,	117.0763,	56.9162,	31.051,	62.8976,	111.512],
[61.0982,	1000,	93.9225,	90.9353,	148.5481,	121.9531,	18.7415,	88.1098,	108.0461,	125.9754],
[135.3811,	93.9225,	1000,	17.3325,	119.2363,	93.723,	83.6537,	147.5133,	143.5935,	110.1599],
[125.4204,	90.9353,	17.3325,	1000,	102.3983,	76.5169,	77.8317,	134.7515,	128.243,	92.8303],
[136.6548,	148.5481,	119.2363,	102.3983,	1000,	28.1437,	129.8136,	121.5764,	90.0895,	25.1435],
[117.0763,	121.9531,	93.723,	76.5169,	28.1437,	1000,	103.2318,	107.2947,	81.5113,	18.9332],
[56.9162,	18.7415,	83.6537,	77.8317,	129.8136,	103.2318,	1000,	79.282,	94.1049,	107.3586],
[31.051,	88.1098,	147.5133,	134.7515,	121.5764,	107.2947,	79.282,	1000,	36.2807,	97.1766],
[62.8976,	108.0461,	143.5935,	128.243,	90.0895,	81.5113,	94.1049,	36.2807,	1000,	67.5128],
[111.512,	125.9754,	110.1599,	92.8303,	25.1435,	18.9332,	107.3586,	97.1766,	67.5128,	1000]];
									
kem = [336,	58.6543,	129.9659,	120.4035,	131.1886,	112.3933,	54.6396,	29.8089,	60.3817,	107.0515];
											
											
								

kI = [0.0033,0.0193];
qS = [1,1];

d = [[[[7.35,3],[2.25,0.12],[0.74,4.74],[7.37,6.41],[7.85,5.68],[0.52,0.01],[2.96,3.06]],[[0.58,1.05],[0.23,3.96],[5.45,0.99],[0.02,0.45],[2.83,0.01],[4.45,0.56],[3.73,0.01]],[[1.11,0.08],[0.04,0.03],[0.41,0.95],[0.42,0],[0.7,0],[0,5.77],[0.8,0.53]],[[1.73,0],[0,0],[0,0.05],[0,0.17],[0,0.01],[0,6.3],[0.29,0]],[[0.13,0],[0.35,1.22],[0.72,3.52],[0.32,1.11],[0.02,0],[0,0.03],[2.13,0]],[[0.36,0],[0.01,0.85],[0.29,1.72],[0.9,0.95],[0.48,0.07],[9.36,1.32],[0.34,17.32]],[[1.71,0.01],[0.82,1.27],[0,0.23],[0,0],[1.85,0.05],[0.36,1.24],[0,0.03]],[[0.78,0],[0,0],[0,0.01],[3.94,0.03],[0.81,0.04],[0,0.81],[0,2.5]],[[0.06,0.71],[3.28,1.43],[0.99,13.12],[0.06,0.11],[0.08,2.35],[0,0.12],[0,1.49]],[[0.19,0],[0,0.43],[0,0.86],[0,0],[0,0],[0,0],[0,0]]],[[[1.13,8.73],[3.57,1.74],[19.3,0.68],[3.83,12.37],[4.65,25.23],[1.26,0.16],[10.3,8.81]],[[0.01,0.01],[4.24,0.27],[0,9.96],[1.66,0.02],[0.03,2.47],[0,4.45],[0.02,0.02]],[[0.01,0.41],[0,0.45],[0.01,0],[0.23,0],[0,0],[0,0],[0.08,0]],[[0.01,0.28],[0.39,0.55],[0,2.14],[0,1],[0,0.6],[0,0.04],[0,0]],[[0.1,0],[0.9,2.36],[0.06,1.08],[0,0.85],[0,0.09],[0,0.06],[0.22,0.02]],[[4.43,2.35],[4.11,0],[0.01,2.35],[2.57,0.35],[0.29,0.71],[6.59,0.06],[17.32,0.02]],[[0,0.1],[0.19,0.37],[0.04,1.83],[0,0],[0.01,0.85],[0.02,0.01],[0.17,2]],[[0.04,0],[0,0.03],[0,0],[1.33,0],[0.02,0],[0,0.15],[11.73,0.06]],[[0.03,6.24],[2.63,0.38],[0.1,3.09],[0.15,0.02],[0.12,0.14],[0.61,0],[6.32,0]],[[0,0],[0,0],[0,0],[0,0],[0,0],[0,0],[0,0]]],[[[9.94,6.6],[10.48,0.71],[4.74,5.8],[4.16,0.06],[0.32,5.21],[23.77,0.31],[5.81,2.96]],[[3.28,5.01],[0.48,4.24],[1.38,0.02],[1.76,0.3],[0.22,2.64],[0.61,1.34],[0.02,1.81]],[[0,0.03],[0,1.53],[0.01,0],[0,0],[0.03,0.08],[0,0.29],[0,0]],[[3.01,0.5],[0.06,0],[2.14,0],[0.01,0],[4.82,0],[3.52,5.07],[0,0.03]],[[0.02,1.38],[0.77,2.16],[6.11,0.08],[0.01,10.6],[0,0],[0,2.13],[0.02,0]],[[0.92,3.9],[2.79,0.01],[0.02,0.04],[0.33,4.48],[0.97,0.19],[0,0],[0.09,0.01]],[[0.23,0.02],[0,4.32],[4.87,0],[4.05,0.02],[0,3.07],[0.36,14.55],[0.1,0.09]],[[0.01,1.88],[0,0],[0.07,0.27],[0,0],[0.52,0.01],[0.01,0],[2.15,0]],[[3.96,2.76],[2.93,0.18],[0,1.98],[0.35,0.46],[0.34,0],[16.93,0.44],[2.69,0.01]],[[0,0],[0,0],[0,0],[0,0],[0,0],[0,0],[0,0]]],[[[5.51,7.35],[9.18,5.7],[5.24,7.35],[1.13,6.96],[0.69,0.08],[5.1,13.59],[0.94,13.59]],[[2.42,0.06],[0.48,0.51],[0.16,3.28],[5.11,0.1],[0.16,5.21],[0,0.1],[1.96,0.37]],[[0,0],[0,0],[0,0.01],[2.07,0],[0.36,0],[0.53,0],[0,0]],[[0.67,0],[0.35,0.07],[2.67,0.28],[0,0.05],[0.67,0.6],[2.99,0.25],[0.01,0]],[[0.04,0.01],[0.03,0.06],[0.04,0],[0.46,0],[0,0],[1.17,0.15],[0,0.02]],[[0.25,0.16],[0.81,0.18],[2.76,0.41],[0.71,0.46],[0.39,1.98],[0.01,0.05],[0,3.89]],[[0.05,0.01],[0.48,2.46],[0.5,0],[2.07,0],[0,0.19],[0,0],[0.01,0]],[[0,0],[0,0],[2.96,0.2],[0.72,0],[0,2.02],[0.93,0.03],[0.27,1.86]],[[0.71,0.71],[0.69,0.01],[0.05,0.79],[2.28,0.01],[0.31,0],[1.39,0.14],[0.61,0.01]],[[0,0],[0.06,0],[0,0],[0.81,0],[0,0],[0,0],[0,0]]]];

