Omegamax = 2;
Produkte = 2;
v = [2,2];
KS = 117;

KH	=	9;								
							
											
kS	=	[[1000,	38.3697,	57.8946,	30.1217,	18.8233,	28.0246,	94.1813,	31.1978,	82.6637,	6.6888],
[38.3697,	1000,	42.0865,	66.0012,	40.6863,	52.9436,	57.2311,	32.8856,	120.1414,	34.9844],		
[57.8946,	42.0865,	1000,	87.3048,	44.2297,	83.5652,	80.965,	71.1879,	121.4214,	51.2905],		
[30.1217,	66.0012,	87.3048,	1000,	44.2753,	21.9064,	117.9197,	44.6716,	65.5233,	36.336],		
[18.8233,	40.6863,	44.2297,	44.2753,	1000,	46.7413,	97.7309,	46.9758,	82.1338,	13.2944],		
[28.0246,	52.9436,	83.5652,	21.9064,	46.7413,	1000,	99.4712,	24.9261,	87.4116,	34.3822],		
[94.1813,	57.2311,	80.965,	117.9197,	97.7309,	99.4712,	1000,	74.549,	176.7898,	91.8054],		
[31.1978,	32.8856,	71.1879,	44.6716,	46.9758,	24.9261,	74.549,	1000,	108.3524,	34.1155],		
[82.6637,	120.1414,	121.4214,	65.5233,	82.1338,	87.4116,	176.7898,	108.3524,	1000,	85.1678],		
[6.6888,	34.9844,	51.2905,	36.336,	13.2944,	34.3822,	91.8054,	34.1155,	85.1678,	1000]];		
											
kem	=	[336,	36.8349,	55.5788,	28.9168,	18.0703,	26.9037,	90.414,	29.9499,	79.3572,	6.4213];
											
											
								

kI = [0.0033,0.0193];
qS = [1,1];

d = [[[[9.94,3.55],[1.32,7.72],[5.8,7.99],[18.02,0.46],[1.51,1.8],[1.69,0.35],[0.2,0.43]],[[0.99,0.09],[0,0.37],[0,0.16],[0.03,6.13],[3.03,2.83],[0.01,16.47],[3.73,0.16]],[[0,0],[2.1,0.05],[0,3.06],[0,0],[1.17,0],[0,0],[0,5.77]],[[0.03,0],[0.03,0.32],[0.02,0],[0,1.23],[0.54,0],[0,0],[0,4.19]],[[0.01,0],[3.48,1.68],[0.47,0],[0.02,0.05],[0.03,0.02],[0.02,0],[0,0]],[[0.38,0.49],[2.65,0.41],[0,0.05],[0,4.81],[1.76,11.65],[0.01,8.22],[0,0.2]],[[2.64,0.02],[0.2,0],[2.64,0],[0,0],[0.38,0.41],[0,0.08],[0,2]],[[0.36,0.01],[0.28,0.07],[0.13,1.53],[0,0.58],[0.37,0],[0,0.2],[0.03,0]],[[0,0.05],[0.01,0.28],[1.23,0.02],[0.19,0.05],[0,0.29],[0.01,0.18],[0.05,0.02]],[[0,0],[0,0],[0.05,0],[0,0],[0,0],[0,0],[0,0]]],[[[14.87,2.92],[7.72,1.53],[0.01,3.27],[2.36,9.12],[1.51,25.23],[2.45,0.72],[6.88,1]],[[0.07,0.83],[8.12,1.6],[0.35,0.01],[0,2.1],[3.25,0.63],[0.12,1.81],[0.11,0]],[[1.5,0.08],[0,0.06],[0.41,7.3],[0.23,0],[0,0],[0,0.08],[0.01,0.03]],[[0.42,0],[0.01,0],[0.02,3.93],[0,0],[0,0.31],[1.44,0.02],[0.22,0]],[[4.5,0],[1.43,0.07],[0.24,0],[0.12,2.56],[0,0.4],[0.02,0],[0.93,7.14]],[[0.06,0.22],[0.41,0.12],[0.66,0.74],[0.56,0.75],[0,0.15],[0.8,0.74],[0.01,0.1]],[[0.13,0.58],[0,0],[1.83,0.5],[0.51,0.02],[0,0.35],[0.24,0.14],[0.48,5.33]],[[1.03,0],[0.69,0],[0,0],[2.97,0.01],[0,0],[2.92,0.41],[0.05,0]],[[0.36,0.06],[0.03,0.08],[0,5.27],[1.09,2.03],[0.02,0.21],[0,0],[4.74,0]],[[0.01,0],[0,0],[0.01,0],[0,0],[0,0],[0,0],[0,0]]]];

