Omegamax = 6;
Produkte = 2;
v = [2,2];
KS = 117;

KH	=	9;								
							
											
kS = [[1000,	100.3154,	67.9336,	78.6797,	66.2313,	39.1673,	15.8027,	29.5922,	86.2152,	73.4044],
[100.3154,	1000,	74.3155,	63.6129,	52.5148,	75.8219,	84.5888,	108.1348,	29.2909,	64.5159],
[67.9336,	74.3155,	1000,	15.2169,	22.6999,	29.2509,	57.317,	53.6605,	45.899,	11.1019],
[78.6797,	63.6129,	15.2169,	1000,	18.5917,	39.5901,	66.206,	67.7875,	34.3532,	5.3364],
[66.2313,	52.5148,	22.6999,	18.5917,	1000,	29.6067,	52.0814,	62.0716,	25.8883,	15.7955],
[39.1673,	75.8219,	29.2509,	39.5901,	29.6067,	1000,	28.1405,	33.0635,	53.8425,	34.2857],
[15.8027,	84.5888,	57.317,	66.206,	52.0814,	28.1405,	1000,	34.0634,	70.7486,	61.0963],
[29.5922,	108.1348,	53.6605,	67.7875,	62.0716,	33.0635,	34.0634,	1000,	86.8817,	62.6072],
[86.2152,	29.2909,	45.899,	34.3532,	25.8883,	53.8425,	70.7486,	86.8817,	1000,	35.5839],
[73.4044,	64.5159,	11.1019,	5.3364,	15.7955,	34.2857,	61.0963,	62.6072,	35.5839,	1000]];
									
kem = [336,	96.3028,	65.2162,	75.5325,	63.582,	37.6006,	15.1706,	28.4085,	82.7666,	70.4682];
										
											
								

kI = [0.0033,0.0193];
qS = [1,1];

d = [[[[9.94,5.95],[1.32,3.3],[5.8,1.4],[18.02,3.52],[1.51,5.84],[1.69,0.16],[0.2,5.63]],[[0.99,0.03],[0,0.37],[0,0.7],[0.03,0],[3.03,6.31],[0.01,0.04],[3.73,0]],[[0,0],[2.1,4.84],[0,0],[0,0.57],[1.17,0.11],[0,0.8],[0,0]],[[0.03,0.31],[0.03,5.29],[0.02,0],[0,0.91],[0.54,0.28],[0,0],[0,1.66]],[[0.01,4.5],[3.48,0],[0.47,0],[0.02,1.91],[0.03,4.09],[0.02,0],[0,0]],[[0.38,10.57],[2.65,5.8],[0,0],[0,3.67],[1.76,11.65],[0.01,0.1],[0,0.07]],[[2.64,2.85],[0.2,10.77],[2.64,0.4],[0,0.12],[0.38,0.17],[0,0],[0,0]],[[0.36,1.88],[0.28,2.11],[0.13,0],[0,3.4],[0.37,0.01],[0,0.01],[0.03,0.04]],[[0,13.12],[0.01,1.93],[1.23,10.29],[0.19,0.81],[0,2.51],[0.01,10.56],[0.05,0.02]],[[0,0],[0,0],[0.05,0],[0,0],[0,0],[0,0],[0,0]]],[[[14.87,19.3],[7.72,2.4],[0.01,9.94],[2.36,5.3],[1.51,0.53],[2.45,0.2],[6.88,0.13]],[[0.07,0.16],[8.12,4.24],[0.35,1.11],[0,0.04],[3.25,9.18],[0.12,0.48],[0.11,0]],[[1.5,0],[0,0],[0.41,0],[0.23,0],[0,0.99],[0,0.65],[0.01,1.91]],[[0.42,0.1],[0.01,8.86],[0.02,0.03],[0,0.55],[0,0],[1.44,0.02],[0.22,0]],[[4.5,0],[1.43,0],[0.24,0],[0.12,0.01],[0,0],[0.02,0],[0.93,0]],[[0.06,0.31],[0.41,1.4],[0.66,0.49],[0.56,0.15],[0,8.55],[0.8,0],[0.01,0.04]],[[0.13,0.35],[0,0.82],[1.83,1.83],[0.51,0.02],[0,0.29],[0.24,0.71],[0.48,0.06]],[[1.03,0.44],[0.69,1.08],[0,0],[2.97,0.12],[0,0.01],[2.92,0.05],[0.05,0.31]],[[0.36,1.44],[0.03,0.38],[0,1.1],[1.09,1.22],[0.02,0.01],[0,0.02],[4.74,0.44]],[[0.01,0],[0,0.03],[0.01,0],[0,0],[0,0],[0,0],[0,0]]],[[[3.55,3.46],[7.72,0.98],[7.99,17.33],[0.46,1.4],[1.8,5.68],[0.35,2.45],[0.43,0.39]],[[0.09,0.35],[0.37,0],[0.16,0.55],[6.13,0.03],[2.83,0.77],[16.47,0],[0.16,0.78]],[[0,0],[0.05,0],[3.06,0.04],[0,0],[0,0],[0,0.29],[5.77,0]],[[0,0.01],[0.32,0.51],[0,0],[1.23,0.01],[0,0],[0,1.91],[4.19,0]],[[0,0],[1.68,0.01],[0,0],[0.05,0],[0.02,0.03],[0,0],[0,0]],[[0.49,0.01],[0.41,0],[0.05,0.29],[4.81,0.71],[11.65,0],[8.22,0.74],[0.2,0.01]],[[0.02,1.49],[0,0.09],[0,1],[0,0.02],[0.41,0.01],[0.08,0],[2,0]],[[0.01,0],[0.07,0],[1.53,0.05],[0.58,0],[0,0.07],[0.2,0],[0,0.81]],[[0.05,0.02],[0.28,0.38],[0.02,0.01],[0.05,0],[0.29,0.27],[0.18,0],[0.02,0.01]],[[0,0],[0,0],[0,2.14],[0,0],[0,0],[0,0],[0,0]]],[[[2.92,9.3],[1.53,10.48],[3.27,1.2],[9.12,0.4],[25.23,6.37],[0.72,0.67],[1,4.46]],[[0.83,0.26],[1.6,1.17],[0.01,2.89],[2.1,4.35],[0.63,0],[1.81,0.18],[0,1.56]],[[0.08,0.06],[0.06,0],[7.3,0],[0,0],[0,0],[0.08,0.01],[0.03,0]],[[0,0],[0,1.95],[3.93,0.19],[0,0],[0.31,0.11],[0.02,3.52],[0,0]],[[0,0.31],[0.07,0],[0,0],[2.56,0],[0.4,0],[0,0],[7.14,0.29]],[[0.22,0],[0.12,4.67],[0.74,7.93],[0.75,1.12],[0.15,0.07],[0.74,0],[0.1,0.31]],[[0.58,0.04],[0,0.01],[0.5,3.65],[0.02,2.41],[0.35,0],[0.14,1.24],[5.33,4.16]],[[0,0.05],[0,1.08],[0,0],[0.01,0.01],[0,0.08],[0.41,0],[0,4.99]],[[0.06,0.05],[0.08,3.48],[5.27,1.52],[2.03,0.16],[0.21,1.13],[0,0.15],[0,6.32]],[[0,0],[0,0],[0,0],[0,0.03],[0,0],[0,0],[0,0]]],[[[4.62,0.55],[6.95,14.42],[8.73,1.54],[3.33,5.6],[21.14,0.93],[1.69,3.29],[2.96,4.04]],[[0.16,1.38],[1.05,0.15],[0,0.13],[0.07,0],[4.4,0.16],[0,0],[6.7,1.24]],[[0.03,0],[0.02,0],[0.08,0],[0,0.36],[0,0.11],[0.23,0],[0,0.23]],[[0,4.58],[0.18,0.06],[0,0],[0,1.52],[0.43,0],[5.07,0],[0.04,8.19]],[[0.02,0],[0.04,0.15],[0.28,0.26],[0,2.85],[0.44,0],[0,1.88],[0.09,0.1]],[[0.66,2.62],[3.45,0.81],[0,0.01],[0.04,0.67],[0.01,0.19],[0,0.24],[3.33,1.41]],[[0,0.93],[1.76,0.2],[0.01,0],[0.32,0.02],[0,2.18],[0.04,0],[0,0.09]],[[0,0.01],[0,0],[0,0],[0.35,0],[0,0],[0,0],[0.31,0.08]],[[0,2.21],[0.03,0.41],[8.74,0],[1.09,0.01],[0.6,1.2],[1.03,0.01],[16.93,1.86]],[[0,0],[0.06,0],[0,0.86],[0,0],[0,0],[0,0],[0,0]]],[[[2.34,1.07],[2.63,1.25],[17.33,5.65],[1.53,1.6],[0.22,0.17],[0.35,9.51],[23.77,1]],[[0,0.55],[5.82,0],[0.93,0],[5.58,1.31],[0.13,0.08],[0.98,0],[5.99,0.05]],[[1.5,0.01],[0.01,0.1],[0,0],[0,0],[0.59,0],[0,0],[0.65,0]],[[0,0.97],[0.66,1.61],[0,0.01],[0.17,0.09],[0,0.02],[0,0],[2.56,0]],[[0.01,0],[0.14,0.52],[0,1.38],[1.91,0.09],[1.85,1.03],[0.46,4.19],[0.04,0.01]],[[1.56,4.43],[0,0.05],[0.63,10.57],[2.06,1.95],[0.76,5.27],[17.32,0.16],[0,0.05]],[[0,0],[0.22,0],[0,0.02],[0.01,0.32],[0,2.18],[6.13,0],[0.15,0]],[[0,0],[0,1.19],[0.07,0],[1.48,0.15],[0.29,0],[0,0],[0,0]],[[4.88,8.74],[1.75,4.47],[0,1.37],[0.07,0.4],[0,0.03],[0.61,0],[0,12.79]],[[0,0.01],[0.9,0],[0,0],[0,0],[0,0],[0.01,0],[0,0]]]];

