Omegamax = 4;
Produkte = 2;
v = [2,2];
KS = 117;

KH	=	9;								
							
											
kS = [[1000,	57.2372,	67.818,	71.0382,	113.7826,	113.8788,	58.1284,	11.8263,	18.415,	123.4198],
[57.2372,	1000,	46.2746,	90.4893,	109.4487,	63.9478,	85.5736,	67.1704,	61.1488,	79.4736],
[67.818,	46.2746,	1000,	55.0772,	63.2108,	56.2776,	57.2214,	71.1569,	58.0168,	58.8204],
[71.0382,	90.4893,	55.0772,	1000,	51.2275,	109.1766,	14.9386,	64.9797,	52.6937,	105.6924],
[113.7826,	109.4487,	63.2108,	51.2275,	1000,	95.8549,	65.6871,	110.9154,	97.0091,	82.8634],
[113.8788,	63.9478,	56.2776,	109.1766,	95.8549,	1000,	113.2514,	120.7053,	109.6557,	21.205],
[58.1284,	85.5736,	57.2214,	14.9386,	65.6871,	113.2514,	1000,	51.0286,	39.7368,	112.4334],
[11.8263,	67.1704,	71.1569,	64.9797,	110.9154,	120.7053,	51.0286,	1000,	14.2461,	128.6299],
[18.415,	61.1488,	58.0168,	52.6937,	97.0091,	109.6557,	39.7368,	14.2461,	1000,	116.2309],
[123.4198,	79.4736,	58.8204,	105.6924,	82.8634,	21.205,	112.4334,	128.6299,	116.2309,	1000]];
									
kem = [336,	54.9478,	65.1053,	68.1967,	109.2313,	109.3237,	55.8032,	11.3532,	17.6784,	118.4831];
											
											
								

kI = [0.0033,0.0193];
qS = [1,1];

d = [[[[9.94,4.62],[1.32,6.95],[5.8,8.73],[18.02,3.33],[1.51,21.14],[1.69,1.69],[0.2,2.96]],[[0.99,0.16],[0,1.05],[0,0],[0.03,0.07],[3.03,4.4],[0.01,0],[3.73,6.7]],[[0,0.03],[2.1,0.02],[0,0.08],[0,0],[1.17,0],[0,0.23],[0,0]],[[0.03,0],[0.03,0.18],[0.02,0],[0,0],[0.54,0.43],[0,5.07],[0,0.04]],[[0.01,0.02],[3.48,0.04],[0.47,0.28],[0.02,0],[0.03,0.44],[0.02,0],[0,0.09]],[[0.38,0.66],[2.65,3.45],[0,0],[0,0.04],[1.76,0.01],[0.01,0],[0,3.33]],[[2.64,0],[0.2,1.76],[2.64,0.01],[0,0.32],[0.38,0],[0,0.04],[0,0]],[[0.36,0],[0.28,0],[0.13,0],[0,0.35],[0.37,0],[0,0],[0.03,0.31]],[[0,0],[0.01,0.03],[1.23,8.74],[0.19,1.09],[0,0.6],[0.01,1.03],[0.05,16.93]],[[0,0],[0,0.06],[0.05,0],[0,0],[0,0],[0,0],[0,0]]],[[[14.87,2.34],[7.72,2.63],[0.01,17.33],[2.36,1.53],[1.51,0.22],[2.45,0.35],[6.88,23.77]],[[0.07,0],[8.12,5.82],[0.35,0.93],[0,5.58],[3.25,0.13],[0.12,0.98],[0.11,5.99]],[[1.5,1.5],[0,0.01],[0.41,0],[0.23,0],[0,0.59],[0,0],[0.01,0.65]],[[0.42,0],[0.01,0.66],[0.02,0],[0,0.17],[0,0],[1.44,0],[0.22,2.56]],[[4.5,0.01],[1.43,0.14],[0.24,0],[0.12,1.91],[0,1.85],[0.02,0.46],[0.93,0.04]],[[0.06,1.56],[0.41,0],[0.66,0.63],[0.56,2.06],[0,0.76],[0.8,17.32],[0.01,0]],[[0.13,0],[0,0.22],[1.83,0],[0.51,0.01],[0,0],[0.24,6.13],[0.48,0.15]],[[1.03,0],[0.69,0],[0,0.07],[2.97,1.48],[0,0.29],[2.92,0],[0.05,0]],[[0.36,4.88],[0.03,1.75],[0,0],[1.09,0.07],[0.02,0],[0,0.61],[4.74,0]],[[0.01,0],[0,0.9],[0.01,0],[0,0],[0,0],[0,0.01],[0,0]]],[[[3.55,5.95],[7.72,3.3],[7.99,1.4],[0.46,3.52],[1.8,5.84],[0.35,0.16],[0.43,5.63]],[[0.09,0.03],[0.37,0.37],[0.16,0.7],[6.13,0],[2.83,6.31],[16.47,0.04],[0.16,0]],[[0,0],[0.05,4.84],[3.06,0],[0,0.57],[0,0.11],[0,0.8],[5.77,0]],[[0,0.31],[0.32,5.29],[0,0],[1.23,0.91],[0,0.28],[0,0],[4.19,1.66]],[[0,4.5],[1.68,0],[0,0],[0.05,1.91],[0.02,4.09],[0,0],[0,0]],[[0.49,10.57],[0.41,5.8],[0.05,0],[4.81,3.67],[11.65,11.65],[8.22,0.1],[0.2,0.07]],[[0.02,2.85],[0,10.77],[0,0.4],[0,0.12],[0.41,0.17],[0.08,0],[2,0]],[[0.01,1.88],[0.07,2.11],[1.53,0],[0.58,3.4],[0,0.01],[0.2,0.01],[0,0.04]],[[0.05,13.12],[0.28,1.93],[0.02,10.29],[0.05,0.81],[0.29,2.51],[0.18,10.56],[0.02,0.02]],[[0,0],[0,0],[0,0],[0,0],[0,0],[0,0],[0,0]]],[[[2.92,19.3],[1.53,2.4],[3.27,9.94],[9.12,5.3],[25.23,0.53],[0.72,0.2],[1,0.13]],[[0.83,0.16],[1.6,4.24],[0.01,1.11],[2.1,0.04],[0.63,9.18],[1.81,0.48],[0,0]],[[0.08,0],[0.06,0],[7.3,0],[0,0],[0,0.99],[0.08,0.65],[0.03,1.91]],[[0,0.1],[0,8.86],[3.93,0.03],[0,0.55],[0.31,0],[0.02,0.02],[0,0]],[[0,0],[0.07,0],[0,0],[2.56,0.01],[0.4,0],[0,0],[7.14,0]],[[0.22,0.31],[0.12,1.4],[0.74,0.49],[0.75,0.15],[0.15,8.55],[0.74,0],[0.1,0.04]],[[0.58,0.35],[0,0.82],[0.5,1.83],[0.02,0.02],[0.35,0.29],[0.14,0.71],[5.33,0.06]],[[0,0.44],[0,1.08],[0,0],[0.01,0.12],[0,0.01],[0.41,0.05],[0,0.31]],[[0.06,1.44],[0.08,0.38],[5.27,1.1],[2.03,1.22],[0.21,0.01],[0,0.02],[0,0.44]],[[0,0],[0,0.03],[0,0],[0,0],[0,0],[0,0],[0,0]]]];

