Omegamax = 6;
Produkte = 5;
v = [2,2,1,1,1];
KS = 137.3;

KH	=	9;								
							
											
kS = [[1000,	100.3154,	67.9336,	78.6797,	66.2313,	39.1673,	15.8027,	29.5922,	86.2152,	73.4044],
[100.3154,	1000,	74.3155,	63.6129,	52.5148,	75.8219,	84.5888,	108.1348,	29.2909,	64.5159],
[67.9336,	74.3155,	1000,	15.2169,	22.6999,	29.2509,	57.317,	53.6605,	45.899,	11.1019],
[78.6797,	63.6129,	15.2169,	1000,	18.5917,	39.5901,	66.206,	67.7875,	34.3532,	5.3364],
[66.2313,	52.5148,	22.6999,	18.5917,	1000,	29.6067,	52.0814,	62.0716,	25.8883,	15.7955],
[39.1673,	75.8219,	29.2509,	39.5901,	29.6067,	1000,	28.1405,	33.0635,	53.8425,	34.2857],
[15.8027,	84.5888,	57.317,	66.206,	52.0814,	28.1405,	1000,	34.0634,	70.7486,	61.0963],
[29.5922,	108.1348,	53.6605,	67.7875,	62.0716,	33.0635,	34.0634,	1000,	86.8817,	62.6072],
[86.2152,	29.2909,	45.899,	34.3532,	25.8883,	53.8425,	70.7486,	86.8817,	1000,	35.5839],
[73.4044,	64.5159,	11.1019,	5.3364,	15.7955,	34.2857,	61.0963,	62.6072,	35.5839,	1000]];
									
kem = [336,	96.3028,	65.2162,	75.5325,	63.582,	37.6006,	15.1706,	28.4085,	82.7666,	70.4682];
										
											
								

kI = [0.0033,0.0193,0.0514,0.1153,0.2933];
qS = [1,1,1,1,1];

d = [[[[9.94,5.95,2.92,6.43,1.47],[1.32,3.3,0.98,3.76,1.95],[5.8,1.4,10.3,4.62,1.33],[18.02,3.52,9.43,0.46,11.83],[1.51,5.84,1.87,0.17,1.73],[1.69,0.16,1.06,0.16,3.53],[0.2,5.63,28.79,1.06,15.24]],[[0.99,0.03,0,1.11,0.52],[0,0.37,0.18,3.27,0.51],[0,0.7,9.96,0.01,0.05],[0.03,0,0.02,0.52,1.31],[3.03,6.31,0,2.31,1.79],[0.01,0.04,1.44,0.02,0],[3.73,0,0.26,0.05,0.06]],[[0,0,0.01,2.09,0],[2.1,4.84,0,0.76,0],[0,0,0,0.08,0.15],[0,0.57,0,0,0],[1.17,0.11,0,0.18,0],[0,0.8,0,0.99,0],[0,0,0.07,0,0]],[[0.03,0.31,0.14,0.17,0.19],[0.03,5.29,0.02,0.51,0],[0.02,0,0,0.67,0],[0,0.91,0.04,0,0.14],[0.54,0.28,0.01,1.16,0.09],[0,0,0.01,0,0.12],[0,1.66,0,0.02,0]],[[0.01,4.5,0.03,0,0.66],[3.48,0,0.04,0.21,2.16],[0.47,0,0,0.56,0],[0.02,1.91,1.02,0.08,0],[0.03,4.09,0.01,0.01,0],[0.02,0,0.14,0,0],[0,0,0,0,0.25]],[[0.38,10.57,0.46,0.06,0.44],[2.65,5.8,0.1,1.4,0.11],[0,0,0,0.88,0.22],[0,3.67,1.4,0,3.92],[1.76,11.65,4.21,2.1,6.24],[0.01,0.1,1.07,0.1,17.32],[0,0.07,2.48,0.51,6.59]],[[2.64,2.85,0.13,0,0.15],[0.2,10.77,0,0.07,0.16],[2.64,0.4,0.23,0.14,6.19],[0,0.12,0.35,0,0.14],[0.38,0.17,2.18,1.71,0],[0,0,1.65,0.24,0],[0,0,0,0,0.11]],[[0.36,1.88,2.33,0.06,0.01],[0.28,2.11,0,0.01,0.03],[0.13,0,0.27,0.07,0.08],[0,3.4,0.01,0.12,0.97],[0.37,0.01,3.44,0,1.26],[0,0.01,0,1.22,0],[0.03,0.04,0.93,0,2.92]],[[0,13.12,1.16,3.71,4.88],[0.01,1.93,2.25,0.14,0.12],[1.23,10.29,2.21,1.98,0.17],[0.19,0.81,0,0,0.01],[0,2.51,1.73,0.1,6.61],[0.01,10.56,0.02,0.01,0],[0.05,0.02,0.12,0.83,0.03]],[[0,0,0,0,0],[0,0,0,0,0],[0.05,0,0,0,0],[0,0,0,0,0],[0,0,0,0,0],[0,0,0,0,0],[0,0,0,0,0]]],[[[14.87,19.3,8.73,0.81,1.61],[7.72,2.4,2.48,1.67,1.88],[0.01,9.94,6.96,2.12,4.39],[2.36,5.3,1.33,11.34,6.77],[1.51,0.53,7.38,1.05,1.58],[2.45,0.2,2.75,9.51,2.85],[6.88,0.13,1.32,2.85,4.46]],[[0.07,0.16,0.03,0.03,2.57],[8.12,4.24,0,3.96,1.6],[0.35,1.11,0,0,0.28],[0,0.04,0,0.81,0.59],[3.25,9.18,0.02,0.03,0],[0.12,0.48,0.56,0.02,0.72],[0.11,0,2.29,6.7,4.89]],[[1.5,0,0,0,0],[0,0,0,4.84,0.09],[0.41,0,1.5,0.01,0.95],[0.23,0,0,0.03,0.23],[0,0.99,0,0.5,0],[0,0.65,0,0.02,0],[0.01,1.91,0.29,0,0]],[[0.42,0.1,0.02,0.61,1.17],[0.01,8.86,0,0,1.95],[0.02,0.03,0.61,1.73,0],[0,0.55,0.03,0,0],[0,0,0,3.5,1.3],[1.44,0.02,0,0,0.56],[0.22,0,0.84,0,4.19]],[[4.5,0,0.01,0.16,0.34],[1.43,0,1.82,0.83,0.23],[0.24,0,0.02,0,0.02],[0.12,0.01,0,0,0.05],[0,0,4.09,0,0],[0.02,0,0.03,0,2.13],[0.93,0,9.11,0,0.37]],[[0.06,0.31,0.44,0.01,0],[0.41,1.4,3.87,0.07,3.27],[0.66,0.49,0.03,9,1.14],[0.56,0.15,1.75,0.46,3.06],[0,8.55,0.21,7.61,3.43],[0.8,0,0,5.97,0],[0.01,0.04,1.07,0,0.08]],[[0.13,0.35,11.31,0,2.85],[0,0.82,0.1,1.36,0.06],[1.83,1.83,3.35,0.81,0.01],[0.51,0.02,0,0,0],[0,0.29,1.46,0.53,0.2],[0.24,0.71,0,4.16,4.69],[0.48,0.06,0,2.44,0.17]],[[1.03,0.44,0,0,0.2],[0.69,1.08,0.07,0,0.08],[0,0,0.05,0.09,0],[2.97,0.12,0,0.53,0.16],[0,0.01,0,0,10.28],[2.92,0.05,0.27,0.2,0],[0.05,0.31,0,0,0.01]],[[0.36,1.44,0,1.78,0.56],[0.03,0.38,0.32,1.66,0.28],[0,1.1,0.84,3.09,0.07],[1.09,1.22,2.89,13.84,1.29],[0.02,0.01,1.96,0.73,0],[0,0.02,0.08,0,0.27],[4.74,0.44,5.19,0.61,3.39]],[[0.01,0,0,0,0],[0,0.03,0,0,0],[0.01,0,0,0,0],[0,0,0,0,0],[0,0,0,0,0],[0,0,0,0,0],[0,0,0,0,0]]],[[[3.55,3.46,3.46,5.8,4.98],[7.72,0.98,4.16,1.25,4.26],[7.99,17.33,5.24,15.94,0.74],[0.46,1.4,3.83,11.34,1.33],[1.8,5.68,25.23,8.37,1.87],[0.35,2.45,4.46,9.15,0.13],[0.43,0.39,8.49,2.18,9.51]],[[0.09,0.35,3.08,0.03,8.43],[0.37,0,0.15,0.54,1.6],[0.16,0.55,3.08,3.49,0.48],[6.13,0.03,1.16,4.03,0.01],[2.83,0.77,0.77,0.09,0.02],[16.47,0,0,0,1.34],[0.16,0.78,0.02,0.04,0.24]],[[0,0,0,0.01,0],[0.05,0,0,0.01,0.02],[3.06,0.04,0,3.06,0],[0,0,0.07,0,0],[0,0,0,0.09,0],[0,0.29,0,0,0],[5.77,0,0.1,0,0]],[[0,0.01,0,0,0.02],[0.32,0.51,0,0.01,1.22],[0,0,0,0,0.01],[1.23,0.01,0.12,0.05,0],[0,0,0.25,0,0],[0,1.91,0,0,0],[4.19,0,0.01,8.19,0.05]],[[0,0,0.01,0,1.17],[1.68,0.01,7.19,0.03,0.07],[0,0,0,0,0],[0.05,0,0,1.21,0],[0.02,0.03,0.01,0,0.02],[0,0,0,0,0],[0,0,0,0,0.41]],[[0.49,0.01,0.17,1.91,1.2],[0.41,0,0.05,0.34,0.85],[0.05,0.29,7.93,0.07,0],[4.81,0.71,3.67,9.38,0.67],[11.65,0,0.01,0.63,0.23],[8.22,0.74,0.28,0,8.22],[0.2,0.01,2.48,1.87,3.6]],[[0.02,1.49,0.87,0.01,0.06],[0,0.09,0.02,0.12,1.45],[0,1,0,3.99,0.23],[0,0.02,0.3,0.6,0.01],[0.41,0.01,1.85,0.02,0],[0.08,0,0.07,0,8.54],[2,0,1.24,0.01,0.02]],[[0.01,0,0.01,1.03,9.22],[0.07,0,3.32,0.28,0.17],[1.53,0.05,2.62,0.02,1.69],[0.58,0,0.58,0.58,0.08],[0,0.07,0,0.72,0.01],[0.2,0,0,0,4.12],[0,0.81,0.13,0.36,0.02]],[[0.05,0.02,1.1,0,0.38],[0.28,0.38,1.43,2.25,5.16],[0.02,0.01,0,4.23,0.07],[0.05,0,0,0,0.49],[0.29,0.27,1.13,1,0.04],[0.18,0,2,6.32,0],[0.02,0.01,7.04,0,0]],[[0,0,2.14,0,0],[0,0,0,0,0],[0,2.14,0,0,0],[0,0,0,0,0],[0,0,0,0,0],[0,0,0,0,0],[0,0,0,0,0]]],[[[2.92,9.3,2.92,0.68,5.95],[1.53,10.48,8.39,2.25,8.64],[3.27,1.2,0.16,2.5,7.99],[9.12,0.4,2.28,0.23,1.2],[25.23,6.37,2.7,15.96,4.52],[0.72,0.67,5.63,9.89,7.9],[1,4.46,2.09,6.43,0.05]],[[0.83,0.26,2.16,1.63,0.09],[1.6,1.17,0,0.02,0.1],[0.01,2.89,0.55,0.03,0.04],[2.1,4.35,1.03,0.45,0.01],[0.63,0,0.01,0.31,0.02],[1.81,0.18,1.56,0,0],[0,1.56,0.98,0,2.9]],[[0.08,0.06,0,0,0],[0.06,0,0,0,0],[7.3,0,0.1,0.1,0],[0,0,5.18,0.06,0],[0,0,8.06,0,0],[0.08,0.01,0,0.65,4.14],[0.03,0,0,0.65,0]],[[0,0,0.28,0.01,0.1],[0,1.95,0.15,0.12,0.3],[3.93,0.19,0.26,0.03,0],[0,0,0,0,0.74],[0.31,0.11,2.06,0.11,0],[0.02,3.52,0,0.74,0],[0,0,1.1,0,8.19]],[[0,0.31,0,0.03,0],[0.07,0,0.03,0.38,0.1],[0,0,0.4,3.96,0.92],[2.56,0,5.33,10.6,0],[0.4,0,0,6.57,0],[0,0,1.48,0.01,0],[7.14,0.29,0.15,0.06,0]],[[0.22,0,0.06,7.12,2.92],[0.12,4.67,4.67,7.67,5.8],[0.74,7.93,0.08,0.01,0.17],[0.75,1.12,1.06,0.01,0.01],[0.15,0.07,0.97,0,0.21],[0.74,0,0.18,0.03,0.28],[0.1,0.31,0,0,10.89]],[[0.58,0.04,0.01,0,0.1],[0,0.01,0,3.07,0.82],[0.5,3.65,0.93,0.12,0.17],[0.02,2.41,2.41,0.03,0.1],[0.35,0,0,0,0.04],[0.14,1.24,0,3.71,0],[5.33,4.16,0.21,3.32,1.5]],[[0,0.05,0.01,3.87,0],[0,1.08,5.23,0.99,0.04],[0,0,0.01,0.05,0],[0.01,0.01,0,0.12,0.08],[0,0.08,0,7.33,0],[0.41,0,0,1.4,0],[0,4.99,0,0,0.03]],[[0.06,0.05,0.05,2.46,2.09],[0.08,3.48,2.93,0.95,0.15],[5.27,1.52,4.88,1.44,2.09],[2.03,0.16,2.89,1.92,5.37],[0.21,1.13,0.23,0.05,0.01],[0,0.15,1.73,0.03,0],[0,6.32,3.39,0.03,0.24]],[[0,0,0,0,0],[0,0,0,0,0],[0,0,0,0,0.19],[0,0.03,0,0,0],[0,0,0,0,0],[0,0,0,0.19,0],[0,0,0,0,0]]],[[[4.62,0.55,2.75,1.61,13.99],[6.95,14.42,3.13,9.47,13.6],[8.73,1.54,1.13,3.46,10.68],[3.33,5.6,1.26,1.6,3.23],[21.14,0.93,3.17,1.65,14.1],[1.69,3.29,2.09,3.06,2.36],[2.96,4.04,11.22,1.46,3.91]],[[0.16,1.38,0.04,1.46,0.02],[1.05,0.15,3.27,1.17,1.05],[0,0.13,0.11,0.83,2.72],[0.07,0,0.01,0.02,0.42],[4.4,0.16,0.2,0.38,0],[0,0,5.99,0.04,0.11],[6.7,1.24,0.2,0.31,0.02]],[[0.03,0,0,0,0],[0.02,0,0,0.01,0.16],[0.08,0,0,0,2.51],[0,0.36,0.09,0,0],[0,0.11,0,0.01,0],[0.23,0,0,0.01,0.12],[0,0.23,0,0.01,0.02]],[[0,4.58,0,0,0.03],[0.18,0.06,0,0.02,0.3],[0,0,0.73,0,0],[0,1.52,0,9.8,0],[0.43,0,0.11,0,2.34],[5.07,0,4.19,0.03,0.43],[0.04,8.19,0.84,0.02,0]],[[0.02,0,0.34,0,4.5],[0.04,0.15,0,0,0.15],[0.28,0.26,3.16,0,0.84],[0,2.85,0,0,0],[0.44,0,0.32,0,0.01],[0,1.88,0.07,3.61,0.04],[0.09,0.1,0.46,2.42,0.2]],[[0.66,2.62,0.09,1.91,0.7],[3.45,0.81,0.3,0.05,1.7],[0,0.01,0.01,0.49,1.27],[0.04,0.67,0.46,0.22,0.07],[0.01,0.19,0.03,2.51,0.59],[0,0.24,0.69,0.51,0],[3.33,1.41,0.01,0.01,0]],[[0,0.93,0.06,0.93,6.19],[1.76,0.2,0,0.93,0.72],[0.01,0,0.23,1.3,0.14],[0.32,0.02,0.21,0,0],[0,2.18,12.66,0,5.77],[0.04,0,0.71,2.21,0.01],[0,0.09,3.71,0.07,0.17]],[[0,0.01,2.09,0,0.78],[0,0,0,0.31,0.01],[0,0,0.27,0,0.05],[0.35,0,0.15,0.28,0],[0,0,1.26,0,0],[0,0,0,0,0],[0.31,0.08,8.09,0.01,0.01]],[[0,2.21,6.24,0.1,0.05],[0.03,0.41,1.66,0.19,0.16],[8.74,0,0.27,1.37,2.92],[1.09,0.01,0,0.01,0.38],[0.6,1.2,0.06,0.49,0],[1.03,0.01,2.31,0.01,0],[16.93,1.86,0.44,0.77,1.39]],[[0,0,0,0,0],[0.06,0,0,0,0],[0,0.86,0,0,0],[0,0,0,0,0],[0,0,0,0,0],[0,0,0,0,0],[0,0,0,0,0]]],[[[2.34,1.07,12.62,2.5,1.27],[2.63,1.25,4.7,10.48,2.02],[17.33,5.65,9.01,3.85,2.34],[1.53,1.6,0.12,0.76,1.75],[0.22,0.17,3.58,11.62,4.15],[0.35,9.51,1.13,6.88,0.89],[23.77,1,1.92,6.21,2.55]],[[0,0.55,3.73,0.02,2.72],[5.82,0,0.1,1.17,6.41],[0.93,0,0.42,1.31,0.03],[5.58,1.31,0,0.59,10.44],[0.13,0.08,0.13,4.4,0.2],[0.98,0,10.16,0.31,0.2],[5.99,0.05,1.81,0.48,0]],[[1.5,0.01,0.01,0.05,0],[0.01,0.1,0,0.01,0],[0,0,3.82,0,0],[0,0,0,0.19,0],[0.59,0,2.5,0,0.02],[0,0,0,0,0],[0.65,0,0,0,0.05]],[[0,0.97,3.01,0.07,0.05],[0.66,1.61,0,6.54,0],[0,0.01,0.88,0,2.67],[0.17,0.09,0,0.01,0.09],[0,0.02,0.01,0,0],[0,0,0.56,0,0.74],[2.56,0,0,0,5.07]],[[0.01,0,0.02,1.27,1.64],[0.14,0.52,5.04,0.03,0],[0,1.38,0.02,0.13,0.01],[1.91,0.09,0,0.01,0],[1.85,1.03,0.94,0.13,0],[0.46,4.19,0.74,0,0.2],[0.04,0.01,0.05,0,0]],[[1.56,4.43,0,0.56,0.06],[0,0.05,7.67,0,0.52],[0.63,10.57,3.08,0.07,1.4],[2.06,1.95,0,0,0],[0.76,5.27,0,3.93,0.02],[17.32,0.16,1.74,0.15,13.14],[0,0.05,0.43,0.69,0.64]],[[0,0,1.14,0.07,0.37],[0.22,0,0,0.02,0.01],[0,0.02,0.02,2.85,0],[0.01,0.32,1.07,0.01,4.48],[0,2.18,0.01,0.09,0],[6.13,0,1.37,0.85,0],[0.15,0,1.65,1.65,0.85]],[[0,0,0,0.2,2.96],[0,1.19,0.14,0,0.09],[0.07,0,4.52,0,0.01],[1.48,0.15,0,0.01,0],[0.29,0,0.46,0.37,0.04],[0,0,0.71,0.01,0],[0,0,0.01,0,2.92]],[[4.88,8.74,2.21,0.49,1.69],[1.75,4.47,0.01,5.58,0.36],[0,1.37,0.63,10.29,3.28],[0.07,0.4,0.05,1.92,0.43],[0,0.03,9.52,0.14,1.53],[0.61,0,0.22,12.79,16.93],[0,12.79,5.71,9.05,0.52]],[[0,0.01,0,0,0],[0.9,0,0,0,0],[0,0,0,0,0],[0,0,0,0,0],[0,0,0.13,0,0],[0.01,0,0,0,0],[0,0,0,0,0]]]];

