Omegamax = 1;
Produkte = 4;
v = [2,2,1,1];
KS = 132.8;

KH	=	9;								
							
											
kS = [[1000,	57.2372,	67.818,	71.0382,	113.7826,	113.8788,	58.1284,	11.8263,	18.415,	123.4198],
[57.2372,	1000,	46.2746,	90.4893,	109.4487,	63.9478,	85.5736,	67.1704,	61.1488,	79.4736],
[67.818,	46.2746,	1000,	55.0772,	63.2108,	56.2776,	57.2214,	71.1569,	58.0168,	58.8204],
[71.0382,	90.4893,	55.0772,	1000,	51.2275,	109.1766,	14.9386,	64.9797,	52.6937,	105.6924],
[113.7826,	109.4487,	63.2108,	51.2275,	1000,	95.8549,	65.6871,	110.9154,	97.0091,	82.8634],
[113.8788,	63.9478,	56.2776,	109.1766,	95.8549,	1000,	113.2514,	120.7053,	109.6557,	21.205],
[58.1284,	85.5736,	57.2214,	14.9386,	65.6871,	113.2514,	1000,	51.0286,	39.7368,	112.4334],
[11.8263,	67.1704,	71.1569,	64.9797,	110.9154,	120.7053,	51.0286,	1000,	14.2461,	128.6299],
[18.415,	61.1488,	58.0168,	52.6937,	97.0091,	109.6557,	39.7368,	14.2461,	1000,	116.2309],
[123.4198,	79.4736,	58.8204,	105.6924,	82.8634,	21.205,	112.4334,	128.6299,	116.2309,	1000]];
									
kem = [336,	54.9478,	65.1053,	68.1967,	109.2313,	109.3237,	55.8032,	11.3532,	17.6784,	118.4831];
											
											
								

kI = [0.0033,0.0193,0.0514,0.1153];
qS = [1,1,1,1];

d = [[[[9.94,14.87,3.55,2.92],[1.32,7.72,7.72,1.53],[5.8,0.01,7.99,3.27],[18.02,2.36,0.46,9.12],[1.51,1.51,1.8,25.23],[1.69,2.45,0.35,0.72],[0.2,6.88,0.43,1]],[[0.99,0.07,0.09,0.83],[0,8.12,0.37,1.6],[0,0.35,0.16,0.01],[0.03,0,6.13,2.1],[3.03,3.25,2.83,0.63],[0.01,0.12,16.47,1.81],[3.73,0.11,0.16,0]],[[0,1.5,0,0.08],[2.1,0,0.05,0.06],[0,0.41,3.06,7.3],[0,0.23,0,0],[1.17,0,0,0],[0,0,0,0.08],[0,0.01,5.77,0.03]],[[0.03,0.42,0,0],[0.03,0.01,0.32,0],[0.02,0.02,0,3.93],[0,0,1.23,0],[0.54,0,0,0.31],[0,1.44,0,0.02],[0,0.22,4.19,0]],[[0.01,4.5,0,0],[3.48,1.43,1.68,0.07],[0.47,0.24,0,0],[0.02,0.12,0.05,2.56],[0.03,0,0.02,0.4],[0.02,0.02,0,0],[0,0.93,0,7.14]],[[0.38,0.06,0.49,0.22],[2.65,0.41,0.41,0.12],[0,0.66,0.05,0.74],[0,0.56,4.81,0.75],[1.76,0,11.65,0.15],[0.01,0.8,8.22,0.74],[0,0.01,0.2,0.1]],[[2.64,0.13,0.02,0.58],[0.2,0,0,0],[2.64,1.83,0,0.5],[0,0.51,0,0.02],[0.38,0,0.41,0.35],[0,0.24,0.08,0.14],[0,0.48,2,5.33]],[[0.36,1.03,0.01,0],[0.28,0.69,0.07,0],[0.13,0,1.53,0],[0,2.97,0.58,0.01],[0.37,0,0,0],[0,2.92,0.2,0.41],[0.03,0.05,0,0]],[[0,0.36,0.05,0.06],[0.01,0.03,0.28,0.08],[1.23,0,0.02,5.27],[0.19,1.09,0.05,2.03],[0,0.02,0.29,0.21],[0.01,0,0.18,0],[0.05,4.74,0.02,0]],[[0,0.01,0,0],[0,0,0,0],[0.05,0.01,0,0],[0,0,0,0],[0,0,0,0],[0,0,0,0],[0,0,0,0]]]];

