Omegamax = 8;
Produkte = 3;
v = [2,2,1];
KS = 126;

KH	=	9;								
							
											
kS	=	[[1000,	38.3697,	57.8946,	30.1217,	18.8233,	28.0246,	94.1813,	31.1978,	82.6637,	6.6888],
[38.3697,	1000,	42.0865,	66.0012,	40.6863,	52.9436,	57.2311,	32.8856,	120.1414,	34.9844],		
[57.8946,	42.0865,	1000,	87.3048,	44.2297,	83.5652,	80.965,	71.1879,	121.4214,	51.2905],		
[30.1217,	66.0012,	87.3048,	1000,	44.2753,	21.9064,	117.9197,	44.6716,	65.5233,	36.336],		
[18.8233,	40.6863,	44.2297,	44.2753,	1000,	46.7413,	97.7309,	46.9758,	82.1338,	13.2944],		
[28.0246,	52.9436,	83.5652,	21.9064,	46.7413,	1000,	99.4712,	24.9261,	87.4116,	34.3822],		
[94.1813,	57.2311,	80.965,	117.9197,	97.7309,	99.4712,	1000,	74.549,	176.7898,	91.8054],		
[31.1978,	32.8856,	71.1879,	44.6716,	46.9758,	24.9261,	74.549,	1000,	108.3524,	34.1155],		
[82.6637,	120.1414,	121.4214,	65.5233,	82.1338,	87.4116,	176.7898,	108.3524,	1000,	85.1678],		
[6.6888,	34.9844,	51.2905,	36.336,	13.2944,	34.3822,	91.8054,	34.1155,	85.1678,	1000]];		
											
kem	=	[336,	36.8349,	55.5788,	28.9168,	18.0703,	26.9037,	90.414,	29.9499,	79.3572,	6.4213];
											
											
								

kI = [0.0033,0.0193,0.0514];
qS = [1,1,1];

d = [[[[9.94,3.46,2.75],[1.32,0.98,3.13],[5.8,17.33,1.13],[18.02,1.4,1.26],[1.51,5.68,3.17],[1.69,2.45,2.09],[0.2,0.39,11.22]],[[0.99,0.35,0.04],[0,0,3.27],[0,0.55,0.11],[0.03,0.03,0.01],[3.03,0.77,0.2],[0.01,0,5.99],[3.73,0.78,0.2]],[[0,0,0],[2.1,0,0],[0,0.04,0],[0,0,0.09],[1.17,0,0],[0,0.29,0],[0,0,0]],[[0.03,0.01,0],[0.03,0.51,0],[0.02,0,0.73],[0,0.01,0],[0.54,0,0.11],[0,1.91,4.19],[0,0,0.84]],[[0.01,0,0.34],[3.48,0.01,0],[0.47,0,3.16],[0.02,0,0],[0.03,0.03,0.32],[0.02,0,0.07],[0,0,0.46]],[[0.38,0.01,0.09],[2.65,0,0.3],[0,0.29,0.01],[0,0.71,0.46],[1.76,0,0.03],[0.01,0.74,0.69],[0,0.01,0.01]],[[2.64,1.49,0.06],[0.2,0.09,0],[2.64,1,0.23],[0,0.02,0.21],[0.38,0.01,12.66],[0,0,0.71],[0,0,3.71]],[[0.36,0,2.09],[0.28,0,0],[0.13,0.05,0.27],[0,0,0.15],[0.37,0.07,1.26],[0,0,0],[0.03,0.81,8.09]],[[0,0.02,6.24],[0.01,0.38,1.66],[1.23,0.01,0.27],[0.19,0,0],[0,0.27,0.06],[0.01,0,2.31],[0.05,0.01,0.44]],[[0,0,0],[0,0,0],[0.05,2.14,0],[0,0,0],[0,0,0],[0,0,0],[0,0,0]]],[[[14.87,9.3,12.62],[7.72,10.48,4.7],[0.01,1.2,9.01],[2.36,0.4,0.12],[1.51,6.37,3.58],[2.45,0.67,1.13],[6.88,4.46,1.92]],[[0.07,0.26,3.73],[8.12,1.17,0.1],[0.35,2.89,0.42],[0,4.35,0],[3.25,0,0.13],[0.12,0.18,10.16],[0.11,1.56,1.81]],[[1.5,0.06,0.01],[0,0,0],[0.41,0,3.82],[0.23,0,0],[0,0,2.5],[0,0.01,0],[0.01,0,0]],[[0.42,0,3.01],[0.01,1.95,0],[0.02,0.19,0.88],[0,0,0],[0,0.11,0.01],[1.44,3.52,0.56],[0.22,0,0]],[[4.5,0.31,0.02],[1.43,0,5.04],[0.24,0,0.02],[0.12,0,0],[0,0,0.94],[0.02,0,0.74],[0.93,0.29,0.05]],[[0.06,0,0],[0.41,4.67,7.67],[0.66,7.93,3.08],[0.56,1.12,0],[0,0.07,0],[0.8,0,1.74],[0.01,0.31,0.43]],[[0.13,0.04,1.14],[0,0.01,0],[1.83,3.65,0.02],[0.51,2.41,1.07],[0,0,0.01],[0.24,1.24,1.37],[0.48,4.16,1.65]],[[1.03,0.05,0],[0.69,1.08,0.14],[0,0,4.52],[2.97,0.01,0],[0,0.08,0.46],[2.92,0,0.71],[0.05,4.99,0.01]],[[0.36,0.05,2.21],[0.03,3.48,0.01],[0,1.52,0.63],[1.09,0.16,0.05],[0.02,1.13,9.52],[0,0.15,0.22],[4.74,6.32,5.71]],[[0.01,0,0],[0,0,0],[0.01,0,0],[0,0.03,0],[0,0,0.13],[0,0,0],[0,0,0]]],[[[3.55,0.55,6.43],[7.72,14.42,3.76],[7.99,1.54,4.62],[0.46,5.6,0.46],[1.8,0.93,0.17],[0.35,3.29,0.16],[0.43,4.04,1.06]],[[0.09,1.38,1.11],[0.37,0.15,3.27],[0.16,0.13,0.01],[6.13,0,0.52],[2.83,0.16,2.31],[16.47,0,0.02],[0.16,1.24,0.05]],[[0,0,2.09],[0.05,0,0.76],[3.06,0,0.08],[0,0.36,0],[0,0.11,0.18],[0,0,0.99],[5.77,0.23,0]],[[0,4.58,0.17],[0.32,0.06,0.51],[0,0,0.67],[1.23,1.52,0],[0,0,1.16],[0,0,0],[4.19,8.19,0.02]],[[0,0,0],[1.68,0.15,0.21],[0,0.26,0.56],[0.05,2.85,0.08],[0.02,0,0.01],[0,1.88,0],[0,0.1,0]],[[0.49,2.62,0.06],[0.41,0.81,1.4],[0.05,0.01,0.88],[4.81,0.67,0],[11.65,0.19,2.1],[8.22,0.24,0.1],[0.2,1.41,0.51]],[[0.02,0.93,0],[0,0.2,0.07],[0,0,0.14],[0,0.02,0],[0.41,2.18,1.71],[0.08,0,0.24],[2,0.09,0]],[[0.01,0.01,0.06],[0.07,0,0.01],[1.53,0,0.07],[0.58,0,0.12],[0,0,0],[0.2,0,1.22],[0,0.08,0]],[[0.05,2.21,3.71],[0.28,0.41,0.14],[0.02,0,1.98],[0.05,0.01,0],[0.29,1.2,0.1],[0.18,0.01,0.01],[0.02,1.86,0.83]],[[0,0,0],[0,0,0],[0,0.86,0],[0,0,0],[0,0,0],[0,0,0],[0,0,0]]],[[[2.92,1.07,0.81],[1.53,1.25,1.67],[3.27,5.65,2.12],[9.12,1.6,11.34],[25.23,0.17,1.05],[0.72,9.51,9.51],[1,1,2.85]],[[0.83,0.55,0.03],[1.6,0,3.96],[0.01,0,0],[2.1,1.31,0.81],[0.63,0.08,0.03],[1.81,0,0.02],[0,0.05,6.7]],[[0.08,0.01,0],[0.06,0.1,4.84],[7.3,0,0.01],[0,0,0.03],[0,0,0.5],[0.08,0,0.02],[0.03,0,0]],[[0,0.97,0.61],[0,1.61,0],[3.93,0.01,1.73],[0,0.09,0],[0.31,0.02,3.5],[0.02,0,0],[0,0,0]],[[0,0,0.16],[0.07,0.52,0.83],[0,1.38,0],[2.56,0.09,0],[0.4,1.03,0],[0,4.19,0],[7.14,0.01,0]],[[0.22,4.43,0.01],[0.12,0.05,0.07],[0.74,10.57,9],[0.75,1.95,0.46],[0.15,5.27,7.61],[0.74,0.16,5.97],[0.1,0.05,0]],[[0.58,0,0],[0,0,1.36],[0.5,0.02,0.81],[0.02,0.32,0],[0.35,2.18,0.53],[0.14,0,4.16],[5.33,0,2.44]],[[0,0,0],[0,1.19,0],[0,0,0.09],[0.01,0.15,0.53],[0,0,0],[0.41,0,0.2],[0,0,0]],[[0.06,8.74,1.78],[0.08,4.47,1.66],[5.27,1.37,3.09],[2.03,0.4,13.84],[0.21,0.03,0.73],[0,0,0],[0,12.79,0.61]],[[0,0.01,0],[0,0,0],[0,0,0],[0,0,0],[0,0,0],[0,0,0],[0,0,0]]],[[[4.62,2.92,5.8],[6.95,0.98,1.25],[8.73,10.3,15.94],[3.33,9.43,11.34],[21.14,1.87,8.37],[1.69,1.06,9.15],[2.96,28.79,2.18]],[[0.16,0,0.03],[1.05,0.18,0.54],[0,9.96,3.49],[0.07,0.02,4.03],[4.4,0,0.09],[0,1.44,0],[6.7,0.26,0.04]],[[0.03,0.01,0.01],[0.02,0,0.01],[0.08,0,3.06],[0,0,0],[0,0,0.09],[0.23,0,0],[0,0.07,0]],[[0,0.14,0],[0.18,0.02,0.01],[0,0,0],[0,0.04,0.05],[0.43,0.01,0],[5.07,0.01,0],[0.04,0,8.19]],[[0.02,0.03,0],[0.04,0.04,0.03],[0.28,0,0],[0,1.02,1.21],[0.44,0.01,0],[0,0.14,0],[0.09,0,0]],[[0.66,0.46,1.91],[3.45,0.1,0.34],[0,0,0.07],[0.04,1.4,9.38],[0.01,4.21,0.63],[0,1.07,0],[3.33,2.48,1.87]],[[0,0.13,0.01],[1.76,0,0.12],[0.01,0.23,3.99],[0.32,0.35,0.6],[0,2.18,0.02],[0.04,1.65,0],[0,0,0.01]],[[0,2.33,1.03],[0,0,0.28],[0,0.27,0.02],[0.35,0.01,0.58],[0,3.44,0.72],[0,0,0],[0.31,0.93,0.36]],[[0,1.16,0],[0.03,2.25,2.25],[8.74,2.21,4.23],[1.09,0,0],[0.6,1.73,1],[1.03,0.02,6.32],[16.93,0.12,0]],[[0,0,0],[0.06,0,0],[0,0,0],[0,0,0],[0,0,0],[0,0,0],[0,0,0]]],[[[2.34,8.73,0.68],[2.63,2.48,2.25],[17.33,6.96,2.5],[1.53,1.33,0.23],[0.22,7.38,15.96],[0.35,2.75,9.89],[23.77,1.32,6.43]],[[0,0.03,1.63],[5.82,0,0.02],[0.93,0,0.03],[5.58,0,0.45],[0.13,0.02,0.31],[0.98,0.56,0],[5.99,2.29,0]],[[1.5,0,0],[0.01,0,0],[0,1.5,0.1],[0,0,0.06],[0.59,0,0],[0,0,0.65],[0.65,0.29,0.65]],[[0,0.02,0.01],[0.66,0,0.12],[0,0.61,0.03],[0.17,0.03,0],[0,0,0.11],[0,0,0.74],[2.56,0.84,0]],[[0.01,0.01,0.03],[0.14,1.82,0.38],[0,0.02,3.96],[1.91,0,10.6],[1.85,4.09,6.57],[0.46,0.03,0.01],[0.04,9.11,0.06]],[[1.56,0.44,7.12],[0,3.87,7.67],[0.63,0.03,0.01],[2.06,1.75,0.01],[0.76,0.21,0],[17.32,0,0.03],[0,1.07,0]],[[0,11.31,0],[0.22,0.1,3.07],[0,3.35,0.12],[0.01,0,0.03],[0,1.46,0],[6.13,0,3.71],[0.15,0,3.32]],[[0,0,3.87],[0,0.07,0.99],[0.07,0.05,0.05],[1.48,0,0.12],[0.29,0,7.33],[0,0.27,1.4],[0,0,0]],[[4.88,0,2.46],[1.75,0.32,0.95],[0,0.84,1.44],[0.07,2.89,1.92],[0,1.96,0.05],[0.61,0.08,0.03],[0,5.19,0.03]],[[0,0,0],[0.9,0,0],[0,0,0],[0,0,0],[0,0,0],[0.01,0,0.19],[0,0,0]]],[[[5.95,3.46,1.61],[3.3,4.16,9.47],[1.4,5.24,3.46],[3.52,3.83,1.6],[5.84,25.23,1.65],[0.16,4.46,3.06],[5.63,8.49,1.46]],[[0.03,3.08,1.46],[0.37,0.15,1.17],[0.7,3.08,0.83],[0,1.16,0.02],[6.31,0.77,0.38],[0.04,0,0.04],[0,0.02,0.31]],[[0,0,0],[4.84,0,0.01],[0,0,0],[0.57,0.07,0],[0.11,0,0.01],[0.8,0,0.01],[0,0.1,0.01]],[[0.31,0,0],[5.29,0,0.02],[0,0,0],[0.91,0.12,9.8],[0.28,0.25,0],[0,0,0.03],[1.66,0.01,0.02]],[[4.5,0.01,0],[0,7.19,0],[0,0,0],[1.91,0,0],[4.09,0.01,0],[0,0,3.61],[0,0,2.42]],[[10.57,0.17,1.91],[5.8,0.05,0.05],[0,7.93,0.49],[3.67,3.67,0.22],[11.65,0.01,2.51],[0.1,0.28,0.51],[0.07,2.48,0.01]],[[2.85,0.87,0.93],[10.77,0.02,0.93],[0.4,0,1.3],[0.12,0.3,0],[0.17,1.85,0],[0,0.07,2.21],[0,1.24,0.07]],[[1.88,0.01,0],[2.11,3.32,0.31],[0,2.62,0],[3.4,0.58,0.28],[0.01,0,0],[0.01,0,0],[0.04,0.13,0.01]],[[13.12,1.1,0.1],[1.93,1.43,0.19],[10.29,0,1.37],[0.81,0,0.01],[2.51,1.13,0.49],[10.56,2,0.01],[0.02,7.04,0.77]],[[0,2.14,0],[0,0,0],[0,0,0],[0,0,0],[0,0,0],[0,0,0],[0,0,0]]],[[[19.3,2.92,2.5],[2.4,8.39,10.48],[9.94,0.16,3.85],[5.3,2.28,0.76],[0.53,2.7,11.62],[0.2,5.63,6.88],[0.13,2.09,6.21]],[[0.16,2.16,0.02],[4.24,0,1.17],[1.11,0.55,1.31],[0.04,1.03,0.59],[9.18,0.01,4.4],[0.48,1.56,0.31],[0,0.98,0.48]],[[0,0,0.05],[0,0,0.01],[0,0.1,0],[0,5.18,0.19],[0.99,8.06,0],[0.65,0,0],[1.91,0,0]],[[0.1,0.28,0.07],[8.86,0.15,6.54],[0.03,0.26,0],[0.55,0,0.01],[0,2.06,0],[0.02,0,0],[0,1.1,0]],[[0,0,1.27],[0,0.03,0.03],[0,0.4,0.13],[0.01,5.33,0.01],[0,0,0.13],[0,1.48,0],[0,0.15,0]],[[0.31,0.06,0.56],[1.4,4.67,0],[0.49,0.08,0.07],[0.15,1.06,0],[8.55,0.97,3.93],[0,0.18,0.15],[0.04,0,0.69]],[[0.35,0.01,0.07],[0.82,0,0.02],[1.83,0.93,2.85],[0.02,2.41,0.01],[0.29,0,0.09],[0.71,0,0.85],[0.06,0.21,1.65]],[[0.44,0.01,0.2],[1.08,5.23,0],[0,0.01,0],[0.12,0,0.01],[0.01,0,0.37],[0.05,0,0.01],[0.31,0,0]],[[1.44,0.05,0.49],[0.38,2.93,5.58],[1.1,4.88,10.29],[1.22,2.89,1.92],[0.01,0.23,0.14],[0.02,1.73,12.79],[0.44,3.39,9.05]],[[0,0,0],[0.03,0,0],[0,0,0],[0,0,0],[0,0,0],[0,0,0],[0,0,0]]]];

