Omegamax = 5;
Produkte = 4;
v = [2,2,1,1];
KS = 132.8;

KH	=	9;								
							
											
kS = [[1000,	57.2372,	67.818,	71.0382,	113.7826,	113.8788,	58.1284,	11.8263,	18.415,	123.4198],
[57.2372,	1000,	46.2746,	90.4893,	109.4487,	63.9478,	85.5736,	67.1704,	61.1488,	79.4736],
[67.818,	46.2746,	1000,	55.0772,	63.2108,	56.2776,	57.2214,	71.1569,	58.0168,	58.8204],
[71.0382,	90.4893,	55.0772,	1000,	51.2275,	109.1766,	14.9386,	64.9797,	52.6937,	105.6924],
[113.7826,	109.4487,	63.2108,	51.2275,	1000,	95.8549,	65.6871,	110.9154,	97.0091,	82.8634],
[113.8788,	63.9478,	56.2776,	109.1766,	95.8549,	1000,	113.2514,	120.7053,	109.6557,	21.205],
[58.1284,	85.5736,	57.2214,	14.9386,	65.6871,	113.2514,	1000,	51.0286,	39.7368,	112.4334],
[11.8263,	67.1704,	71.1569,	64.9797,	110.9154,	120.7053,	51.0286,	1000,	14.2461,	128.6299],
[18.415,	61.1488,	58.0168,	52.6937,	97.0091,	109.6557,	39.7368,	14.2461,	1000,	116.2309],
[123.4198,	79.4736,	58.8204,	105.6924,	82.8634,	21.205,	112.4334,	128.6299,	116.2309,	1000]];
									
kem = [336,	54.9478,	65.1053,	68.1967,	109.2313,	109.3237,	55.8032,	11.3532,	17.6784,	118.4831];
											
											
								

kI = [0.0033,0.0193,0.0514,0.1153];
qS = [1,1,1,1];

d = [[[[9.94,2.34,0.55,2.92],[1.32,2.63,14.42,8.39],[5.8,17.33,1.54,0.16],[18.02,1.53,5.6,2.28],[1.51,0.22,0.93,2.7],[1.69,0.35,3.29,5.63],[0.2,23.77,4.04,2.09]],[[0.99,0,1.38,2.16],[0,5.82,0.15,0],[0,0.93,0.13,0.55],[0.03,5.58,0,1.03],[3.03,0.13,0.16,0.01],[0.01,0.98,0,1.56],[3.73,5.99,1.24,0.98]],[[0,1.5,0,0],[2.1,0.01,0,0],[0,0,0,0.1],[0,0,0.36,5.18],[1.17,0.59,0.11,8.06],[0,0,0,0],[0,0.65,0.23,0]],[[0.03,0,4.58,0.28],[0.03,0.66,0.06,0.15],[0.02,0,0,0.26],[0,0.17,1.52,0],[0.54,0,0,2.06],[0,0,0,0],[0,2.56,8.19,1.1]],[[0.01,0.01,0,0],[3.48,0.14,0.15,0.03],[0.47,0,0.26,0.4],[0.02,1.91,2.85,5.33],[0.03,1.85,0,0],[0.02,0.46,1.88,1.48],[0,0.04,0.1,0.15]],[[0.38,1.56,2.62,0.06],[2.65,0,0.81,4.67],[0,0.63,0.01,0.08],[0,2.06,0.67,1.06],[1.76,0.76,0.19,0.97],[0.01,17.32,0.24,0.18],[0,0,1.41,0]],[[2.64,0,0.93,0.01],[0.2,0.22,0.2,0],[2.64,0,0,0.93],[0,0.01,0.02,2.41],[0.38,0,2.18,0],[0,6.13,0,0],[0,0.15,0.09,0.21]],[[0.36,0,0.01,0.01],[0.28,0,0,5.23],[0.13,0.07,0,0.01],[0,1.48,0,0],[0.37,0.29,0,0],[0,0,0,0],[0.03,0,0.08,0]],[[0,4.88,2.21,0.05],[0.01,1.75,0.41,2.93],[1.23,0,0,4.88],[0.19,0.07,0.01,2.89],[0,0,1.2,0.23],[0.01,0.61,0.01,1.73],[0.05,0,1.86,3.39]],[[0,0,0,0],[0,0.9,0,0],[0.05,0,0.86,0],[0,0,0,0],[0,0,0,0],[0,0.01,0,0],[0,0,0,0]]],[[[14.87,5.95,1.07,2.75],[7.72,3.3,1.25,3.13],[0.01,1.4,5.65,1.13],[2.36,3.52,1.6,1.26],[1.51,5.84,0.17,3.17],[2.45,0.16,9.51,2.09],[6.88,5.63,1,11.22]],[[0.07,0.03,0.55,0.04],[8.12,0.37,0,3.27],[0.35,0.7,0,0.11],[0,0,1.31,0.01],[3.25,6.31,0.08,0.2],[0.12,0.04,0,5.99],[0.11,0,0.05,0.2]],[[1.5,0,0.01,0],[0,4.84,0.1,0],[0.41,0,0,0],[0.23,0.57,0,0.09],[0,0.11,0,0],[0,0.8,0,0],[0.01,0,0,0]],[[0.42,0.31,0.97,0],[0.01,5.29,1.61,0],[0.02,0,0.01,0.73],[0,0.91,0.09,0],[0,0.28,0.02,0.11],[1.44,0,0,4.19],[0.22,1.66,0,0.84]],[[4.5,4.5,0,0.34],[1.43,0,0.52,0],[0.24,0,1.38,3.16],[0.12,1.91,0.09,0],[0,4.09,1.03,0.32],[0.02,0,4.19,0.07],[0.93,0,0.01,0.46]],[[0.06,10.57,4.43,0.09],[0.41,5.8,0.05,0.3],[0.66,0,10.57,0.01],[0.56,3.67,1.95,0.46],[0,11.65,5.27,0.03],[0.8,0.1,0.16,0.69],[0.01,0.07,0.05,0.01]],[[0.13,2.85,0,0.06],[0,10.77,0,0],[1.83,0.4,0.02,0.23],[0.51,0.12,0.32,0.21],[0,0.17,2.18,12.66],[0.24,0,0,0.71],[0.48,0,0,3.71]],[[1.03,1.88,0,2.09],[0.69,2.11,1.19,0],[0,0,0,0.27],[2.97,3.4,0.15,0.15],[0,0.01,0,1.26],[2.92,0.01,0,0],[0.05,0.04,0,8.09]],[[0.36,13.12,8.74,6.24],[0.03,1.93,4.47,1.66],[0,10.29,1.37,0.27],[1.09,0.81,0.4,0],[0.02,2.51,0.03,0.06],[0,10.56,0,2.31],[4.74,0.02,12.79,0.44]],[[0.01,0,0.01,0],[0,0,0,0],[0.01,0,0,0],[0,0,0,0],[0,0,0,0],[0,0,0,0],[0,0,0,0]]],[[[3.55,19.3,2.92,12.62],[7.72,2.4,0.98,4.7],[7.99,9.94,10.3,9.01],[0.46,5.3,9.43,0.12],[1.8,0.53,1.87,3.58],[0.35,0.2,1.06,1.13],[0.43,0.13,28.79,1.92]],[[0.09,0.16,0,3.73],[0.37,4.24,0.18,0.1],[0.16,1.11,9.96,0.42],[6.13,0.04,0.02,0],[2.83,9.18,0,0.13],[16.47,0.48,1.44,10.16],[0.16,0,0.26,1.81]],[[0,0,0.01,0.01],[0.05,0,0,0],[3.06,0,0,3.82],[0,0,0,0],[0,0.99,0,2.5],[0,0.65,0,0],[5.77,1.91,0.07,0]],[[0,0.1,0.14,3.01],[0.32,8.86,0.02,0],[0,0.03,0,0.88],[1.23,0.55,0.04,0],[0,0,0.01,0.01],[0,0.02,0.01,0.56],[4.19,0,0,0]],[[0,0,0.03,0.02],[1.68,0,0.04,5.04],[0,0,0,0.02],[0.05,0.01,1.02,0],[0.02,0,0.01,0.94],[0,0,0.14,0.74],[0,0,0,0.05]],[[0.49,0.31,0.46,0],[0.41,1.4,0.1,7.67],[0.05,0.49,0,3.08],[4.81,0.15,1.4,0],[11.65,8.55,4.21,0],[8.22,0,1.07,1.74],[0.2,0.04,2.48,0.43]],[[0.02,0.35,0.13,1.14],[0,0.82,0,0],[0,1.83,0.23,0.02],[0,0.02,0.35,1.07],[0.41,0.29,2.18,0.01],[0.08,0.71,1.65,1.37],[2,0.06,0,1.65]],[[0.01,0.44,2.33,0],[0.07,1.08,0,0.14],[1.53,0,0.27,4.52],[0.58,0.12,0.01,0],[0,0.01,3.44,0.46],[0.2,0.05,0,0.71],[0,0.31,0.93,0.01]],[[0.05,1.44,1.16,2.21],[0.28,0.38,2.25,0.01],[0.02,1.1,2.21,0.63],[0.05,1.22,0,0.05],[0.29,0.01,1.73,9.52],[0.18,0.02,0.02,0.22],[0.02,0.44,0.12,5.71]],[[0,0,0,0],[0,0.03,0,0],[0,0,0,0],[0,0,0,0],[0,0,0,0.13],[0,0,0,0],[0,0,0,0]]],[[[2.92,3.46,8.73,6.43],[1.53,0.98,2.48,3.76],[3.27,17.33,6.96,4.62],[9.12,1.4,1.33,0.46],[25.23,5.68,7.38,0.17],[0.72,2.45,2.75,0.16],[1,0.39,1.32,1.06]],[[0.83,0.35,0.03,1.11],[1.6,0,0,3.27],[0.01,0.55,0,0.01],[2.1,0.03,0,0.52],[0.63,0.77,0.02,2.31],[1.81,0,0.56,0.02],[0,0.78,2.29,0.05]],[[0.08,0,0,2.09],[0.06,0,0,0.76],[7.3,0.04,1.5,0.08],[0,0,0,0],[0,0,0,0.18],[0.08,0.29,0,0.99],[0.03,0,0.29,0]],[[0,0.01,0.02,0.17],[0,0.51,0,0.51],[3.93,0,0.61,0.67],[0,0.01,0.03,0],[0.31,0,0,1.16],[0.02,1.91,0,0],[0,0,0.84,0.02]],[[0,0,0.01,0],[0.07,0.01,1.82,0.21],[0,0,0.02,0.56],[2.56,0,0,0.08],[0.4,0.03,4.09,0.01],[0,0,0.03,0],[7.14,0,9.11,0]],[[0.22,0.01,0.44,0.06],[0.12,0,3.87,1.4],[0.74,0.29,0.03,0.88],[0.75,0.71,1.75,0],[0.15,0,0.21,2.1],[0.74,0.74,0,0.1],[0.1,0.01,1.07,0.51]],[[0.58,1.49,11.31,0],[0,0.09,0.1,0.07],[0.5,1,3.35,0.14],[0.02,0.02,0,0],[0.35,0.01,1.46,1.71],[0.14,0,0,0.24],[5.33,0,0,0]],[[0,0,0,0.06],[0,0,0.07,0.01],[0,0.05,0.05,0.07],[0.01,0,0,0.12],[0,0.07,0,0],[0.41,0,0.27,1.22],[0,0.81,0,0]],[[0.06,0.02,0,3.71],[0.08,0.38,0.32,0.14],[5.27,0.01,0.84,1.98],[2.03,0,2.89,0],[0.21,0.27,1.96,0.1],[0,0,0.08,0.01],[0,0.01,5.19,0.83]],[[0,0,0,0],[0,0,0,0],[0,2.14,0,0],[0,0,0,0],[0,0,0,0],[0,0,0,0],[0,0,0,0]]],[[[4.62,9.3,3.46,0.81],[6.95,10.48,4.16,1.67],[8.73,1.2,5.24,2.12],[3.33,0.4,3.83,11.34],[21.14,6.37,25.23,1.05],[1.69,0.67,4.46,9.51],[2.96,4.46,8.49,2.85]],[[0.16,0.26,3.08,0.03],[1.05,1.17,0.15,3.96],[0,2.89,3.08,0],[0.07,4.35,1.16,0.81],[4.4,0,0.77,0.03],[0,0.18,0,0.02],[6.7,1.56,0.02,6.7]],[[0.03,0.06,0,0],[0.02,0,0,4.84],[0.08,0,0,0.01],[0,0,0.07,0.03],[0,0,0,0.5],[0.23,0.01,0,0.02],[0,0,0.1,0]],[[0,0,0,0.61],[0.18,1.95,0,0],[0,0.19,0,1.73],[0,0,0.12,0],[0.43,0.11,0.25,3.5],[5.07,3.52,0,0],[0.04,0,0.01,0]],[[0.02,0.31,0.01,0.16],[0.04,0,7.19,0.83],[0.28,0,0,0],[0,0,0,0],[0.44,0,0.01,0],[0,0,0,0],[0.09,0.29,0,0]],[[0.66,0,0.17,0.01],[3.45,4.67,0.05,0.07],[0,7.93,7.93,9],[0.04,1.12,3.67,0.46],[0.01,0.07,0.01,7.61],[0,0,0.28,5.97],[3.33,0.31,2.48,0]],[[0,0.04,0.87,0],[1.76,0.01,0.02,1.36],[0.01,3.65,0,0.81],[0.32,2.41,0.3,0],[0,0,1.85,0.53],[0.04,1.24,0.07,4.16],[0,4.16,1.24,2.44]],[[0,0.05,0.01,0],[0,1.08,3.32,0],[0,0,2.62,0.09],[0.35,0.01,0.58,0.53],[0,0.08,0,0],[0,0,0,0.2],[0.31,4.99,0.13,0]],[[0,0.05,1.1,1.78],[0.03,3.48,1.43,1.66],[8.74,1.52,0,3.09],[1.09,0.16,0,13.84],[0.6,1.13,1.13,0.73],[1.03,0.15,2,0],[16.93,6.32,7.04,0.61]],[[0,0,2.14,0],[0.06,0,0,0],[0,0,0,0],[0,0.03,0,0],[0,0,0,0],[0,0,0,0],[0,0,0,0]]]];

