Omegamax = 2;
Produkte = 3;
v = [2,2,1];
KS = 126;

KH	=	9;								
							
											
kS = [[1000,	57.2372,	67.818,	71.0382,	113.7826,	113.8788,	58.1284,	11.8263,	18.415,	123.4198],
[57.2372,	1000,	46.2746,	90.4893,	109.4487,	63.9478,	85.5736,	67.1704,	61.1488,	79.4736],
[67.818,	46.2746,	1000,	55.0772,	63.2108,	56.2776,	57.2214,	71.1569,	58.0168,	58.8204],
[71.0382,	90.4893,	55.0772,	1000,	51.2275,	109.1766,	14.9386,	64.9797,	52.6937,	105.6924],
[113.7826,	109.4487,	63.2108,	51.2275,	1000,	95.8549,	65.6871,	110.9154,	97.0091,	82.8634],
[113.8788,	63.9478,	56.2776,	109.1766,	95.8549,	1000,	113.2514,	120.7053,	109.6557,	21.205],
[58.1284,	85.5736,	57.2214,	14.9386,	65.6871,	113.2514,	1000,	51.0286,	39.7368,	112.4334],
[11.8263,	67.1704,	71.1569,	64.9797,	110.9154,	120.7053,	51.0286,	1000,	14.2461,	128.6299],
[18.415,	61.1488,	58.0168,	52.6937,	97.0091,	109.6557,	39.7368,	14.2461,	1000,	116.2309],
[123.4198,	79.4736,	58.8204,	105.6924,	82.8634,	21.205,	112.4334,	128.6299,	116.2309,	1000]];
									
kem = [336,	54.9478,	65.1053,	68.1967,	109.2313,	109.3237,	55.8032,	11.3532,	17.6784,	118.4831];
											
											
								

kI = [0.0033,0.0193,0.0514];
qS = [1,1,1];

d = [[[[9.94,3.55,4.62],[1.32,7.72,6.95],[5.8,7.99,8.73],[18.02,0.46,3.33],[1.51,1.8,21.14],[1.69,0.35,1.69],[0.2,0.43,2.96]],[[0.99,0.09,0.16],[0,0.37,1.05],[0,0.16,0],[0.03,6.13,0.07],[3.03,2.83,4.4],[0.01,16.47,0],[3.73,0.16,6.7]],[[0,0,0.03],[2.1,0.05,0.02],[0,3.06,0.08],[0,0,0],[1.17,0,0],[0,0,0.23],[0,5.77,0]],[[0.03,0,0],[0.03,0.32,0.18],[0.02,0,0],[0,1.23,0],[0.54,0,0.43],[0,0,5.07],[0,4.19,0.04]],[[0.01,0,0.02],[3.48,1.68,0.04],[0.47,0,0.28],[0.02,0.05,0],[0.03,0.02,0.44],[0.02,0,0],[0,0,0.09]],[[0.38,0.49,0.66],[2.65,0.41,3.45],[0,0.05,0],[0,4.81,0.04],[1.76,11.65,0.01],[0.01,8.22,0],[0,0.2,3.33]],[[2.64,0.02,0],[0.2,0,1.76],[2.64,0,0.01],[0,0,0.32],[0.38,0.41,0],[0,0.08,0.04],[0,2,0]],[[0.36,0.01,0],[0.28,0.07,0],[0.13,1.53,0],[0,0.58,0.35],[0.37,0,0],[0,0.2,0],[0.03,0,0.31]],[[0,0.05,0],[0.01,0.28,0.03],[1.23,0.02,8.74],[0.19,0.05,1.09],[0,0.29,0.6],[0.01,0.18,1.03],[0.05,0.02,16.93]],[[0,0,0],[0,0,0.06],[0.05,0,0],[0,0,0],[0,0,0],[0,0,0],[0,0,0]]],[[[14.87,2.92,2.34],[7.72,1.53,2.63],[0.01,3.27,17.33],[2.36,9.12,1.53],[1.51,25.23,0.22],[2.45,0.72,0.35],[6.88,1,23.77]],[[0.07,0.83,0],[8.12,1.6,5.82],[0.35,0.01,0.93],[0,2.1,5.58],[3.25,0.63,0.13],[0.12,1.81,0.98],[0.11,0,5.99]],[[1.5,0.08,1.5],[0,0.06,0.01],[0.41,7.3,0],[0.23,0,0],[0,0,0.59],[0,0.08,0],[0.01,0.03,0.65]],[[0.42,0,0],[0.01,0,0.66],[0.02,3.93,0],[0,0,0.17],[0,0.31,0],[1.44,0.02,0],[0.22,0,2.56]],[[4.5,0,0.01],[1.43,0.07,0.14],[0.24,0,0],[0.12,2.56,1.91],[0,0.4,1.85],[0.02,0,0.46],[0.93,7.14,0.04]],[[0.06,0.22,1.56],[0.41,0.12,0],[0.66,0.74,0.63],[0.56,0.75,2.06],[0,0.15,0.76],[0.8,0.74,17.32],[0.01,0.1,0]],[[0.13,0.58,0],[0,0,0.22],[1.83,0.5,0],[0.51,0.02,0.01],[0,0.35,0],[0.24,0.14,6.13],[0.48,5.33,0.15]],[[1.03,0,0],[0.69,0,0],[0,0,0.07],[2.97,0.01,1.48],[0,0,0.29],[2.92,0.41,0],[0.05,0,0]],[[0.36,0.06,4.88],[0.03,0.08,1.75],[0,5.27,0],[1.09,2.03,0.07],[0.02,0.21,0],[0,0,0.61],[4.74,0,0]],[[0.01,0,0],[0,0,0.9],[0.01,0,0],[0,0,0],[0,0,0],[0,0,0.01],[0,0,0]]]];

