Omegamax = 4;
Produkte = 4;
v = [2,2,1,1];
KS = 132.8;

KH	=	9;								
							
											
kS = [[1000,	100.3154,	67.9336,	78.6797,	66.2313,	39.1673,	15.8027,	29.5922,	86.2152,	73.4044],
[100.3154,	1000,	74.3155,	63.6129,	52.5148,	75.8219,	84.5888,	108.1348,	29.2909,	64.5159],
[67.9336,	74.3155,	1000,	15.2169,	22.6999,	29.2509,	57.317,	53.6605,	45.899,	11.1019],
[78.6797,	63.6129,	15.2169,	1000,	18.5917,	39.5901,	66.206,	67.7875,	34.3532,	5.3364],
[66.2313,	52.5148,	22.6999,	18.5917,	1000,	29.6067,	52.0814,	62.0716,	25.8883,	15.7955],
[39.1673,	75.8219,	29.2509,	39.5901,	29.6067,	1000,	28.1405,	33.0635,	53.8425,	34.2857],
[15.8027,	84.5888,	57.317,	66.206,	52.0814,	28.1405,	1000,	34.0634,	70.7486,	61.0963],
[29.5922,	108.1348,	53.6605,	67.7875,	62.0716,	33.0635,	34.0634,	1000,	86.8817,	62.6072],
[86.2152,	29.2909,	45.899,	34.3532,	25.8883,	53.8425,	70.7486,	86.8817,	1000,	35.5839],
[73.4044,	64.5159,	11.1019,	5.3364,	15.7955,	34.2857,	61.0963,	62.6072,	35.5839,	1000]];
									
kem = [336,	96.3028,	65.2162,	75.5325,	63.582,	37.6006,	15.1706,	28.4085,	82.7666,	70.4682];
										
											
								

kI = [0.0033,0.0193,0.0514,0.1153];
qS = [1,1,1,1];

d = [[[[9.94,4.62,3.46,2.92],[1.32,6.95,0.98,0.98],[5.8,8.73,17.33,10.3],[18.02,3.33,1.4,9.43],[1.51,21.14,5.68,1.87],[1.69,1.69,2.45,1.06],[0.2,2.96,0.39,28.79]],[[0.99,0.16,0.35,0],[0,1.05,0,0.18],[0,0,0.55,9.96],[0.03,0.07,0.03,0.02],[3.03,4.4,0.77,0],[0.01,0,0,1.44],[3.73,6.7,0.78,0.26]],[[0,0.03,0,0.01],[2.1,0.02,0,0],[0,0.08,0.04,0],[0,0,0,0],[1.17,0,0,0],[0,0.23,0.29,0],[0,0,0,0.07]],[[0.03,0,0.01,0.14],[0.03,0.18,0.51,0.02],[0.02,0,0,0],[0,0,0.01,0.04],[0.54,0.43,0,0.01],[0,5.07,1.91,0.01],[0,0.04,0,0]],[[0.01,0.02,0,0.03],[3.48,0.04,0.01,0.04],[0.47,0.28,0,0],[0.02,0,0,1.02],[0.03,0.44,0.03,0.01],[0.02,0,0,0.14],[0,0.09,0,0]],[[0.38,0.66,0.01,0.46],[2.65,3.45,0,0.1],[0,0,0.29,0],[0,0.04,0.71,1.4],[1.76,0.01,0,4.21],[0.01,0,0.74,1.07],[0,3.33,0.01,2.48]],[[2.64,0,1.49,0.13],[0.2,1.76,0.09,0],[2.64,0.01,1,0.23],[0,0.32,0.02,0.35],[0.38,0,0.01,2.18],[0,0.04,0,1.65],[0,0,0,0]],[[0.36,0,0,2.33],[0.28,0,0,0],[0.13,0,0.05,0.27],[0,0.35,0,0.01],[0.37,0,0.07,3.44],[0,0,0,0],[0.03,0.31,0.81,0.93]],[[0,0,0.02,1.16],[0.01,0.03,0.38,2.25],[1.23,8.74,0.01,2.21],[0.19,1.09,0,0],[0,0.6,0.27,1.73],[0.01,1.03,0,0.02],[0.05,16.93,0.01,0.12]],[[0,0,0,0],[0,0.06,0,0],[0.05,0,2.14,0],[0,0,0,0],[0,0,0,0],[0,0,0,0],[0,0,0,0]]],[[[14.87,2.34,9.3,8.73],[7.72,2.63,10.48,2.48],[0.01,17.33,1.2,6.96],[2.36,1.53,0.4,1.33],[1.51,0.22,6.37,7.38],[2.45,0.35,0.67,2.75],[6.88,23.77,4.46,1.32]],[[0.07,0,0.26,0.03],[8.12,5.82,1.17,0],[0.35,0.93,2.89,0],[0,5.58,4.35,0],[3.25,0.13,0,0.02],[0.12,0.98,0.18,0.56],[0.11,5.99,1.56,2.29]],[[1.5,1.5,0.06,0],[0,0.01,0,0],[0.41,0,0,1.5],[0.23,0,0,0],[0,0.59,0,0],[0,0,0.01,0],[0.01,0.65,0,0.29]],[[0.42,0,0,0.02],[0.01,0.66,1.95,0],[0.02,0,0.19,0.61],[0,0.17,0,0.03],[0,0,0.11,0],[1.44,0,3.52,0],[0.22,2.56,0,0.84]],[[4.5,0.01,0.31,0.01],[1.43,0.14,0,1.82],[0.24,0,0,0.02],[0.12,1.91,0,0],[0,1.85,0,4.09],[0.02,0.46,0,0.03],[0.93,0.04,0.29,9.11]],[[0.06,1.56,0,0.44],[0.41,0,4.67,3.87],[0.66,0.63,7.93,0.03],[0.56,2.06,1.12,1.75],[0,0.76,0.07,0.21],[0.8,17.32,0,0],[0.01,0,0.31,1.07]],[[0.13,0,0.04,11.31],[0,0.22,0.01,0.1],[1.83,0,3.65,3.35],[0.51,0.01,2.41,0],[0,0,0,1.46],[0.24,6.13,1.24,0],[0.48,0.15,4.16,0]],[[1.03,0,0.05,0],[0.69,0,1.08,0.07],[0,0.07,0,0.05],[2.97,1.48,0.01,0],[0,0.29,0.08,0],[2.92,0,0,0.27],[0.05,0,4.99,0]],[[0.36,4.88,0.05,0],[0.03,1.75,3.48,0.32],[0,0,1.52,0.84],[1.09,0.07,0.16,2.89],[0.02,0,1.13,1.96],[0,0.61,0.15,0.08],[4.74,0,6.32,5.19]],[[0.01,0,0,0],[0,0.9,0,0],[0.01,0,0,0],[0,0,0.03,0],[0,0,0,0],[0,0.01,0,0],[0,0,0,0]]],[[[3.55,5.95,0.55,3.46],[7.72,3.3,14.42,4.16],[7.99,1.4,1.54,5.24],[0.46,3.52,5.6,3.83],[1.8,5.84,0.93,25.23],[0.35,0.16,3.29,4.46],[0.43,5.63,4.04,8.49]],[[0.09,0.03,1.38,3.08],[0.37,0.37,0.15,0.15],[0.16,0.7,0.13,3.08],[6.13,0,0,1.16],[2.83,6.31,0.16,0.77],[16.47,0.04,0,0],[0.16,0,1.24,0.02]],[[0,0,0,0],[0.05,4.84,0,0],[3.06,0,0,0],[0,0.57,0.36,0.07],[0,0.11,0.11,0],[0,0.8,0,0],[5.77,0,0.23,0.1]],[[0,0.31,4.58,0],[0.32,5.29,0.06,0],[0,0,0,0],[1.23,0.91,1.52,0.12],[0,0.28,0,0.25],[0,0,0,0],[4.19,1.66,8.19,0.01]],[[0,4.5,0,0.01],[1.68,0,0.15,7.19],[0,0,0.26,0],[0.05,1.91,2.85,0],[0.02,4.09,0,0.01],[0,0,1.88,0],[0,0,0.1,0]],[[0.49,10.57,2.62,0.17],[0.41,5.8,0.81,0.05],[0.05,0,0.01,7.93],[4.81,3.67,0.67,3.67],[11.65,11.65,0.19,0.01],[8.22,0.1,0.24,0.28],[0.2,0.07,1.41,2.48]],[[0.02,2.85,0.93,0.87],[0,10.77,0.2,0.02],[0,0.4,0,0],[0,0.12,0.02,0.3],[0.41,0.17,2.18,1.85],[0.08,0,0,0.07],[2,0,0.09,1.24]],[[0.01,1.88,0.01,0.01],[0.07,2.11,0,3.32],[1.53,0,0,2.62],[0.58,3.4,0,0.58],[0,0.01,0,0],[0.2,0.01,0,0],[0,0.04,0.08,0.13]],[[0.05,13.12,2.21,1.1],[0.28,1.93,0.41,1.43],[0.02,10.29,0,0],[0.05,0.81,0.01,0],[0.29,2.51,1.2,1.13],[0.18,10.56,0.01,2],[0.02,0.02,1.86,7.04]],[[0,0,0,2.14],[0,0,0,0],[0,0,0.86,0],[0,0,0,0],[0,0,0,0],[0,0,0,0],[0,0,0,0]]],[[[2.92,19.3,1.07,2.92],[1.53,2.4,1.25,8.39],[3.27,9.94,5.65,0.16],[9.12,5.3,1.6,2.28],[25.23,0.53,0.17,2.7],[0.72,0.2,9.51,5.63],[1,0.13,1,2.09]],[[0.83,0.16,0.55,2.16],[1.6,4.24,0,0],[0.01,1.11,0,0.55],[2.1,0.04,1.31,1.03],[0.63,9.18,0.08,0.01],[1.81,0.48,0,1.56],[0,0,0.05,0.98]],[[0.08,0,0.01,0],[0.06,0,0.1,0],[7.3,0,0,0.1],[0,0,0,5.18],[0,0.99,0,8.06],[0.08,0.65,0,0],[0.03,1.91,0,0]],[[0,0.1,0.97,0.28],[0,8.86,1.61,0.15],[3.93,0.03,0.01,0.26],[0,0.55,0.09,0],[0.31,0,0.02,2.06],[0.02,0.02,0,0],[0,0,0,1.1]],[[0,0,0,0],[0.07,0,0.52,0.03],[0,0,1.38,0.4],[2.56,0.01,0.09,5.33],[0.4,0,1.03,0],[0,0,4.19,1.48],[7.14,0,0.01,0.15]],[[0.22,0.31,4.43,0.06],[0.12,1.4,0.05,4.67],[0.74,0.49,10.57,0.08],[0.75,0.15,1.95,1.06],[0.15,8.55,5.27,0.97],[0.74,0,0.16,0.18],[0.1,0.04,0.05,0]],[[0.58,0.35,0,0.01],[0,0.82,0,0],[0.5,1.83,0.02,0.93],[0.02,0.02,0.32,2.41],[0.35,0.29,2.18,0],[0.14,0.71,0,0],[5.33,0.06,0,0.21]],[[0,0.44,0,0.01],[0,1.08,1.19,5.23],[0,0,0,0.01],[0.01,0.12,0.15,0],[0,0.01,0,0],[0.41,0.05,0,0],[0,0.31,0,0]],[[0.06,1.44,8.74,0.05],[0.08,0.38,4.47,2.93],[5.27,1.1,1.37,4.88],[2.03,1.22,0.4,2.89],[0.21,0.01,0.03,0.23],[0,0.02,0,1.73],[0,0.44,12.79,3.39]],[[0,0,0.01,0],[0,0.03,0,0],[0,0,0,0],[0,0,0,0],[0,0,0,0],[0,0,0,0],[0,0,0,0]]]];

