Omegamax = 8;
Produkte = 1;
v = [2];
KS = 90;

KH	=	9;								
							
											
kS = [[1000,	100.3154,	67.9336,	78.6797,	66.2313,	39.1673,	15.8027,	29.5922,	86.2152,	73.4044],
[100.3154,	1000,	74.3155,	63.6129,	52.5148,	75.8219,	84.5888,	108.1348,	29.2909,	64.5159],
[67.9336,	74.3155,	1000,	15.2169,	22.6999,	29.2509,	57.317,	53.6605,	45.899,	11.1019],
[78.6797,	63.6129,	15.2169,	1000,	18.5917,	39.5901,	66.206,	67.7875,	34.3532,	5.3364],
[66.2313,	52.5148,	22.6999,	18.5917,	1000,	29.6067,	52.0814,	62.0716,	25.8883,	15.7955],
[39.1673,	75.8219,	29.2509,	39.5901,	29.6067,	1000,	28.1405,	33.0635,	53.8425,	34.2857],
[15.8027,	84.5888,	57.317,	66.206,	52.0814,	28.1405,	1000,	34.0634,	70.7486,	61.0963],
[29.5922,	108.1348,	53.6605,	67.7875,	62.0716,	33.0635,	34.0634,	1000,	86.8817,	62.6072],
[86.2152,	29.2909,	45.899,	34.3532,	25.8883,	53.8425,	70.7486,	86.8817,	1000,	35.5839],
[73.4044,	64.5159,	11.1019,	5.3364,	15.7955,	34.2857,	61.0963,	62.6072,	35.5839,	1000]];
									
kem = [336,	96.3028,	65.2162,	75.5325,	63.582,	37.6006,	15.1706,	28.4085,	82.7666,	70.4682];
										
											
								

kI = [0.0033];
qS = [1];

d = [[[[9.94],[1.32],[5.8],[18.02],[1.51],[1.69],[0.2]],[[0.99],[0],[0],[0.03],[3.03],[0.01],[3.73]],[[0],[2.1],[0],[0],[1.17],[0],[0]],[[0.03],[0.03],[0.02],[0],[0.54],[0],[0]],[[0.01],[3.48],[0.47],[0.02],[0.03],[0.02],[0]],[[0.38],[2.65],[0],[0],[1.76],[0.01],[0]],[[2.64],[0.2],[2.64],[0],[0.38],[0],[0]],[[0.36],[0.28],[0.13],[0],[0.37],[0],[0.03]],[[0],[0.01],[1.23],[0.19],[0],[0.01],[0.05]],[[0],[0],[0.05],[0],[0],[0],[0]]],[[[14.87],[7.72],[0.01],[2.36],[1.51],[2.45],[6.88]],[[0.07],[8.12],[0.35],[0],[3.25],[0.12],[0.11]],[[1.5],[0],[0.41],[0.23],[0],[0],[0.01]],[[0.42],[0.01],[0.02],[0],[0],[1.44],[0.22]],[[4.5],[1.43],[0.24],[0.12],[0],[0.02],[0.93]],[[0.06],[0.41],[0.66],[0.56],[0],[0.8],[0.01]],[[0.13],[0],[1.83],[0.51],[0],[0.24],[0.48]],[[1.03],[0.69],[0],[2.97],[0],[2.92],[0.05]],[[0.36],[0.03],[0],[1.09],[0.02],[0],[4.74]],[[0.01],[0],[0.01],[0],[0],[0],[0]]],[[[3.55],[7.72],[7.99],[0.46],[1.8],[0.35],[0.43]],[[0.09],[0.37],[0.16],[6.13],[2.83],[16.47],[0.16]],[[0],[0.05],[3.06],[0],[0],[0],[5.77]],[[0],[0.32],[0],[1.23],[0],[0],[4.19]],[[0],[1.68],[0],[0.05],[0.02],[0],[0]],[[0.49],[0.41],[0.05],[4.81],[11.65],[8.22],[0.2]],[[0.02],[0],[0],[0],[0.41],[0.08],[2]],[[0.01],[0.07],[1.53],[0.58],[0],[0.2],[0]],[[0.05],[0.28],[0.02],[0.05],[0.29],[0.18],[0.02]],[[0],[0],[0],[0],[0],[0],[0]]],[[[2.92],[1.53],[3.27],[9.12],[25.23],[0.72],[1]],[[0.83],[1.6],[0.01],[2.1],[0.63],[1.81],[0]],[[0.08],[0.06],[7.3],[0],[0],[0.08],[0.03]],[[0],[0],[3.93],[0],[0.31],[0.02],[0]],[[0],[0.07],[0],[2.56],[0.4],[0],[7.14]],[[0.22],[0.12],[0.74],[0.75],[0.15],[0.74],[0.1]],[[0.58],[0],[0.5],[0.02],[0.35],[0.14],[5.33]],[[0],[0],[0],[0.01],[0],[0.41],[0]],[[0.06],[0.08],[5.27],[2.03],[0.21],[0],[0]],[[0],[0],[0],[0],[0],[0],[0]]],[[[4.62],[6.95],[8.73],[3.33],[21.14],[1.69],[2.96]],[[0.16],[1.05],[0],[0.07],[4.4],[0],[6.7]],[[0.03],[0.02],[0.08],[0],[0],[0.23],[0]],[[0],[0.18],[0],[0],[0.43],[5.07],[0.04]],[[0.02],[0.04],[0.28],[0],[0.44],[0],[0.09]],[[0.66],[3.45],[0],[0.04],[0.01],[0],[3.33]],[[0],[1.76],[0.01],[0.32],[0],[0.04],[0]],[[0],[0],[0],[0.35],[0],[0],[0.31]],[[0],[0.03],[8.74],[1.09],[0.6],[1.03],[16.93]],[[0],[0.06],[0],[0],[0],[0],[0]]],[[[2.34],[2.63],[17.33],[1.53],[0.22],[0.35],[23.77]],[[0],[5.82],[0.93],[5.58],[0.13],[0.98],[5.99]],[[1.5],[0.01],[0],[0],[0.59],[0],[0.65]],[[0],[0.66],[0],[0.17],[0],[0],[2.56]],[[0.01],[0.14],[0],[1.91],[1.85],[0.46],[0.04]],[[1.56],[0],[0.63],[2.06],[0.76],[17.32],[0]],[[0],[0.22],[0],[0.01],[0],[6.13],[0.15]],[[0],[0],[0.07],[1.48],[0.29],[0],[0]],[[4.88],[1.75],[0],[0.07],[0],[0.61],[0]],[[0],[0.9],[0],[0],[0],[0.01],[0]]],[[[5.95],[3.3],[1.4],[3.52],[5.84],[0.16],[5.63]],[[0.03],[0.37],[0.7],[0],[6.31],[0.04],[0]],[[0],[4.84],[0],[0.57],[0.11],[0.8],[0]],[[0.31],[5.29],[0],[0.91],[0.28],[0],[1.66]],[[4.5],[0],[0],[1.91],[4.09],[0],[0]],[[10.57],[5.8],[0],[3.67],[11.65],[0.1],[0.07]],[[2.85],[10.77],[0.4],[0.12],[0.17],[0],[0]],[[1.88],[2.11],[0],[3.4],[0.01],[0.01],[0.04]],[[13.12],[1.93],[10.29],[0.81],[2.51],[10.56],[0.02]],[[0],[0],[0],[0],[0],[0],[0]]],[[[19.3],[2.4],[9.94],[5.3],[0.53],[0.2],[0.13]],[[0.16],[4.24],[1.11],[0.04],[9.18],[0.48],[0]],[[0],[0],[0],[0],[0.99],[0.65],[1.91]],[[0.1],[8.86],[0.03],[0.55],[0],[0.02],[0]],[[0],[0],[0],[0.01],[0],[0],[0]],[[0.31],[1.4],[0.49],[0.15],[8.55],[0],[0.04]],[[0.35],[0.82],[1.83],[0.02],[0.29],[0.71],[0.06]],[[0.44],[1.08],[0],[0.12],[0.01],[0.05],[0.31]],[[1.44],[0.38],[1.1],[1.22],[0.01],[0.02],[0.44]],[[0],[0.03],[0],[0],[0],[0],[0]]]];

