Omegamax = 1;
Produkte = 3;
v = [2,2,1];
KS = 126;

KH	=	9;								
							
											
kS = [[1000,	100.3154,	67.9336,	78.6797,	66.2313,	39.1673,	15.8027,	29.5922,	86.2152,	73.4044],
[100.3154,	1000,	74.3155,	63.6129,	52.5148,	75.8219,	84.5888,	108.1348,	29.2909,	64.5159],
[67.9336,	74.3155,	1000,	15.2169,	22.6999,	29.2509,	57.317,	53.6605,	45.899,	11.1019],
[78.6797,	63.6129,	15.2169,	1000,	18.5917,	39.5901,	66.206,	67.7875,	34.3532,	5.3364],
[66.2313,	52.5148,	22.6999,	18.5917,	1000,	29.6067,	52.0814,	62.0716,	25.8883,	15.7955],
[39.1673,	75.8219,	29.2509,	39.5901,	29.6067,	1000,	28.1405,	33.0635,	53.8425,	34.2857],
[15.8027,	84.5888,	57.317,	66.206,	52.0814,	28.1405,	1000,	34.0634,	70.7486,	61.0963],
[29.5922,	108.1348,	53.6605,	67.7875,	62.0716,	33.0635,	34.0634,	1000,	86.8817,	62.6072],
[86.2152,	29.2909,	45.899,	34.3532,	25.8883,	53.8425,	70.7486,	86.8817,	1000,	35.5839],
[73.4044,	64.5159,	11.1019,	5.3364,	15.7955,	34.2857,	61.0963,	62.6072,	35.5839,	1000]];
									
kem = [336,	96.3028,	65.2162,	75.5325,	63.582,	37.6006,	15.1706,	28.4085,	82.7666,	70.4682];
										
											
								

kI = [0.0033,0.0193,0.0514];
qS = [1,1,1];

d = [[[[9.94,14.87,3.55],[1.32,7.72,7.72],[5.8,0.01,7.99],[18.02,2.36,0.46],[1.51,1.51,1.8],[1.69,2.45,0.35],[0.2,6.88,0.43]],[[0.99,0.07,0.09],[0,8.12,0.37],[0,0.35,0.16],[0.03,0,6.13],[3.03,3.25,2.83],[0.01,0.12,16.47],[3.73,0.11,0.16]],[[0,1.5,0],[2.1,0,0.05],[0,0.41,3.06],[0,0.23,0],[1.17,0,0],[0,0,0],[0,0.01,5.77]],[[0.03,0.42,0],[0.03,0.01,0.32],[0.02,0.02,0],[0,0,1.23],[0.54,0,0],[0,1.44,0],[0,0.22,4.19]],[[0.01,4.5,0],[3.48,1.43,1.68],[0.47,0.24,0],[0.02,0.12,0.05],[0.03,0,0.02],[0.02,0.02,0],[0,0.93,0]],[[0.38,0.06,0.49],[2.65,0.41,0.41],[0,0.66,0.05],[0,0.56,4.81],[1.76,0,11.65],[0.01,0.8,8.22],[0,0.01,0.2]],[[2.64,0.13,0.02],[0.2,0,0],[2.64,1.83,0],[0,0.51,0],[0.38,0,0.41],[0,0.24,0.08],[0,0.48,2]],[[0.36,1.03,0.01],[0.28,0.69,0.07],[0.13,0,1.53],[0,2.97,0.58],[0.37,0,0],[0,2.92,0.2],[0.03,0.05,0]],[[0,0.36,0.05],[0.01,0.03,0.28],[1.23,0,0.02],[0.19,1.09,0.05],[0,0.02,0.29],[0.01,0,0.18],[0.05,4.74,0.02]],[[0,0.01,0],[0,0,0],[0.05,0.01,0],[0,0,0],[0,0,0],[0,0,0],[0,0,0]]]];

