Omegamax = 5;
Produkte = 3;
v = [2,2,1];
KS = 126;

KH	=	9;								
							
											
kS = [[1000,	100.3154,	67.9336,	78.6797,	66.2313,	39.1673,	15.8027,	29.5922,	86.2152,	73.4044],
[100.3154,	1000,	74.3155,	63.6129,	52.5148,	75.8219,	84.5888,	108.1348,	29.2909,	64.5159],
[67.9336,	74.3155,	1000,	15.2169,	22.6999,	29.2509,	57.317,	53.6605,	45.899,	11.1019],
[78.6797,	63.6129,	15.2169,	1000,	18.5917,	39.5901,	66.206,	67.7875,	34.3532,	5.3364],
[66.2313,	52.5148,	22.6999,	18.5917,	1000,	29.6067,	52.0814,	62.0716,	25.8883,	15.7955],
[39.1673,	75.8219,	29.2509,	39.5901,	29.6067,	1000,	28.1405,	33.0635,	53.8425,	34.2857],
[15.8027,	84.5888,	57.317,	66.206,	52.0814,	28.1405,	1000,	34.0634,	70.7486,	61.0963],
[29.5922,	108.1348,	53.6605,	67.7875,	62.0716,	33.0635,	34.0634,	1000,	86.8817,	62.6072],
[86.2152,	29.2909,	45.899,	34.3532,	25.8883,	53.8425,	70.7486,	86.8817,	1000,	35.5839],
[73.4044,	64.5159,	11.1019,	5.3364,	15.7955,	34.2857,	61.0963,	62.6072,	35.5839,	1000]];
									
kem = [336,	96.3028,	65.2162,	75.5325,	63.582,	37.6006,	15.1706,	28.4085,	82.7666,	70.4682];
										
											
								

kI = [0.0033,0.0193,0.0514];
qS = [1,1,1];

d = [[[[9.94,2.34,0.55],[1.32,2.63,14.42],[5.8,17.33,1.54],[18.02,1.53,5.6],[1.51,0.22,0.93],[1.69,0.35,3.29],[0.2,23.77,4.04]],[[0.99,0,1.38],[0,5.82,0.15],[0,0.93,0.13],[0.03,5.58,0],[3.03,0.13,0.16],[0.01,0.98,0],[3.73,5.99,1.24]],[[0,1.5,0],[2.1,0.01,0],[0,0,0],[0,0,0.36],[1.17,0.59,0.11],[0,0,0],[0,0.65,0.23]],[[0.03,0,4.58],[0.03,0.66,0.06],[0.02,0,0],[0,0.17,1.52],[0.54,0,0],[0,0,0],[0,2.56,8.19]],[[0.01,0.01,0],[3.48,0.14,0.15],[0.47,0,0.26],[0.02,1.91,2.85],[0.03,1.85,0],[0.02,0.46,1.88],[0,0.04,0.1]],[[0.38,1.56,2.62],[2.65,0,0.81],[0,0.63,0.01],[0,2.06,0.67],[1.76,0.76,0.19],[0.01,17.32,0.24],[0,0,1.41]],[[2.64,0,0.93],[0.2,0.22,0.2],[2.64,0,0],[0,0.01,0.02],[0.38,0,2.18],[0,6.13,0],[0,0.15,0.09]],[[0.36,0,0.01],[0.28,0,0],[0.13,0.07,0],[0,1.48,0],[0.37,0.29,0],[0,0,0],[0.03,0,0.08]],[[0,4.88,2.21],[0.01,1.75,0.41],[1.23,0,0],[0.19,0.07,0.01],[0,0,1.2],[0.01,0.61,0.01],[0.05,0,1.86]],[[0,0,0],[0,0.9,0],[0.05,0,0.86],[0,0,0],[0,0,0],[0,0.01,0],[0,0,0]]],[[[14.87,5.95,1.07],[7.72,3.3,1.25],[0.01,1.4,5.65],[2.36,3.52,1.6],[1.51,5.84,0.17],[2.45,0.16,9.51],[6.88,5.63,1]],[[0.07,0.03,0.55],[8.12,0.37,0],[0.35,0.7,0],[0,0,1.31],[3.25,6.31,0.08],[0.12,0.04,0],[0.11,0,0.05]],[[1.5,0,0.01],[0,4.84,0.1],[0.41,0,0],[0.23,0.57,0],[0,0.11,0],[0,0.8,0],[0.01,0,0]],[[0.42,0.31,0.97],[0.01,5.29,1.61],[0.02,0,0.01],[0,0.91,0.09],[0,0.28,0.02],[1.44,0,0],[0.22,1.66,0]],[[4.5,4.5,0],[1.43,0,0.52],[0.24,0,1.38],[0.12,1.91,0.09],[0,4.09,1.03],[0.02,0,4.19],[0.93,0,0.01]],[[0.06,10.57,4.43],[0.41,5.8,0.05],[0.66,0,10.57],[0.56,3.67,1.95],[0,11.65,5.27],[0.8,0.1,0.16],[0.01,0.07,0.05]],[[0.13,2.85,0],[0,10.77,0],[1.83,0.4,0.02],[0.51,0.12,0.32],[0,0.17,2.18],[0.24,0,0],[0.48,0,0]],[[1.03,1.88,0],[0.69,2.11,1.19],[0,0,0],[2.97,3.4,0.15],[0,0.01,0],[2.92,0.01,0],[0.05,0.04,0]],[[0.36,13.12,8.74],[0.03,1.93,4.47],[0,10.29,1.37],[1.09,0.81,0.4],[0.02,2.51,0.03],[0,10.56,0],[4.74,0.02,12.79]],[[0.01,0,0.01],[0,0,0],[0.01,0,0],[0,0,0],[0,0,0],[0,0,0],[0,0,0]]],[[[3.55,19.3,2.92],[7.72,2.4,0.98],[7.99,9.94,10.3],[0.46,5.3,9.43],[1.8,0.53,1.87],[0.35,0.2,1.06],[0.43,0.13,28.79]],[[0.09,0.16,0],[0.37,4.24,0.18],[0.16,1.11,9.96],[6.13,0.04,0.02],[2.83,9.18,0],[16.47,0.48,1.44],[0.16,0,0.26]],[[0,0,0.01],[0.05,0,0],[3.06,0,0],[0,0,0],[0,0.99,0],[0,0.65,0],[5.77,1.91,0.07]],[[0,0.1,0.14],[0.32,8.86,0.02],[0,0.03,0],[1.23,0.55,0.04],[0,0,0.01],[0,0.02,0.01],[4.19,0,0]],[[0,0,0.03],[1.68,0,0.04],[0,0,0],[0.05,0.01,1.02],[0.02,0,0.01],[0,0,0.14],[0,0,0]],[[0.49,0.31,0.46],[0.41,1.4,0.1],[0.05,0.49,0],[4.81,0.15,1.4],[11.65,8.55,4.21],[8.22,0,1.07],[0.2,0.04,2.48]],[[0.02,0.35,0.13],[0,0.82,0],[0,1.83,0.23],[0,0.02,0.35],[0.41,0.29,2.18],[0.08,0.71,1.65],[2,0.06,0]],[[0.01,0.44,2.33],[0.07,1.08,0],[1.53,0,0.27],[0.58,0.12,0.01],[0,0.01,3.44],[0.2,0.05,0],[0,0.31,0.93]],[[0.05,1.44,1.16],[0.28,0.38,2.25],[0.02,1.1,2.21],[0.05,1.22,0],[0.29,0.01,1.73],[0.18,0.02,0.02],[0.02,0.44,0.12]],[[0,0,0],[0,0.03,0],[0,0,0],[0,0,0],[0,0,0],[0,0,0],[0,0,0]]],[[[2.92,3.46,8.73],[1.53,0.98,2.48],[3.27,17.33,6.96],[9.12,1.4,1.33],[25.23,5.68,7.38],[0.72,2.45,2.75],[1,0.39,1.32]],[[0.83,0.35,0.03],[1.6,0,0],[0.01,0.55,0],[2.1,0.03,0],[0.63,0.77,0.02],[1.81,0,0.56],[0,0.78,2.29]],[[0.08,0,0],[0.06,0,0],[7.3,0.04,1.5],[0,0,0],[0,0,0],[0.08,0.29,0],[0.03,0,0.29]],[[0,0.01,0.02],[0,0.51,0],[3.93,0,0.61],[0,0.01,0.03],[0.31,0,0],[0.02,1.91,0],[0,0,0.84]],[[0,0,0.01],[0.07,0.01,1.82],[0,0,0.02],[2.56,0,0],[0.4,0.03,4.09],[0,0,0.03],[7.14,0,9.11]],[[0.22,0.01,0.44],[0.12,0,3.87],[0.74,0.29,0.03],[0.75,0.71,1.75],[0.15,0,0.21],[0.74,0.74,0],[0.1,0.01,1.07]],[[0.58,1.49,11.31],[0,0.09,0.1],[0.5,1,3.35],[0.02,0.02,0],[0.35,0.01,1.46],[0.14,0,0],[5.33,0,0]],[[0,0,0],[0,0,0.07],[0,0.05,0.05],[0.01,0,0],[0,0.07,0],[0.41,0,0.27],[0,0.81,0]],[[0.06,0.02,0],[0.08,0.38,0.32],[5.27,0.01,0.84],[2.03,0,2.89],[0.21,0.27,1.96],[0,0,0.08],[0,0.01,5.19]],[[0,0,0],[0,0,0],[0,2.14,0],[0,0,0],[0,0,0],[0,0,0],[0,0,0]]],[[[4.62,9.3,3.46],[6.95,10.48,4.16],[8.73,1.2,5.24],[3.33,0.4,3.83],[21.14,6.37,25.23],[1.69,0.67,4.46],[2.96,4.46,8.49]],[[0.16,0.26,3.08],[1.05,1.17,0.15],[0,2.89,3.08],[0.07,4.35,1.16],[4.4,0,0.77],[0,0.18,0],[6.7,1.56,0.02]],[[0.03,0.06,0],[0.02,0,0],[0.08,0,0],[0,0,0.07],[0,0,0],[0.23,0.01,0],[0,0,0.1]],[[0,0,0],[0.18,1.95,0],[0,0.19,0],[0,0,0.12],[0.43,0.11,0.25],[5.07,3.52,0],[0.04,0,0.01]],[[0.02,0.31,0.01],[0.04,0,7.19],[0.28,0,0],[0,0,0],[0.44,0,0.01],[0,0,0],[0.09,0.29,0]],[[0.66,0,0.17],[3.45,4.67,0.05],[0,7.93,7.93],[0.04,1.12,3.67],[0.01,0.07,0.01],[0,0,0.28],[3.33,0.31,2.48]],[[0,0.04,0.87],[1.76,0.01,0.02],[0.01,3.65,0],[0.32,2.41,0.3],[0,0,1.85],[0.04,1.24,0.07],[0,4.16,1.24]],[[0,0.05,0.01],[0,1.08,3.32],[0,0,2.62],[0.35,0.01,0.58],[0,0.08,0],[0,0,0],[0.31,4.99,0.13]],[[0,0.05,1.1],[0.03,3.48,1.43],[8.74,1.52,0],[1.09,0.16,0],[0.6,1.13,1.13],[1.03,0.15,2],[16.93,6.32,7.04]],[[0,0,2.14],[0.06,0,0],[0,0,0],[0,0.03,0],[0,0,0],[0,0,0],[0,0,0]]]];

