Omegamax = 2;
Produkte = 4;
v = [2,2,1,1];
KS = 132.8;

KH	=	9;								
							
											
kS = [[1000,	100.3154,	67.9336,	78.6797,	66.2313,	39.1673,	15.8027,	29.5922,	86.2152,	73.4044],
[100.3154,	1000,	74.3155,	63.6129,	52.5148,	75.8219,	84.5888,	108.1348,	29.2909,	64.5159],
[67.9336,	74.3155,	1000,	15.2169,	22.6999,	29.2509,	57.317,	53.6605,	45.899,	11.1019],
[78.6797,	63.6129,	15.2169,	1000,	18.5917,	39.5901,	66.206,	67.7875,	34.3532,	5.3364],
[66.2313,	52.5148,	22.6999,	18.5917,	1000,	29.6067,	52.0814,	62.0716,	25.8883,	15.7955],
[39.1673,	75.8219,	29.2509,	39.5901,	29.6067,	1000,	28.1405,	33.0635,	53.8425,	34.2857],
[15.8027,	84.5888,	57.317,	66.206,	52.0814,	28.1405,	1000,	34.0634,	70.7486,	61.0963],
[29.5922,	108.1348,	53.6605,	67.7875,	62.0716,	33.0635,	34.0634,	1000,	86.8817,	62.6072],
[86.2152,	29.2909,	45.899,	34.3532,	25.8883,	53.8425,	70.7486,	86.8817,	1000,	35.5839],
[73.4044,	64.5159,	11.1019,	5.3364,	15.7955,	34.2857,	61.0963,	62.6072,	35.5839,	1000]];
									
kem = [336,	96.3028,	65.2162,	75.5325,	63.582,	37.6006,	15.1706,	28.4085,	82.7666,	70.4682];
										
											
								

kI = [0.0033,0.0193,0.0514,0.1153];
qS = [1,1,1,1];

d = [[[[9.94,3.55,4.62,5.95],[1.32,7.72,6.95,3.3],[5.8,7.99,8.73,1.4],[18.02,0.46,3.33,3.52],[1.51,1.8,21.14,5.84],[1.69,0.35,1.69,0.16],[0.2,0.43,2.96,5.63]],[[0.99,0.09,0.16,0.03],[0,0.37,1.05,0.37],[0,0.16,0,0.7],[0.03,6.13,0.07,0],[3.03,2.83,4.4,6.31],[0.01,16.47,0,0.04],[3.73,0.16,6.7,0]],[[0,0,0.03,0],[2.1,0.05,0.02,4.84],[0,3.06,0.08,0],[0,0,0,0.57],[1.17,0,0,0.11],[0,0,0.23,0.8],[0,5.77,0,0]],[[0.03,0,0,0.31],[0.03,0.32,0.18,5.29],[0.02,0,0,0],[0,1.23,0,0.91],[0.54,0,0.43,0.28],[0,0,5.07,0],[0,4.19,0.04,1.66]],[[0.01,0,0.02,4.5],[3.48,1.68,0.04,0],[0.47,0,0.28,0],[0.02,0.05,0,1.91],[0.03,0.02,0.44,4.09],[0.02,0,0,0],[0,0,0.09,0]],[[0.38,0.49,0.66,10.57],[2.65,0.41,3.45,5.8],[0,0.05,0,0],[0,4.81,0.04,3.67],[1.76,11.65,0.01,11.65],[0.01,8.22,0,0.1],[0,0.2,3.33,0.07]],[[2.64,0.02,0,2.85],[0.2,0,1.76,10.77],[2.64,0,0.01,0.4],[0,0,0.32,0.12],[0.38,0.41,0,0.17],[0,0.08,0.04,0],[0,2,0,0]],[[0.36,0.01,0,1.88],[0.28,0.07,0,2.11],[0.13,1.53,0,0],[0,0.58,0.35,3.4],[0.37,0,0,0.01],[0,0.2,0,0.01],[0.03,0,0.31,0.04]],[[0,0.05,0,13.12],[0.01,0.28,0.03,1.93],[1.23,0.02,8.74,10.29],[0.19,0.05,1.09,0.81],[0,0.29,0.6,2.51],[0.01,0.18,1.03,10.56],[0.05,0.02,16.93,0.02]],[[0,0,0,0],[0,0,0.06,0],[0.05,0,0,0],[0,0,0,0],[0,0,0,0],[0,0,0,0],[0,0,0,0]]],[[[14.87,2.92,2.34,19.3],[7.72,1.53,2.63,2.4],[0.01,3.27,17.33,9.94],[2.36,9.12,1.53,5.3],[1.51,25.23,0.22,0.53],[2.45,0.72,0.35,0.2],[6.88,1,23.77,0.13]],[[0.07,0.83,0,0.16],[8.12,1.6,5.82,4.24],[0.35,0.01,0.93,1.11],[0,2.1,5.58,0.04],[3.25,0.63,0.13,9.18],[0.12,1.81,0.98,0.48],[0.11,0,5.99,0]],[[1.5,0.08,1.5,0],[0,0.06,0.01,0],[0.41,7.3,0,0],[0.23,0,0,0],[0,0,0.59,0.99],[0,0.08,0,0.65],[0.01,0.03,0.65,1.91]],[[0.42,0,0,0.1],[0.01,0,0.66,8.86],[0.02,3.93,0,0.03],[0,0,0.17,0.55],[0,0.31,0,0],[1.44,0.02,0,0.02],[0.22,0,2.56,0]],[[4.5,0,0.01,0],[1.43,0.07,0.14,0],[0.24,0,0,0],[0.12,2.56,1.91,0.01],[0,0.4,1.85,0],[0.02,0,0.46,0],[0.93,7.14,0.04,0]],[[0.06,0.22,1.56,0.31],[0.41,0.12,0,1.4],[0.66,0.74,0.63,0.49],[0.56,0.75,2.06,0.15],[0,0.15,0.76,8.55],[0.8,0.74,17.32,0],[0.01,0.1,0,0.04]],[[0.13,0.58,0,0.35],[0,0,0.22,0.82],[1.83,0.5,0,1.83],[0.51,0.02,0.01,0.02],[0,0.35,0,0.29],[0.24,0.14,6.13,0.71],[0.48,5.33,0.15,0.06]],[[1.03,0,0,0.44],[0.69,0,0,1.08],[0,0,0.07,0],[2.97,0.01,1.48,0.12],[0,0,0.29,0.01],[2.92,0.41,0,0.05],[0.05,0,0,0.31]],[[0.36,0.06,4.88,1.44],[0.03,0.08,1.75,0.38],[0,5.27,0,1.1],[1.09,2.03,0.07,1.22],[0.02,0.21,0,0.01],[0,0,0.61,0.02],[4.74,0,0,0.44]],[[0.01,0,0,0],[0,0,0.9,0.03],[0.01,0,0,0],[0,0,0,0],[0,0,0,0],[0,0,0.01,0],[0,0,0,0]]]];

