Omegamax = 7;
Produkte = 2;
v = [2,2];
KS = 117;

KH	=	9;								
							
											
kS = [[1000,	57.2372,	67.818,	71.0382,	113.7826,	113.8788,	58.1284,	11.8263,	18.415,	123.4198],
[57.2372,	1000,	46.2746,	90.4893,	109.4487,	63.9478,	85.5736,	67.1704,	61.1488,	79.4736],
[67.818,	46.2746,	1000,	55.0772,	63.2108,	56.2776,	57.2214,	71.1569,	58.0168,	58.8204],
[71.0382,	90.4893,	55.0772,	1000,	51.2275,	109.1766,	14.9386,	64.9797,	52.6937,	105.6924],
[113.7826,	109.4487,	63.2108,	51.2275,	1000,	95.8549,	65.6871,	110.9154,	97.0091,	82.8634],
[113.8788,	63.9478,	56.2776,	109.1766,	95.8549,	1000,	113.2514,	120.7053,	109.6557,	21.205],
[58.1284,	85.5736,	57.2214,	14.9386,	65.6871,	113.2514,	1000,	51.0286,	39.7368,	112.4334],
[11.8263,	67.1704,	71.1569,	64.9797,	110.9154,	120.7053,	51.0286,	1000,	14.2461,	128.6299],
[18.415,	61.1488,	58.0168,	52.6937,	97.0091,	109.6557,	39.7368,	14.2461,	1000,	116.2309],
[123.4198,	79.4736,	58.8204,	105.6924,	82.8634,	21.205,	112.4334,	128.6299,	116.2309,	1000]];
									
kem = [336,	54.9478,	65.1053,	68.1967,	109.2313,	109.3237,	55.8032,	11.3532,	17.6784,	118.4831];
											
											
								

kI = [0.0033,0.0193];
qS = [1,1];

d = [[[[9.94,19.3],[1.32,2.4],[5.8,9.94],[18.02,5.3],[1.51,0.53],[1.69,0.2],[0.2,0.13]],[[0.99,0.16],[0,4.24],[0,1.11],[0.03,0.04],[3.03,9.18],[0.01,0.48],[3.73,0]],[[0,0],[2.1,0],[0,0],[0,0],[1.17,0.99],[0,0.65],[0,1.91]],[[0.03,0.1],[0.03,8.86],[0.02,0.03],[0,0.55],[0.54,0],[0,0.02],[0,0]],[[0.01,0],[3.48,0],[0.47,0],[0.02,0.01],[0.03,0],[0.02,0],[0,0]],[[0.38,0.31],[2.65,1.4],[0,0.49],[0,0.15],[1.76,8.55],[0.01,0],[0,0.04]],[[2.64,0.35],[0.2,0.82],[2.64,1.83],[0,0.02],[0.38,0.29],[0,0.71],[0,0.06]],[[0.36,0.44],[0.28,1.08],[0.13,0],[0,0.12],[0.37,0.01],[0,0.05],[0.03,0.31]],[[0,1.44],[0.01,0.38],[1.23,1.1],[0.19,1.22],[0,0.01],[0.01,0.02],[0.05,0.44]],[[0,0],[0,0.03],[0.05,0],[0,0],[0,0],[0,0],[0,0]]],[[[14.87,3.46],[7.72,0.98],[0.01,17.33],[2.36,1.4],[1.51,5.68],[2.45,2.45],[6.88,0.39]],[[0.07,0.35],[8.12,0],[0.35,0.55],[0,0.03],[3.25,0.77],[0.12,0],[0.11,0.78]],[[1.5,0],[0,0],[0.41,0.04],[0.23,0],[0,0],[0,0.29],[0.01,0]],[[0.42,0.01],[0.01,0.51],[0.02,0],[0,0.01],[0,0],[1.44,1.91],[0.22,0]],[[4.5,0],[1.43,0.01],[0.24,0],[0.12,0],[0,0.03],[0.02,0],[0.93,0]],[[0.06,0.01],[0.41,0],[0.66,0.29],[0.56,0.71],[0,0],[0.8,0.74],[0.01,0.01]],[[0.13,1.49],[0,0.09],[1.83,1],[0.51,0.02],[0,0.01],[0.24,0],[0.48,0]],[[1.03,0],[0.69,0],[0,0.05],[2.97,0],[0,0.07],[2.92,0],[0.05,0.81]],[[0.36,0.02],[0.03,0.38],[0,0.01],[1.09,0],[0.02,0.27],[0,0],[4.74,0.01]],[[0.01,0],[0,0],[0.01,2.14],[0,0],[0,0],[0,0],[0,0]]],[[[3.55,9.3],[7.72,10.48],[7.99,1.2],[0.46,0.4],[1.8,6.37],[0.35,0.67],[0.43,4.46]],[[0.09,0.26],[0.37,1.17],[0.16,2.89],[6.13,4.35],[2.83,0],[16.47,0.18],[0.16,1.56]],[[0,0.06],[0.05,0],[3.06,0],[0,0],[0,0],[0,0.01],[5.77,0]],[[0,0],[0.32,1.95],[0,0.19],[1.23,0],[0,0.11],[0,3.52],[4.19,0]],[[0,0.31],[1.68,0],[0,0],[0.05,0],[0.02,0],[0,0],[0,0.29]],[[0.49,0],[0.41,4.67],[0.05,7.93],[4.81,1.12],[11.65,0.07],[8.22,0],[0.2,0.31]],[[0.02,0.04],[0,0.01],[0,3.65],[0,2.41],[0.41,0],[0.08,1.24],[2,4.16]],[[0.01,0.05],[0.07,1.08],[1.53,0],[0.58,0.01],[0,0.08],[0.2,0],[0,4.99]],[[0.05,0.05],[0.28,3.48],[0.02,1.52],[0.05,0.16],[0.29,1.13],[0.18,0.15],[0.02,6.32]],[[0,0],[0,0],[0,0],[0,0.03],[0,0],[0,0],[0,0]]],[[[2.92,0.55],[1.53,14.42],[3.27,1.54],[9.12,5.6],[25.23,0.93],[0.72,3.29],[1,4.04]],[[0.83,1.38],[1.6,0.15],[0.01,0.13],[2.1,0],[0.63,0.16],[1.81,0],[0,1.24]],[[0.08,0],[0.06,0],[7.3,0],[0,0.36],[0,0.11],[0.08,0],[0.03,0.23]],[[0,4.58],[0,0.06],[3.93,0],[0,1.52],[0.31,0],[0.02,0],[0,8.19]],[[0,0],[0.07,0.15],[0,0.26],[2.56,2.85],[0.4,0],[0,1.88],[7.14,0.1]],[[0.22,2.62],[0.12,0.81],[0.74,0.01],[0.75,0.67],[0.15,0.19],[0.74,0.24],[0.1,1.41]],[[0.58,0.93],[0,0.2],[0.5,0],[0.02,0.02],[0.35,2.18],[0.14,0],[5.33,0.09]],[[0,0.01],[0,0],[0,0],[0.01,0],[0,0],[0.41,0],[0,0.08]],[[0.06,2.21],[0.08,0.41],[5.27,0],[2.03,0.01],[0.21,1.2],[0,0.01],[0,1.86]],[[0,0],[0,0],[0,0.86],[0,0],[0,0],[0,0],[0,0]]],[[[4.62,1.07],[6.95,1.25],[8.73,5.65],[3.33,1.6],[21.14,0.17],[1.69,9.51],[2.96,1]],[[0.16,0.55],[1.05,0],[0,0],[0.07,1.31],[4.4,0.08],[0,0],[6.7,0.05]],[[0.03,0.01],[0.02,0.1],[0.08,0],[0,0],[0,0],[0.23,0],[0,0]],[[0,0.97],[0.18,1.61],[0,0.01],[0,0.09],[0.43,0.02],[5.07,0],[0.04,0]],[[0.02,0],[0.04,0.52],[0.28,1.38],[0,0.09],[0.44,1.03],[0,4.19],[0.09,0.01]],[[0.66,4.43],[3.45,0.05],[0,10.57],[0.04,1.95],[0.01,5.27],[0,0.16],[3.33,0.05]],[[0,0],[1.76,0],[0.01,0.02],[0.32,0.32],[0,2.18],[0.04,0],[0,0]],[[0,0],[0,1.19],[0,0],[0.35,0.15],[0,0],[0,0],[0.31,0]],[[0,8.74],[0.03,4.47],[8.74,1.37],[1.09,0.4],[0.6,0.03],[1.03,0],[16.93,12.79]],[[0,0.01],[0.06,0],[0,0],[0,0],[0,0],[0,0],[0,0]]],[[[2.34,2.92],[2.63,0.98],[17.33,10.3],[1.53,9.43],[0.22,1.87],[0.35,1.06],[23.77,28.79]],[[0,0],[5.82,0.18],[0.93,9.96],[5.58,0.02],[0.13,0],[0.98,1.44],[5.99,0.26]],[[1.5,0.01],[0.01,0],[0,0],[0,0],[0.59,0],[0,0],[0.65,0.07]],[[0,0.14],[0.66,0.02],[0,0],[0.17,0.04],[0,0.01],[0,0.01],[2.56,0]],[[0.01,0.03],[0.14,0.04],[0,0],[1.91,1.02],[1.85,0.01],[0.46,0.14],[0.04,0]],[[1.56,0.46],[0,0.1],[0.63,0],[2.06,1.4],[0.76,4.21],[17.32,1.07],[0,2.48]],[[0,0.13],[0.22,0],[0,0.23],[0.01,0.35],[0,2.18],[6.13,1.65],[0.15,0]],[[0,2.33],[0,0],[0.07,0.27],[1.48,0.01],[0.29,3.44],[0,0],[0,0.93]],[[4.88,1.16],[1.75,2.25],[0,2.21],[0.07,0],[0,1.73],[0.61,0.02],[0,0.12]],[[0,0],[0.9,0],[0,0],[0,0],[0,0],[0.01,0],[0,0]]],[[[5.95,8.73],[3.3,2.48],[1.4,6.96],[3.52,1.33],[5.84,7.38],[0.16,2.75],[5.63,1.32]],[[0.03,0.03],[0.37,0],[0.7,0],[0,0],[6.31,0.02],[0.04,0.56],[0,2.29]],[[0,0],[4.84,0],[0,1.5],[0.57,0],[0.11,0],[0.8,0],[0,0.29]],[[0.31,0.02],[5.29,0],[0,0.61],[0.91,0.03],[0.28,0],[0,0],[1.66,0.84]],[[4.5,0.01],[0,1.82],[0,0.02],[1.91,0],[4.09,4.09],[0,0.03],[0,9.11]],[[10.57,0.44],[5.8,3.87],[0,0.03],[3.67,1.75],[11.65,0.21],[0.1,0],[0.07,1.07]],[[2.85,11.31],[10.77,0.1],[0.4,3.35],[0.12,0],[0.17,1.46],[0,0],[0,0]],[[1.88,0],[2.11,0.07],[0,0.05],[3.4,0],[0.01,0],[0.01,0.27],[0.04,0]],[[13.12,0],[1.93,0.32],[10.29,0.84],[0.81,2.89],[2.51,1.96],[10.56,0.08],[0.02,5.19]],[[0,0],[0,0],[0,0],[0,0],[0,0],[0,0],[0,0]]]];

