Omegamax = 3;
Produkte = 3;
v = [2,2,1];
KS = 126;

KH	=	9;								
							
											
kS = [[1000,	57.2372,	67.818,	71.0382,	113.7826,	113.8788,	58.1284,	11.8263,	18.415,	123.4198],
[57.2372,	1000,	46.2746,	90.4893,	109.4487,	63.9478,	85.5736,	67.1704,	61.1488,	79.4736],
[67.818,	46.2746,	1000,	55.0772,	63.2108,	56.2776,	57.2214,	71.1569,	58.0168,	58.8204],
[71.0382,	90.4893,	55.0772,	1000,	51.2275,	109.1766,	14.9386,	64.9797,	52.6937,	105.6924],
[113.7826,	109.4487,	63.2108,	51.2275,	1000,	95.8549,	65.6871,	110.9154,	97.0091,	82.8634],
[113.8788,	63.9478,	56.2776,	109.1766,	95.8549,	1000,	113.2514,	120.7053,	109.6557,	21.205],
[58.1284,	85.5736,	57.2214,	14.9386,	65.6871,	113.2514,	1000,	51.0286,	39.7368,	112.4334],
[11.8263,	67.1704,	71.1569,	64.9797,	110.9154,	120.7053,	51.0286,	1000,	14.2461,	128.6299],
[18.415,	61.1488,	58.0168,	52.6937,	97.0091,	109.6557,	39.7368,	14.2461,	1000,	116.2309],
[123.4198,	79.4736,	58.8204,	105.6924,	82.8634,	21.205,	112.4334,	128.6299,	116.2309,	1000]];
									
kem = [336,	54.9478,	65.1053,	68.1967,	109.2313,	109.3237,	55.8032,	11.3532,	17.6784,	118.4831];
											
											
								

kI = [0.0033,0.0193,0.0514];
qS = [1,1,1];

d = [[[[9.94,2.92,5.95],[1.32,1.53,3.3],[5.8,3.27,1.4],[18.02,9.12,3.52],[1.51,25.23,5.84],[1.69,0.72,0.16],[0.2,1,5.63]],[[0.99,0.83,0.03],[0,1.6,0.37],[0,0.01,0.7],[0.03,2.1,0],[3.03,0.63,6.31],[0.01,1.81,0.04],[3.73,0,0]],[[0,0.08,0],[2.1,0.06,4.84],[0,7.3,0],[0,0,0.57],[1.17,0,0.11],[0,0.08,0.8],[0,0.03,0]],[[0.03,0,0.31],[0.03,0,5.29],[0.02,3.93,0],[0,0,0.91],[0.54,0.31,0.28],[0,0.02,0],[0,0,1.66]],[[0.01,0,4.5],[3.48,0.07,0],[0.47,0,0],[0.02,2.56,1.91],[0.03,0.4,4.09],[0.02,0,0],[0,7.14,0]],[[0.38,0.22,10.57],[2.65,0.12,5.8],[0,0.74,0],[0,0.75,3.67],[1.76,0.15,11.65],[0.01,0.74,0.1],[0,0.1,0.07]],[[2.64,0.58,2.85],[0.2,0,10.77],[2.64,0.5,0.4],[0,0.02,0.12],[0.38,0.35,0.17],[0,0.14,0],[0,5.33,0]],[[0.36,0,1.88],[0.28,0,2.11],[0.13,0,0],[0,0.01,3.4],[0.37,0,0.01],[0,0.41,0.01],[0.03,0,0.04]],[[0,0.06,13.12],[0.01,0.08,1.93],[1.23,5.27,10.29],[0.19,2.03,0.81],[0,0.21,2.51],[0.01,0,10.56],[0.05,0,0.02]],[[0,0,0],[0,0,0],[0.05,0,0],[0,0,0],[0,0,0],[0,0,0],[0,0,0]]],[[[14.87,4.62,19.3],[7.72,6.95,2.4],[0.01,8.73,9.94],[2.36,3.33,5.3],[1.51,21.14,0.53],[2.45,1.69,0.2],[6.88,2.96,0.13]],[[0.07,0.16,0.16],[8.12,1.05,4.24],[0.35,0,1.11],[0,0.07,0.04],[3.25,4.4,9.18],[0.12,0,0.48],[0.11,6.7,0]],[[1.5,0.03,0],[0,0.02,0],[0.41,0.08,0],[0.23,0,0],[0,0,0.99],[0,0.23,0.65],[0.01,0,1.91]],[[0.42,0,0.1],[0.01,0.18,8.86],[0.02,0,0.03],[0,0,0.55],[0,0.43,0],[1.44,5.07,0.02],[0.22,0.04,0]],[[4.5,0.02,0],[1.43,0.04,0],[0.24,0.28,0],[0.12,0,0.01],[0,0.44,0],[0.02,0,0],[0.93,0.09,0]],[[0.06,0.66,0.31],[0.41,3.45,1.4],[0.66,0,0.49],[0.56,0.04,0.15],[0,0.01,8.55],[0.8,0,0],[0.01,3.33,0.04]],[[0.13,0,0.35],[0,1.76,0.82],[1.83,0.01,1.83],[0.51,0.32,0.02],[0,0,0.29],[0.24,0.04,0.71],[0.48,0,0.06]],[[1.03,0,0.44],[0.69,0,1.08],[0,0,0],[2.97,0.35,0.12],[0,0,0.01],[2.92,0,0.05],[0.05,0.31,0.31]],[[0.36,0,1.44],[0.03,0.03,0.38],[0,8.74,1.1],[1.09,1.09,1.22],[0.02,0.6,0.01],[0,1.03,0.02],[4.74,16.93,0.44]],[[0.01,0,0],[0,0.06,0.03],[0.01,0,0],[0,0,0],[0,0,0],[0,0,0],[0,0,0]]],[[[3.55,2.34,3.46],[7.72,2.63,0.98],[7.99,17.33,17.33],[0.46,1.53,1.4],[1.8,0.22,5.68],[0.35,0.35,2.45],[0.43,23.77,0.39]],[[0.09,0,0.35],[0.37,5.82,0],[0.16,0.93,0.55],[6.13,5.58,0.03],[2.83,0.13,0.77],[16.47,0.98,0],[0.16,5.99,0.78]],[[0,1.5,0],[0.05,0.01,0],[3.06,0,0.04],[0,0,0],[0,0.59,0],[0,0,0.29],[5.77,0.65,0]],[[0,0,0.01],[0.32,0.66,0.51],[0,0,0],[1.23,0.17,0.01],[0,0,0],[0,0,1.91],[4.19,2.56,0]],[[0,0.01,0],[1.68,0.14,0.01],[0,0,0],[0.05,1.91,0],[0.02,1.85,0.03],[0,0.46,0],[0,0.04,0]],[[0.49,1.56,0.01],[0.41,0,0],[0.05,0.63,0.29],[4.81,2.06,0.71],[11.65,0.76,0],[8.22,17.32,0.74],[0.2,0,0.01]],[[0.02,0,1.49],[0,0.22,0.09],[0,0,1],[0,0.01,0.02],[0.41,0,0.01],[0.08,6.13,0],[2,0.15,0]],[[0.01,0,0],[0.07,0,0],[1.53,0.07,0.05],[0.58,1.48,0],[0,0.29,0.07],[0.2,0,0],[0,0,0.81]],[[0.05,4.88,0.02],[0.28,1.75,0.38],[0.02,0,0.01],[0.05,0.07,0],[0.29,0,0.27],[0.18,0.61,0],[0.02,0,0.01]],[[0,0,0],[0,0.9,0],[0,0,2.14],[0,0,0],[0,0,0],[0,0.01,0],[0,0,0]]]];

