Omegamax = 7;
Produkte = 3;
v = [2,2,1];
KS = 126;

KH	=	9;								
							
											
kS	=	[[1000,	38.3697,	57.8946,	30.1217,	18.8233,	28.0246,	94.1813,	31.1978,	82.6637,	6.6888],
[38.3697,	1000,	42.0865,	66.0012,	40.6863,	52.9436,	57.2311,	32.8856,	120.1414,	34.9844],		
[57.8946,	42.0865,	1000,	87.3048,	44.2297,	83.5652,	80.965,	71.1879,	121.4214,	51.2905],		
[30.1217,	66.0012,	87.3048,	1000,	44.2753,	21.9064,	117.9197,	44.6716,	65.5233,	36.336],		
[18.8233,	40.6863,	44.2297,	44.2753,	1000,	46.7413,	97.7309,	46.9758,	82.1338,	13.2944],		
[28.0246,	52.9436,	83.5652,	21.9064,	46.7413,	1000,	99.4712,	24.9261,	87.4116,	34.3822],		
[94.1813,	57.2311,	80.965,	117.9197,	97.7309,	99.4712,	1000,	74.549,	176.7898,	91.8054],		
[31.1978,	32.8856,	71.1879,	44.6716,	46.9758,	24.9261,	74.549,	1000,	108.3524,	34.1155],		
[82.6637,	120.1414,	121.4214,	65.5233,	82.1338,	87.4116,	176.7898,	108.3524,	1000,	85.1678],		
[6.6888,	34.9844,	51.2905,	36.336,	13.2944,	34.3822,	91.8054,	34.1155,	85.1678,	1000]];		
											
kem	=	[336,	36.8349,	55.5788,	28.9168,	18.0703,	26.9037,	90.414,	29.9499,	79.3572,	6.4213];
											
											
								

kI = [0.0033,0.0193,0.0514];
qS = [1,1,1];

d = [[[[9.94,19.3,3.46],[1.32,2.4,4.16],[5.8,9.94,5.24],[18.02,5.3,3.83],[1.51,0.53,25.23],[1.69,0.2,4.46],[0.2,0.13,8.49]],[[0.99,0.16,3.08],[0,4.24,0.15],[0,1.11,3.08],[0.03,0.04,1.16],[3.03,9.18,0.77],[0.01,0.48,0],[3.73,0,0.02]],[[0,0,0],[2.1,0,0],[0,0,0],[0,0,0.07],[1.17,0.99,0],[0,0.65,0],[0,1.91,0.1]],[[0.03,0.1,0],[0.03,8.86,0],[0.02,0.03,0],[0,0.55,0.12],[0.54,0,0.25],[0,0.02,0],[0,0,0.01]],[[0.01,0,0.01],[3.48,0,7.19],[0.47,0,0],[0.02,0.01,0],[0.03,0,0.01],[0.02,0,0],[0,0,0]],[[0.38,0.31,0.17],[2.65,1.4,0.05],[0,0.49,7.93],[0,0.15,3.67],[1.76,8.55,0.01],[0.01,0,0.28],[0,0.04,2.48]],[[2.64,0.35,0.87],[0.2,0.82,0.02],[2.64,1.83,0],[0,0.02,0.3],[0.38,0.29,1.85],[0,0.71,0.07],[0,0.06,1.24]],[[0.36,0.44,0.01],[0.28,1.08,3.32],[0.13,0,2.62],[0,0.12,0.58],[0.37,0.01,0],[0,0.05,0],[0.03,0.31,0.13]],[[0,1.44,1.1],[0.01,0.38,1.43],[1.23,1.1,0],[0.19,1.22,0],[0,0.01,1.13],[0.01,0.02,2],[0.05,0.44,7.04]],[[0,0,2.14],[0,0.03,0],[0.05,0,0],[0,0,0],[0,0,0],[0,0,0],[0,0,0]]],[[[14.87,3.46,2.92],[7.72,0.98,8.39],[0.01,17.33,0.16],[2.36,1.4,2.28],[1.51,5.68,2.7],[2.45,2.45,5.63],[6.88,0.39,2.09]],[[0.07,0.35,2.16],[8.12,0,0],[0.35,0.55,0.55],[0,0.03,1.03],[3.25,0.77,0.01],[0.12,0,1.56],[0.11,0.78,0.98]],[[1.5,0,0],[0,0,0],[0.41,0.04,0.1],[0.23,0,5.18],[0,0,8.06],[0,0.29,0],[0.01,0,0]],[[0.42,0.01,0.28],[0.01,0.51,0.15],[0.02,0,0.26],[0,0.01,0],[0,0,2.06],[1.44,1.91,0],[0.22,0,1.1]],[[4.5,0,0],[1.43,0.01,0.03],[0.24,0,0.4],[0.12,0,5.33],[0,0.03,0],[0.02,0,1.48],[0.93,0,0.15]],[[0.06,0.01,0.06],[0.41,0,4.67],[0.66,0.29,0.08],[0.56,0.71,1.06],[0,0,0.97],[0.8,0.74,0.18],[0.01,0.01,0]],[[0.13,1.49,0.01],[0,0.09,0],[1.83,1,0.93],[0.51,0.02,2.41],[0,0.01,0],[0.24,0,0],[0.48,0,0.21]],[[1.03,0,0.01],[0.69,0,5.23],[0,0.05,0.01],[2.97,0,0],[0,0.07,0],[2.92,0,0],[0.05,0.81,0]],[[0.36,0.02,0.05],[0.03,0.38,2.93],[0,0.01,4.88],[1.09,0,2.89],[0.02,0.27,0.23],[0,0,1.73],[4.74,0.01,3.39]],[[0.01,0,0],[0,0,0],[0.01,2.14,0],[0,0,0],[0,0,0],[0,0,0],[0,0,0]]],[[[3.55,9.3,2.75],[7.72,10.48,3.13],[7.99,1.2,1.13],[0.46,0.4,1.26],[1.8,6.37,3.17],[0.35,0.67,2.09],[0.43,4.46,11.22]],[[0.09,0.26,0.04],[0.37,1.17,3.27],[0.16,2.89,0.11],[6.13,4.35,0.01],[2.83,0,0.2],[16.47,0.18,5.99],[0.16,1.56,0.2]],[[0,0.06,0],[0.05,0,0],[3.06,0,0],[0,0,0.09],[0,0,0],[0,0.01,0],[5.77,0,0]],[[0,0,0],[0.32,1.95,0],[0,0.19,0.73],[1.23,0,0],[0,0.11,0.11],[0,3.52,4.19],[4.19,0,0.84]],[[0,0.31,0.34],[1.68,0,0],[0,0,3.16],[0.05,0,0],[0.02,0,0.32],[0,0,0.07],[0,0.29,0.46]],[[0.49,0,0.09],[0.41,4.67,0.3],[0.05,7.93,0.01],[4.81,1.12,0.46],[11.65,0.07,0.03],[8.22,0,0.69],[0.2,0.31,0.01]],[[0.02,0.04,0.06],[0,0.01,0],[0,3.65,0.23],[0,2.41,0.21],[0.41,0,12.66],[0.08,1.24,0.71],[2,4.16,3.71]],[[0.01,0.05,2.09],[0.07,1.08,0],[1.53,0,0.27],[0.58,0.01,0.15],[0,0.08,1.26],[0.2,0,0],[0,4.99,8.09]],[[0.05,0.05,6.24],[0.28,3.48,1.66],[0.02,1.52,0.27],[0.05,0.16,0],[0.29,1.13,0.06],[0.18,0.15,2.31],[0.02,6.32,0.44]],[[0,0,0],[0,0,0],[0,0,0],[0,0.03,0],[0,0,0],[0,0,0],[0,0,0]]],[[[2.92,0.55,12.62],[1.53,14.42,4.7],[3.27,1.54,9.01],[9.12,5.6,0.12],[25.23,0.93,3.58],[0.72,3.29,1.13],[1,4.04,1.92]],[[0.83,1.38,3.73],[1.6,0.15,0.1],[0.01,0.13,0.42],[2.1,0,0],[0.63,0.16,0.13],[1.81,0,10.16],[0,1.24,1.81]],[[0.08,0,0.01],[0.06,0,0],[7.3,0,3.82],[0,0.36,0],[0,0.11,2.5],[0.08,0,0],[0.03,0.23,0]],[[0,4.58,3.01],[0,0.06,0],[3.93,0,0.88],[0,1.52,0],[0.31,0,0.01],[0.02,0,0.56],[0,8.19,0]],[[0,0,0.02],[0.07,0.15,5.04],[0,0.26,0.02],[2.56,2.85,0],[0.4,0,0.94],[0,1.88,0.74],[7.14,0.1,0.05]],[[0.22,2.62,0],[0.12,0.81,7.67],[0.74,0.01,3.08],[0.75,0.67,0],[0.15,0.19,0],[0.74,0.24,1.74],[0.1,1.41,0.43]],[[0.58,0.93,1.14],[0,0.2,0],[0.5,0,0.02],[0.02,0.02,1.07],[0.35,2.18,0.01],[0.14,0,1.37],[5.33,0.09,1.65]],[[0,0.01,0],[0,0,0.14],[0,0,4.52],[0.01,0,0],[0,0,0.46],[0.41,0,0.71],[0,0.08,0.01]],[[0.06,2.21,2.21],[0.08,0.41,0.01],[5.27,0,0.63],[2.03,0.01,0.05],[0.21,1.2,9.52],[0,0.01,0.22],[0,1.86,5.71]],[[0,0,0],[0,0,0],[0,0.86,0],[0,0,0],[0,0,0.13],[0,0,0],[0,0,0]]],[[[4.62,1.07,6.43],[6.95,1.25,3.76],[8.73,5.65,4.62],[3.33,1.6,0.46],[21.14,0.17,0.17],[1.69,9.51,0.16],[2.96,1,1.06]],[[0.16,0.55,1.11],[1.05,0,3.27],[0,0,0.01],[0.07,1.31,0.52],[4.4,0.08,2.31],[0,0,0.02],[6.7,0.05,0.05]],[[0.03,0.01,2.09],[0.02,0.1,0.76],[0.08,0,0.08],[0,0,0],[0,0,0.18],[0.23,0,0.99],[0,0,0]],[[0,0.97,0.17],[0.18,1.61,0.51],[0,0.01,0.67],[0,0.09,0],[0.43,0.02,1.16],[5.07,0,0],[0.04,0,0.02]],[[0.02,0,0],[0.04,0.52,0.21],[0.28,1.38,0.56],[0,0.09,0.08],[0.44,1.03,0.01],[0,4.19,0],[0.09,0.01,0]],[[0.66,4.43,0.06],[3.45,0.05,1.4],[0,10.57,0.88],[0.04,1.95,0],[0.01,5.27,2.1],[0,0.16,0.1],[3.33,0.05,0.51]],[[0,0,0],[1.76,0,0.07],[0.01,0.02,0.14],[0.32,0.32,0],[0,2.18,1.71],[0.04,0,0.24],[0,0,0]],[[0,0,0.06],[0,1.19,0.01],[0,0,0.07],[0.35,0.15,0.12],[0,0,0],[0,0,1.22],[0.31,0,0]],[[0,8.74,3.71],[0.03,4.47,0.14],[8.74,1.37,1.98],[1.09,0.4,0],[0.6,0.03,0.1],[1.03,0,0.01],[16.93,12.79,0.83]],[[0,0.01,0],[0.06,0,0],[0,0,0],[0,0,0],[0,0,0],[0,0,0],[0,0,0]]],[[[2.34,2.92,0.81],[2.63,0.98,1.67],[17.33,10.3,2.12],[1.53,9.43,11.34],[0.22,1.87,1.05],[0.35,1.06,9.51],[23.77,28.79,2.85]],[[0,0,0.03],[5.82,0.18,3.96],[0.93,9.96,0],[5.58,0.02,0.81],[0.13,0,0.03],[0.98,1.44,0.02],[5.99,0.26,6.7]],[[1.5,0.01,0],[0.01,0,4.84],[0,0,0.01],[0,0,0.03],[0.59,0,0.5],[0,0,0.02],[0.65,0.07,0]],[[0,0.14,0.61],[0.66,0.02,0],[0,0,1.73],[0.17,0.04,0],[0,0.01,3.5],[0,0.01,0],[2.56,0,0]],[[0.01,0.03,0.16],[0.14,0.04,0.83],[0,0,0],[1.91,1.02,0],[1.85,0.01,0],[0.46,0.14,0],[0.04,0,0]],[[1.56,0.46,0.01],[0,0.1,0.07],[0.63,0,9],[2.06,1.4,0.46],[0.76,4.21,7.61],[17.32,1.07,5.97],[0,2.48,0]],[[0,0.13,0],[0.22,0,1.36],[0,0.23,0.81],[0.01,0.35,0],[0,2.18,0.53],[6.13,1.65,4.16],[0.15,0,2.44]],[[0,2.33,0],[0,0,0],[0.07,0.27,0.09],[1.48,0.01,0.53],[0.29,3.44,0],[0,0,0.2],[0,0.93,0]],[[4.88,1.16,1.78],[1.75,2.25,1.66],[0,2.21,3.09],[0.07,0,13.84],[0,1.73,0.73],[0.61,0.02,0],[0,0.12,0.61]],[[0,0,0],[0.9,0,0],[0,0,0],[0,0,0],[0,0,0],[0.01,0,0],[0,0,0]]],[[[5.95,8.73,5.8],[3.3,2.48,1.25],[1.4,6.96,15.94],[3.52,1.33,11.34],[5.84,7.38,8.37],[0.16,2.75,9.15],[5.63,1.32,2.18]],[[0.03,0.03,0.03],[0.37,0,0.54],[0.7,0,3.49],[0,0,4.03],[6.31,0.02,0.09],[0.04,0.56,0],[0,2.29,0.04]],[[0,0,0.01],[4.84,0,0.01],[0,1.5,3.06],[0.57,0,0],[0.11,0,0.09],[0.8,0,0],[0,0.29,0]],[[0.31,0.02,0],[5.29,0,0.01],[0,0.61,0],[0.91,0.03,0.05],[0.28,0,0],[0,0,0],[1.66,0.84,8.19]],[[4.5,0.01,0],[0,1.82,0.03],[0,0.02,0],[1.91,0,1.21],[4.09,4.09,0],[0,0.03,0],[0,9.11,0]],[[10.57,0.44,1.91],[5.8,3.87,0.34],[0,0.03,0.07],[3.67,1.75,9.38],[11.65,0.21,0.63],[0.1,0,0],[0.07,1.07,1.87]],[[2.85,11.31,0.01],[10.77,0.1,0.12],[0.4,3.35,3.99],[0.12,0,0.6],[0.17,1.46,0.02],[0,0,0],[0,0,0.01]],[[1.88,0,1.03],[2.11,0.07,0.28],[0,0.05,0.02],[3.4,0,0.58],[0.01,0,0.72],[0.01,0.27,0],[0.04,0,0.36]],[[13.12,0,0],[1.93,0.32,2.25],[10.29,0.84,4.23],[0.81,2.89,0],[2.51,1.96,1],[10.56,0.08,6.32],[0.02,5.19,0]],[[0,0,0],[0,0,0],[0,0,0],[0,0,0],[0,0,0],[0,0,0],[0,0,0]]]];

