Omegamax = 10;
Produkte = 2;
v = [2,2];
KS = 117;

KH	=	9;								
							
											
kS	=	[[1000,	38.3697,	57.8946,	30.1217,	18.8233,	28.0246,	94.1813,	31.1978,	82.6637,	6.6888],
[38.3697,	1000,	42.0865,	66.0012,	40.6863,	52.9436,	57.2311,	32.8856,	120.1414,	34.9844],		
[57.8946,	42.0865,	1000,	87.3048,	44.2297,	83.5652,	80.965,	71.1879,	121.4214,	51.2905],		
[30.1217,	66.0012,	87.3048,	1000,	44.2753,	21.9064,	117.9197,	44.6716,	65.5233,	36.336],		
[18.8233,	40.6863,	44.2297,	44.2753,	1000,	46.7413,	97.7309,	46.9758,	82.1338,	13.2944],		
[28.0246,	52.9436,	83.5652,	21.9064,	46.7413,	1000,	99.4712,	24.9261,	87.4116,	34.3822],		
[94.1813,	57.2311,	80.965,	117.9197,	97.7309,	99.4712,	1000,	74.549,	176.7898,	91.8054],		
[31.1978,	32.8856,	71.1879,	44.6716,	46.9758,	24.9261,	74.549,	1000,	108.3524,	34.1155],		
[82.6637,	120.1414,	121.4214,	65.5233,	82.1338,	87.4116,	176.7898,	108.3524,	1000,	85.1678],		
[6.6888,	34.9844,	51.2905,	36.336,	13.2944,	34.3822,	91.8054,	34.1155,	85.1678,	1000]];		
											
kem	=	[336,	36.8349,	55.5788,	28.9168,	18.0703,	26.9037,	90.414,	29.9499,	79.3572,	6.4213];
											
											
								

kI = [0.0033,0.0193];
qS = [1,1];

d = [[[[9.94,0.55],[1.32,14.42],[5.8,1.54],[18.02,5.6],[1.51,0.93],[1.69,3.29],[0.2,4.04]],[[0.99,1.38],[0,0.15],[0,0.13],[0.03,0],[3.03,0.16],[0.01,0],[3.73,1.24]],[[0,0],[2.1,0],[0,0],[0,0.36],[1.17,0.11],[0,0],[0,0.23]],[[0.03,4.58],[0.03,0.06],[0.02,0],[0,1.52],[0.54,0],[0,0],[0,8.19]],[[0.01,0],[3.48,0.15],[0.47,0.26],[0.02,2.85],[0.03,0],[0.02,1.88],[0,0.1]],[[0.38,2.62],[2.65,0.81],[0,0.01],[0,0.67],[1.76,0.19],[0.01,0.24],[0,1.41]],[[2.64,0.93],[0.2,0.2],[2.64,0],[0,0.02],[0.38,2.18],[0,0],[0,0.09]],[[0.36,0.01],[0.28,0],[0.13,0],[0,0],[0.37,0],[0,0],[0.03,0.08]],[[0,2.21],[0.01,0.41],[1.23,0],[0.19,0.01],[0,1.2],[0.01,0.01],[0.05,1.86]],[[0,0],[0,0],[0.05,0.86],[0,0],[0,0],[0,0],[0,0]]],[[[14.87,1.07],[7.72,1.25],[0.01,5.65],[2.36,1.6],[1.51,0.17],[2.45,9.51],[6.88,1]],[[0.07,0.55],[8.12,0],[0.35,0],[0,1.31],[3.25,0.08],[0.12,0],[0.11,0.05]],[[1.5,0.01],[0,0.1],[0.41,0],[0.23,0],[0,0],[0,0],[0.01,0]],[[0.42,0.97],[0.01,1.61],[0.02,0.01],[0,0.09],[0,0.02],[1.44,0],[0.22,0]],[[4.5,0],[1.43,0.52],[0.24,1.38],[0.12,0.09],[0,1.03],[0.02,4.19],[0.93,0.01]],[[0.06,4.43],[0.41,0.05],[0.66,10.57],[0.56,1.95],[0,5.27],[0.8,0.16],[0.01,0.05]],[[0.13,0],[0,0],[1.83,0.02],[0.51,0.32],[0,2.18],[0.24,0],[0.48,0]],[[1.03,0],[0.69,1.19],[0,0],[2.97,0.15],[0,0],[2.92,0],[0.05,0]],[[0.36,8.74],[0.03,4.47],[0,1.37],[1.09,0.4],[0.02,0.03],[0,0],[4.74,12.79]],[[0.01,0.01],[0,0],[0.01,0],[0,0],[0,0],[0,0],[0,0]]],[[[3.55,2.92],[7.72,0.98],[7.99,10.3],[0.46,9.43],[1.8,1.87],[0.35,1.06],[0.43,28.79]],[[0.09,0],[0.37,0.18],[0.16,9.96],[6.13,0.02],[2.83,0],[16.47,1.44],[0.16,0.26]],[[0,0.01],[0.05,0],[3.06,0],[0,0],[0,0],[0,0],[5.77,0.07]],[[0,0.14],[0.32,0.02],[0,0],[1.23,0.04],[0,0.01],[0,0.01],[4.19,0]],[[0,0.03],[1.68,0.04],[0,0],[0.05,1.02],[0.02,0.01],[0,0.14],[0,0]],[[0.49,0.46],[0.41,0.1],[0.05,0],[4.81,1.4],[11.65,4.21],[8.22,1.07],[0.2,2.48]],[[0.02,0.13],[0,0],[0,0.23],[0,0.35],[0.41,2.18],[0.08,1.65],[2,0]],[[0.01,2.33],[0.07,0],[1.53,0.27],[0.58,0.01],[0,3.44],[0.2,0],[0,0.93]],[[0.05,1.16],[0.28,2.25],[0.02,2.21],[0.05,0],[0.29,1.73],[0.18,0.02],[0.02,0.12]],[[0,0],[0,0],[0,0],[0,0],[0,0],[0,0],[0,0]]],[[[2.92,8.73],[1.53,2.48],[3.27,6.96],[9.12,1.33],[25.23,7.38],[0.72,2.75],[1,1.32]],[[0.83,0.03],[1.6,0],[0.01,0],[2.1,0],[0.63,0.02],[1.81,0.56],[0,2.29]],[[0.08,0],[0.06,0],[7.3,1.5],[0,0],[0,0],[0.08,0],[0.03,0.29]],[[0,0.02],[0,0],[3.93,0.61],[0,0.03],[0.31,0],[0.02,0],[0,0.84]],[[0,0.01],[0.07,1.82],[0,0.02],[2.56,0],[0.4,4.09],[0,0.03],[7.14,9.11]],[[0.22,0.44],[0.12,3.87],[0.74,0.03],[0.75,1.75],[0.15,0.21],[0.74,0],[0.1,1.07]],[[0.58,11.31],[0,0.1],[0.5,3.35],[0.02,0],[0.35,1.46],[0.14,0],[5.33,0]],[[0,0],[0,0.07],[0,0.05],[0.01,0],[0,0],[0.41,0.27],[0,0]],[[0.06,0],[0.08,0.32],[5.27,0.84],[2.03,2.89],[0.21,1.96],[0,0.08],[0,5.19]],[[0,0],[0,0],[0,0],[0,0],[0,0],[0,0],[0,0]]],[[[4.62,3.46],[6.95,4.16],[8.73,5.24],[3.33,3.83],[21.14,25.23],[1.69,4.46],[2.96,8.49]],[[0.16,3.08],[1.05,0.15],[0,3.08],[0.07,1.16],[4.4,0.77],[0,0],[6.7,0.02]],[[0.03,0],[0.02,0],[0.08,0],[0,0.07],[0,0],[0.23,0],[0,0.1]],[[0,0],[0.18,0],[0,0],[0,0.12],[0.43,0.25],[5.07,0],[0.04,0.01]],[[0.02,0.01],[0.04,7.19],[0.28,0],[0,0],[0.44,0.01],[0,0],[0.09,0]],[[0.66,0.17],[3.45,0.05],[0,7.93],[0.04,3.67],[0.01,0.01],[0,0.28],[3.33,2.48]],[[0,0.87],[1.76,0.02],[0.01,0],[0.32,0.3],[0,1.85],[0.04,0.07],[0,1.24]],[[0,0.01],[0,3.32],[0,2.62],[0.35,0.58],[0,0],[0,0],[0.31,0.13]],[[0,1.1],[0.03,1.43],[8.74,0],[1.09,0],[0.6,1.13],[1.03,2],[16.93,7.04]],[[0,2.14],[0.06,0],[0,0],[0,0],[0,0],[0,0],[0,0]]],[[[2.34,2.92],[2.63,8.39],[17.33,0.16],[1.53,2.28],[0.22,2.7],[0.35,5.63],[23.77,2.09]],[[0,2.16],[5.82,0],[0.93,0.55],[5.58,1.03],[0.13,0.01],[0.98,1.56],[5.99,0.98]],[[1.5,0],[0.01,0],[0,0.1],[0,5.18],[0.59,8.06],[0,0],[0.65,0]],[[0,0.28],[0.66,0.15],[0,0.26],[0.17,0],[0,2.06],[0,0],[2.56,1.1]],[[0.01,0],[0.14,0.03],[0,0.4],[1.91,5.33],[1.85,0],[0.46,1.48],[0.04,0.15]],[[1.56,0.06],[0,4.67],[0.63,0.08],[2.06,1.06],[0.76,0.97],[17.32,0.18],[0,0]],[[0,0.01],[0.22,0],[0,0.93],[0.01,2.41],[0,0],[6.13,0],[0.15,0.21]],[[0,0.01],[0,5.23],[0.07,0.01],[1.48,0],[0.29,0],[0,0],[0,0]],[[4.88,0.05],[1.75,2.93],[0,4.88],[0.07,2.89],[0,0.23],[0.61,1.73],[0,3.39]],[[0,0],[0.9,0],[0,0],[0,0],[0,0],[0.01,0],[0,0]]],[[[5.95,2.75],[3.3,3.13],[1.4,1.13],[3.52,1.26],[5.84,3.17],[0.16,2.09],[5.63,11.22]],[[0.03,0.04],[0.37,3.27],[0.7,0.11],[0,0.01],[6.31,0.2],[0.04,5.99],[0,0.2]],[[0,0],[4.84,0],[0,0],[0.57,0.09],[0.11,0],[0.8,0],[0,0]],[[0.31,0],[5.29,0],[0,0.73],[0.91,0],[0.28,0.11],[0,4.19],[1.66,0.84]],[[4.5,0.34],[0,0],[0,3.16],[1.91,0],[4.09,0.32],[0,0.07],[0,0.46]],[[10.57,0.09],[5.8,0.3],[0,0.01],[3.67,0.46],[11.65,0.03],[0.1,0.69],[0.07,0.01]],[[2.85,0.06],[10.77,0],[0.4,0.23],[0.12,0.21],[0.17,12.66],[0,0.71],[0,3.71]],[[1.88,2.09],[2.11,0],[0,0.27],[3.4,0.15],[0.01,1.26],[0.01,0],[0.04,8.09]],[[13.12,6.24],[1.93,1.66],[10.29,0.27],[0.81,0],[2.51,0.06],[10.56,2.31],[0.02,0.44]],[[0,0],[0,0],[0,0],[0,0],[0,0],[0,0],[0,0]]],[[[19.3,12.62],[2.4,4.7],[9.94,9.01],[5.3,0.12],[0.53,3.58],[0.2,1.13],[0.13,1.92]],[[0.16,3.73],[4.24,0.1],[1.11,0.42],[0.04,0],[9.18,0.13],[0.48,10.16],[0,1.81]],[[0,0.01],[0,0],[0,3.82],[0,0],[0.99,2.5],[0.65,0],[1.91,0]],[[0.1,3.01],[8.86,0],[0.03,0.88],[0.55,0],[0,0.01],[0.02,0.56],[0,0]],[[0,0.02],[0,5.04],[0,0.02],[0.01,0],[0,0.94],[0,0.74],[0,0.05]],[[0.31,0],[1.4,7.67],[0.49,3.08],[0.15,0],[8.55,0],[0,1.74],[0.04,0.43]],[[0.35,1.14],[0.82,0],[1.83,0.02],[0.02,1.07],[0.29,0.01],[0.71,1.37],[0.06,1.65]],[[0.44,0],[1.08,0.14],[0,4.52],[0.12,0],[0.01,0.46],[0.05,0.71],[0.31,0.01]],[[1.44,2.21],[0.38,0.01],[1.1,0.63],[1.22,0.05],[0.01,9.52],[0.02,0.22],[0.44,5.71]],[[0,0],[0.03,0],[0,0],[0,0],[0,0.13],[0,0],[0,0]]],[[[3.46,6.43],[0.98,3.76],[17.33,4.62],[1.4,0.46],[5.68,0.17],[2.45,0.16],[0.39,1.06]],[[0.35,1.11],[0,3.27],[0.55,0.01],[0.03,0.52],[0.77,2.31],[0,0.02],[0.78,0.05]],[[0,2.09],[0,0.76],[0.04,0.08],[0,0],[0,0.18],[0.29,0.99],[0,0]],[[0.01,0.17],[0.51,0.51],[0,0.67],[0.01,0],[0,1.16],[1.91,0],[0,0.02]],[[0,0],[0.01,0.21],[0,0.56],[0,0.08],[0.03,0.01],[0,0],[0,0]],[[0.01,0.06],[0,1.4],[0.29,0.88],[0.71,0],[0,2.1],[0.74,0.1],[0.01,0.51]],[[1.49,0],[0.09,0.07],[1,0.14],[0.02,0],[0.01,1.71],[0,0.24],[0,0]],[[0,0.06],[0,0.01],[0.05,0.07],[0,0.12],[0.07,0],[0,1.22],[0.81,0]],[[0.02,3.71],[0.38,0.14],[0.01,1.98],[0,0],[0.27,0.1],[0,0.01],[0.01,0.83]],[[0,0],[0,0],[2.14,0],[0,0],[0,0],[0,0],[0,0]]],[[[9.3,0.81],[10.48,1.67],[1.2,2.12],[0.4,11.34],[6.37,1.05],[0.67,9.51],[4.46,2.85]],[[0.26,0.03],[1.17,3.96],[2.89,0],[4.35,0.81],[0,0.03],[0.18,0.02],[1.56,6.7]],[[0.06,0],[0,4.84],[0,0.01],[0,0.03],[0,0.5],[0.01,0.02],[0,0]],[[0,0.61],[1.95,0],[0.19,1.73],[0,0],[0.11,3.5],[3.52,0],[0,0]],[[0.31,0.16],[0,0.83],[0,0],[0,0],[0,0],[0,0],[0.29,0]],[[0,0.01],[4.67,0.07],[7.93,9],[1.12,0.46],[0.07,7.61],[0,5.97],[0.31,0]],[[0.04,0],[0.01,1.36],[3.65,0.81],[2.41,0],[0,0.53],[1.24,4.16],[4.16,2.44]],[[0.05,0],[1.08,0],[0,0.09],[0.01,0.53],[0.08,0],[0,0.2],[4.99,0]],[[0.05,1.78],[3.48,1.66],[1.52,3.09],[0.16,13.84],[1.13,0.73],[0.15,0],[6.32,0.61]],[[0,0],[0,0],[0,0],[0.03,0],[0,0],[0,0],[0,0]]]];

