Omegamax = 6;
Produkte = 4;
v = [2,2,1,1];
KS = 132.8;

KH	=	9;								
							
											
kS	=	[[1000,	38.3697,	57.8946,	30.1217,	18.8233,	28.0246,	94.1813,	31.1978,	82.6637,	6.6888],
[38.3697,	1000,	42.0865,	66.0012,	40.6863,	52.9436,	57.2311,	32.8856,	120.1414,	34.9844],		
[57.8946,	42.0865,	1000,	87.3048,	44.2297,	83.5652,	80.965,	71.1879,	121.4214,	51.2905],		
[30.1217,	66.0012,	87.3048,	1000,	44.2753,	21.9064,	117.9197,	44.6716,	65.5233,	36.336],		
[18.8233,	40.6863,	44.2297,	44.2753,	1000,	46.7413,	97.7309,	46.9758,	82.1338,	13.2944],		
[28.0246,	52.9436,	83.5652,	21.9064,	46.7413,	1000,	99.4712,	24.9261,	87.4116,	34.3822],		
[94.1813,	57.2311,	80.965,	117.9197,	97.7309,	99.4712,	1000,	74.549,	176.7898,	91.8054],		
[31.1978,	32.8856,	71.1879,	44.6716,	46.9758,	24.9261,	74.549,	1000,	108.3524,	34.1155],		
[82.6637,	120.1414,	121.4214,	65.5233,	82.1338,	87.4116,	176.7898,	108.3524,	1000,	85.1678],		
[6.6888,	34.9844,	51.2905,	36.336,	13.2944,	34.3822,	91.8054,	34.1155,	85.1678,	1000]];		
											
kem	=	[336,	36.8349,	55.5788,	28.9168,	18.0703,	26.9037,	90.414,	29.9499,	79.3572,	6.4213];
											
											
								

kI = [0.0033,0.0193,0.0514,0.1153];
qS = [1,1,1,1];

d = [[[[9.94,5.95,2.92,6.43],[1.32,3.3,0.98,3.76],[5.8,1.4,10.3,4.62],[18.02,3.52,9.43,0.46],[1.51,5.84,1.87,0.17],[1.69,0.16,1.06,0.16],[0.2,5.63,28.79,1.06]],[[0.99,0.03,0,1.11],[0,0.37,0.18,3.27],[0,0.7,9.96,0.01],[0.03,0,0.02,0.52],[3.03,6.31,0,2.31],[0.01,0.04,1.44,0.02],[3.73,0,0.26,0.05]],[[0,0,0.01,2.09],[2.1,4.84,0,0.76],[0,0,0,0.08],[0,0.57,0,0],[1.17,0.11,0,0.18],[0,0.8,0,0.99],[0,0,0.07,0]],[[0.03,0.31,0.14,0.17],[0.03,5.29,0.02,0.51],[0.02,0,0,0.67],[0,0.91,0.04,0],[0.54,0.28,0.01,1.16],[0,0,0.01,0],[0,1.66,0,0.02]],[[0.01,4.5,0.03,0],[3.48,0,0.04,0.21],[0.47,0,0,0.56],[0.02,1.91,1.02,0.08],[0.03,4.09,0.01,0.01],[0.02,0,0.14,0],[0,0,0,0]],[[0.38,10.57,0.46,0.06],[2.65,5.8,0.1,1.4],[0,0,0,0.88],[0,3.67,1.4,0],[1.76,11.65,4.21,2.1],[0.01,0.1,1.07,0.1],[0,0.07,2.48,0.51]],[[2.64,2.85,0.13,0],[0.2,10.77,0,0.07],[2.64,0.4,0.23,0.14],[0,0.12,0.35,0],[0.38,0.17,2.18,1.71],[0,0,1.65,0.24],[0,0,0,0]],[[0.36,1.88,2.33,0.06],[0.28,2.11,0,0.01],[0.13,0,0.27,0.07],[0,3.4,0.01,0.12],[0.37,0.01,3.44,0],[0,0.01,0,1.22],[0.03,0.04,0.93,0]],[[0,13.12,1.16,3.71],[0.01,1.93,2.25,0.14],[1.23,10.29,2.21,1.98],[0.19,0.81,0,0],[0,2.51,1.73,0.1],[0.01,10.56,0.02,0.01],[0.05,0.02,0.12,0.83]],[[0,0,0,0],[0,0,0,0],[0.05,0,0,0],[0,0,0,0],[0,0,0,0],[0,0,0,0],[0,0,0,0]]],[[[14.87,19.3,8.73,0.81],[7.72,2.4,2.48,1.67],[0.01,9.94,6.96,2.12],[2.36,5.3,1.33,11.34],[1.51,0.53,7.38,1.05],[2.45,0.2,2.75,9.51],[6.88,0.13,1.32,2.85]],[[0.07,0.16,0.03,0.03],[8.12,4.24,0,3.96],[0.35,1.11,0,0],[0,0.04,0,0.81],[3.25,9.18,0.02,0.03],[0.12,0.48,0.56,0.02],[0.11,0,2.29,6.7]],[[1.5,0,0,0],[0,0,0,4.84],[0.41,0,1.5,0.01],[0.23,0,0,0.03],[0,0.99,0,0.5],[0,0.65,0,0.02],[0.01,1.91,0.29,0]],[[0.42,0.1,0.02,0.61],[0.01,8.86,0,0],[0.02,0.03,0.61,1.73],[0,0.55,0.03,0],[0,0,0,3.5],[1.44,0.02,0,0],[0.22,0,0.84,0]],[[4.5,0,0.01,0.16],[1.43,0,1.82,0.83],[0.24,0,0.02,0],[0.12,0.01,0,0],[0,0,4.09,0],[0.02,0,0.03,0],[0.93,0,9.11,0]],[[0.06,0.31,0.44,0.01],[0.41,1.4,3.87,0.07],[0.66,0.49,0.03,9],[0.56,0.15,1.75,0.46],[0,8.55,0.21,7.61],[0.8,0,0,5.97],[0.01,0.04,1.07,0]],[[0.13,0.35,11.31,0],[0,0.82,0.1,1.36],[1.83,1.83,3.35,0.81],[0.51,0.02,0,0],[0,0.29,1.46,0.53],[0.24,0.71,0,4.16],[0.48,0.06,0,2.44]],[[1.03,0.44,0,0],[0.69,1.08,0.07,0],[0,0,0.05,0.09],[2.97,0.12,0,0.53],[0,0.01,0,0],[2.92,0.05,0.27,0.2],[0.05,0.31,0,0]],[[0.36,1.44,0,1.78],[0.03,0.38,0.32,1.66],[0,1.1,0.84,3.09],[1.09,1.22,2.89,13.84],[0.02,0.01,1.96,0.73],[0,0.02,0.08,0],[4.74,0.44,5.19,0.61]],[[0.01,0,0,0],[0,0.03,0,0],[0.01,0,0,0],[0,0,0,0],[0,0,0,0],[0,0,0,0],[0,0,0,0]]],[[[3.55,3.46,3.46,5.8],[7.72,0.98,4.16,1.25],[7.99,17.33,5.24,15.94],[0.46,1.4,3.83,11.34],[1.8,5.68,25.23,8.37],[0.35,2.45,4.46,9.15],[0.43,0.39,8.49,2.18]],[[0.09,0.35,3.08,0.03],[0.37,0,0.15,0.54],[0.16,0.55,3.08,3.49],[6.13,0.03,1.16,4.03],[2.83,0.77,0.77,0.09],[16.47,0,0,0],[0.16,0.78,0.02,0.04]],[[0,0,0,0.01],[0.05,0,0,0.01],[3.06,0.04,0,3.06],[0,0,0.07,0],[0,0,0,0.09],[0,0.29,0,0],[5.77,0,0.1,0]],[[0,0.01,0,0],[0.32,0.51,0,0.01],[0,0,0,0],[1.23,0.01,0.12,0.05],[0,0,0.25,0],[0,1.91,0,0],[4.19,0,0.01,8.19]],[[0,0,0.01,0],[1.68,0.01,7.19,0.03],[0,0,0,0],[0.05,0,0,1.21],[0.02,0.03,0.01,0],[0,0,0,0],[0,0,0,0]],[[0.49,0.01,0.17,1.91],[0.41,0,0.05,0.34],[0.05,0.29,7.93,0.07],[4.81,0.71,3.67,9.38],[11.65,0,0.01,0.63],[8.22,0.74,0.28,0],[0.2,0.01,2.48,1.87]],[[0.02,1.49,0.87,0.01],[0,0.09,0.02,0.12],[0,1,0,3.99],[0,0.02,0.3,0.6],[0.41,0.01,1.85,0.02],[0.08,0,0.07,0],[2,0,1.24,0.01]],[[0.01,0,0.01,1.03],[0.07,0,3.32,0.28],[1.53,0.05,2.62,0.02],[0.58,0,0.58,0.58],[0,0.07,0,0.72],[0.2,0,0,0],[0,0.81,0.13,0.36]],[[0.05,0.02,1.1,0],[0.28,0.38,1.43,2.25],[0.02,0.01,0,4.23],[0.05,0,0,0],[0.29,0.27,1.13,1],[0.18,0,2,6.32],[0.02,0.01,7.04,0]],[[0,0,2.14,0],[0,0,0,0],[0,2.14,0,0],[0,0,0,0],[0,0,0,0],[0,0,0,0],[0,0,0,0]]],[[[2.92,9.3,2.92,0.68],[1.53,10.48,8.39,2.25],[3.27,1.2,0.16,2.5],[9.12,0.4,2.28,0.23],[25.23,6.37,2.7,15.96],[0.72,0.67,5.63,9.89],[1,4.46,2.09,6.43]],[[0.83,0.26,2.16,1.63],[1.6,1.17,0,0.02],[0.01,2.89,0.55,0.03],[2.1,4.35,1.03,0.45],[0.63,0,0.01,0.31],[1.81,0.18,1.56,0],[0,1.56,0.98,0]],[[0.08,0.06,0,0],[0.06,0,0,0],[7.3,0,0.1,0.1],[0,0,5.18,0.06],[0,0,8.06,0],[0.08,0.01,0,0.65],[0.03,0,0,0.65]],[[0,0,0.28,0.01],[0,1.95,0.15,0.12],[3.93,0.19,0.26,0.03],[0,0,0,0],[0.31,0.11,2.06,0.11],[0.02,3.52,0,0.74],[0,0,1.1,0]],[[0,0.31,0,0.03],[0.07,0,0.03,0.38],[0,0,0.4,3.96],[2.56,0,5.33,10.6],[0.4,0,0,6.57],[0,0,1.48,0.01],[7.14,0.29,0.15,0.06]],[[0.22,0,0.06,7.12],[0.12,4.67,4.67,7.67],[0.74,7.93,0.08,0.01],[0.75,1.12,1.06,0.01],[0.15,0.07,0.97,0],[0.74,0,0.18,0.03],[0.1,0.31,0,0]],[[0.58,0.04,0.01,0],[0,0.01,0,3.07],[0.5,3.65,0.93,0.12],[0.02,2.41,2.41,0.03],[0.35,0,0,0],[0.14,1.24,0,3.71],[5.33,4.16,0.21,3.32]],[[0,0.05,0.01,3.87],[0,1.08,5.23,0.99],[0,0,0.01,0.05],[0.01,0.01,0,0.12],[0,0.08,0,7.33],[0.41,0,0,1.4],[0,4.99,0,0]],[[0.06,0.05,0.05,2.46],[0.08,3.48,2.93,0.95],[5.27,1.52,4.88,1.44],[2.03,0.16,2.89,1.92],[0.21,1.13,0.23,0.05],[0,0.15,1.73,0.03],[0,6.32,3.39,0.03]],[[0,0,0,0],[0,0,0,0],[0,0,0,0],[0,0.03,0,0],[0,0,0,0],[0,0,0,0.19],[0,0,0,0]]],[[[4.62,0.55,2.75,1.61],[6.95,14.42,3.13,9.47],[8.73,1.54,1.13,3.46],[3.33,5.6,1.26,1.6],[21.14,0.93,3.17,1.65],[1.69,3.29,2.09,3.06],[2.96,4.04,11.22,1.46]],[[0.16,1.38,0.04,1.46],[1.05,0.15,3.27,1.17],[0,0.13,0.11,0.83],[0.07,0,0.01,0.02],[4.4,0.16,0.2,0.38],[0,0,5.99,0.04],[6.7,1.24,0.2,0.31]],[[0.03,0,0,0],[0.02,0,0,0.01],[0.08,0,0,0],[0,0.36,0.09,0],[0,0.11,0,0.01],[0.23,0,0,0.01],[0,0.23,0,0.01]],[[0,4.58,0,0],[0.18,0.06,0,0.02],[0,0,0.73,0],[0,1.52,0,9.8],[0.43,0,0.11,0],[5.07,0,4.19,0.03],[0.04,8.19,0.84,0.02]],[[0.02,0,0.34,0],[0.04,0.15,0,0],[0.28,0.26,3.16,0],[0,2.85,0,0],[0.44,0,0.32,0],[0,1.88,0.07,3.61],[0.09,0.1,0.46,2.42]],[[0.66,2.62,0.09,1.91],[3.45,0.81,0.3,0.05],[0,0.01,0.01,0.49],[0.04,0.67,0.46,0.22],[0.01,0.19,0.03,2.51],[0,0.24,0.69,0.51],[3.33,1.41,0.01,0.01]],[[0,0.93,0.06,0.93],[1.76,0.2,0,0.93],[0.01,0,0.23,1.3],[0.32,0.02,0.21,0],[0,2.18,12.66,0],[0.04,0,0.71,2.21],[0,0.09,3.71,0.07]],[[0,0.01,2.09,0],[0,0,0,0.31],[0,0,0.27,0],[0.35,0,0.15,0.28],[0,0,1.26,0],[0,0,0,0],[0.31,0.08,8.09,0.01]],[[0,2.21,6.24,0.1],[0.03,0.41,1.66,0.19],[8.74,0,0.27,1.37],[1.09,0.01,0,0.01],[0.6,1.2,0.06,0.49],[1.03,0.01,2.31,0.01],[16.93,1.86,0.44,0.77]],[[0,0,0,0],[0.06,0,0,0],[0,0.86,0,0],[0,0,0,0],[0,0,0,0],[0,0,0,0],[0,0,0,0]]],[[[2.34,1.07,12.62,2.5],[2.63,1.25,4.7,10.48],[17.33,5.65,9.01,3.85],[1.53,1.6,0.12,0.76],[0.22,0.17,3.58,11.62],[0.35,9.51,1.13,6.88],[23.77,1,1.92,6.21]],[[0,0.55,3.73,0.02],[5.82,0,0.1,1.17],[0.93,0,0.42,1.31],[5.58,1.31,0,0.59],[0.13,0.08,0.13,4.4],[0.98,0,10.16,0.31],[5.99,0.05,1.81,0.48]],[[1.5,0.01,0.01,0.05],[0.01,0.1,0,0.01],[0,0,3.82,0],[0,0,0,0.19],[0.59,0,2.5,0],[0,0,0,0],[0.65,0,0,0]],[[0,0.97,3.01,0.07],[0.66,1.61,0,6.54],[0,0.01,0.88,0],[0.17,0.09,0,0.01],[0,0.02,0.01,0],[0,0,0.56,0],[2.56,0,0,0]],[[0.01,0,0.02,1.27],[0.14,0.52,5.04,0.03],[0,1.38,0.02,0.13],[1.91,0.09,0,0.01],[1.85,1.03,0.94,0.13],[0.46,4.19,0.74,0],[0.04,0.01,0.05,0]],[[1.56,4.43,0,0.56],[0,0.05,7.67,0],[0.63,10.57,3.08,0.07],[2.06,1.95,0,0],[0.76,5.27,0,3.93],[17.32,0.16,1.74,0.15],[0,0.05,0.43,0.69]],[[0,0,1.14,0.07],[0.22,0,0,0.02],[0,0.02,0.02,2.85],[0.01,0.32,1.07,0.01],[0,2.18,0.01,0.09],[6.13,0,1.37,0.85],[0.15,0,1.65,1.65]],[[0,0,0,0.2],[0,1.19,0.14,0],[0.07,0,4.52,0],[1.48,0.15,0,0.01],[0.29,0,0.46,0.37],[0,0,0.71,0.01],[0,0,0.01,0]],[[4.88,8.74,2.21,0.49],[1.75,4.47,0.01,5.58],[0,1.37,0.63,10.29],[0.07,0.4,0.05,1.92],[0,0.03,9.52,0.14],[0.61,0,0.22,12.79],[0,12.79,5.71,9.05]],[[0,0.01,0,0],[0.9,0,0,0],[0,0,0,0],[0,0,0,0],[0,0,0.13,0],[0.01,0,0,0],[0,0,0,0]]]];

