Omegamax = 3;
Produkte = 3;
v = [2,2,1];
KS = 126;

KH	=	9;								
							
											
kS	=	[[1000,	38.3697,	57.8946,	30.1217,	18.8233,	28.0246,	94.1813,	31.1978,	82.6637,	6.6888],
[38.3697,	1000,	42.0865,	66.0012,	40.6863,	52.9436,	57.2311,	32.8856,	120.1414,	34.9844],		
[57.8946,	42.0865,	1000,	87.3048,	44.2297,	83.5652,	80.965,	71.1879,	121.4214,	51.2905],		
[30.1217,	66.0012,	87.3048,	1000,	44.2753,	21.9064,	117.9197,	44.6716,	65.5233,	36.336],		
[18.8233,	40.6863,	44.2297,	44.2753,	1000,	46.7413,	97.7309,	46.9758,	82.1338,	13.2944],		
[28.0246,	52.9436,	83.5652,	21.9064,	46.7413,	1000,	99.4712,	24.9261,	87.4116,	34.3822],		
[94.1813,	57.2311,	80.965,	117.9197,	97.7309,	99.4712,	1000,	74.549,	176.7898,	91.8054],		
[31.1978,	32.8856,	71.1879,	44.6716,	46.9758,	24.9261,	74.549,	1000,	108.3524,	34.1155],		
[82.6637,	120.1414,	121.4214,	65.5233,	82.1338,	87.4116,	176.7898,	108.3524,	1000,	85.1678],		
[6.6888,	34.9844,	51.2905,	36.336,	13.2944,	34.3822,	91.8054,	34.1155,	85.1678,	1000]];		
											
kem	=	[336,	36.8349,	55.5788,	28.9168,	18.0703,	26.9037,	90.414,	29.9499,	79.3572,	6.4213];
											
											
								

kI = [0.0033,0.0193,0.0514];
qS = [1,1,1];

d = [[[[9.94,2.92,5.95],[1.32,1.53,3.3],[5.8,3.27,1.4],[18.02,9.12,3.52],[1.51,25.23,5.84],[1.69,0.72,0.16],[0.2,1,5.63]],[[0.99,0.83,0.03],[0,1.6,0.37],[0,0.01,0.7],[0.03,2.1,0],[3.03,0.63,6.31],[0.01,1.81,0.04],[3.73,0,0]],[[0,0.08,0],[2.1,0.06,4.84],[0,7.3,0],[0,0,0.57],[1.17,0,0.11],[0,0.08,0.8],[0,0.03,0]],[[0.03,0,0.31],[0.03,0,5.29],[0.02,3.93,0],[0,0,0.91],[0.54,0.31,0.28],[0,0.02,0],[0,0,1.66]],[[0.01,0,4.5],[3.48,0.07,0],[0.47,0,0],[0.02,2.56,1.91],[0.03,0.4,4.09],[0.02,0,0],[0,7.14,0]],[[0.38,0.22,10.57],[2.65,0.12,5.8],[0,0.74,0],[0,0.75,3.67],[1.76,0.15,11.65],[0.01,0.74,0.1],[0,0.1,0.07]],[[2.64,0.58,2.85],[0.2,0,10.77],[2.64,0.5,0.4],[0,0.02,0.12],[0.38,0.35,0.17],[0,0.14,0],[0,5.33,0]],[[0.36,0,1.88],[0.28,0,2.11],[0.13,0,0],[0,0.01,3.4],[0.37,0,0.01],[0,0.41,0.01],[0.03,0,0.04]],[[0,0.06,13.12],[0.01,0.08,1.93],[1.23,5.27,10.29],[0.19,2.03,0.81],[0,0.21,2.51],[0.01,0,10.56],[0.05,0,0.02]],[[0,0,0],[0,0,0],[0.05,0,0],[0,0,0],[0,0,0],[0,0,0],[0,0,0]]],[[[14.87,4.62,19.3],[7.72,6.95,2.4],[0.01,8.73,9.94],[2.36,3.33,5.3],[1.51,21.14,0.53],[2.45,1.69,0.2],[6.88,2.96,0.13]],[[0.07,0.16,0.16],[8.12,1.05,4.24],[0.35,0,1.11],[0,0.07,0.04],[3.25,4.4,9.18],[0.12,0,0.48],[0.11,6.7,0]],[[1.5,0.03,0],[0,0.02,0],[0.41,0.08,0],[0.23,0,0],[0,0,0.99],[0,0.23,0.65],[0.01,0,1.91]],[[0.42,0,0.1],[0.01,0.18,8.86],[0.02,0,0.03],[0,0,0.55],[0,0.43,0],[1.44,5.07,0.02],[0.22,0.04,0]],[[4.5,0.02,0],[1.43,0.04,0],[0.24,0.28,0],[0.12,0,0.01],[0,0.44,0],[0.02,0,0],[0.93,0.09,0]],[[0.06,0.66,0.31],[0.41,3.45,1.4],[0.66,0,0.49],[0.56,0.04,0.15],[0,0.01,8.55],[0.8,0,0],[0.01,3.33,0.04]],[[0.13,0,0.35],[0,1.76,0.82],[1.83,0.01,1.83],[0.51,0.32,0.02],[0,0,0.29],[0.24,0.04,0.71],[0.48,0,0.06]],[[1.03,0,0.44],[0.69,0,1.08],[0,0,0],[2.97,0.35,0.12],[0,0,0.01],[2.92,0,0.05],[0.05,0.31,0.31]],[[0.36,0,1.44],[0.03,0.03,0.38],[0,8.74,1.1],[1.09,1.09,1.22],[0.02,0.6,0.01],[0,1.03,0.02],[4.74,16.93,0.44]],[[0.01,0,0],[0,0.06,0.03],[0.01,0,0],[0,0,0],[0,0,0],[0,0,0],[0,0,0]]],[[[3.55,2.34,3.46],[7.72,2.63,0.98],[7.99,17.33,17.33],[0.46,1.53,1.4],[1.8,0.22,5.68],[0.35,0.35,2.45],[0.43,23.77,0.39]],[[0.09,0,0.35],[0.37,5.82,0],[0.16,0.93,0.55],[6.13,5.58,0.03],[2.83,0.13,0.77],[16.47,0.98,0],[0.16,5.99,0.78]],[[0,1.5,0],[0.05,0.01,0],[3.06,0,0.04],[0,0,0],[0,0.59,0],[0,0,0.29],[5.77,0.65,0]],[[0,0,0.01],[0.32,0.66,0.51],[0,0,0],[1.23,0.17,0.01],[0,0,0],[0,0,1.91],[4.19,2.56,0]],[[0,0.01,0],[1.68,0.14,0.01],[0,0,0],[0.05,1.91,0],[0.02,1.85,0.03],[0,0.46,0],[0,0.04,0]],[[0.49,1.56,0.01],[0.41,0,0],[0.05,0.63,0.29],[4.81,2.06,0.71],[11.65,0.76,0],[8.22,17.32,0.74],[0.2,0,0.01]],[[0.02,0,1.49],[0,0.22,0.09],[0,0,1],[0,0.01,0.02],[0.41,0,0.01],[0.08,6.13,0],[2,0.15,0]],[[0.01,0,0],[0.07,0,0],[1.53,0.07,0.05],[0.58,1.48,0],[0,0.29,0.07],[0.2,0,0],[0,0,0.81]],[[0.05,4.88,0.02],[0.28,1.75,0.38],[0.02,0,0.01],[0.05,0.07,0],[0.29,0,0.27],[0.18,0.61,0],[0.02,0,0.01]],[[0,0,0],[0,0.9,0],[0,0,2.14],[0,0,0],[0,0,0],[0,0.01,0],[0,0,0]]]];

