Omegamax = 9;
Produkte = 3;
v = [2,2,1];
KS = 126;

KH	=	9;								
							
											
kS = [[1000,	100.3154,	67.9336,	78.6797,	66.2313,	39.1673,	15.8027,	29.5922,	86.2152,	73.4044],
[100.3154,	1000,	74.3155,	63.6129,	52.5148,	75.8219,	84.5888,	108.1348,	29.2909,	64.5159],
[67.9336,	74.3155,	1000,	15.2169,	22.6999,	29.2509,	57.317,	53.6605,	45.899,	11.1019],
[78.6797,	63.6129,	15.2169,	1000,	18.5917,	39.5901,	66.206,	67.7875,	34.3532,	5.3364],
[66.2313,	52.5148,	22.6999,	18.5917,	1000,	29.6067,	52.0814,	62.0716,	25.8883,	15.7955],
[39.1673,	75.8219,	29.2509,	39.5901,	29.6067,	1000,	28.1405,	33.0635,	53.8425,	34.2857],
[15.8027,	84.5888,	57.317,	66.206,	52.0814,	28.1405,	1000,	34.0634,	70.7486,	61.0963],
[29.5922,	108.1348,	53.6605,	67.7875,	62.0716,	33.0635,	34.0634,	1000,	86.8817,	62.6072],
[86.2152,	29.2909,	45.899,	34.3532,	25.8883,	53.8425,	70.7486,	86.8817,	1000,	35.5839],
[73.4044,	64.5159,	11.1019,	5.3364,	15.7955,	34.2857,	61.0963,	62.6072,	35.5839,	1000]];
									
kem = [336,	96.3028,	65.2162,	75.5325,	63.582,	37.6006,	15.1706,	28.4085,	82.7666,	70.4682];
										
											
								

kI = [0.0033,0.0193,0.0514];
qS = [1,1,1];

d = [[[[9.94,9.3,6.43],[1.32,10.48,3.76],[5.8,1.2,4.62],[18.02,0.4,0.46],[1.51,6.37,0.17],[1.69,0.67,0.16],[0.2,4.46,1.06]],[[0.99,0.26,1.11],[0,1.17,3.27],[0,2.89,0.01],[0.03,4.35,0.52],[3.03,0,2.31],[0.01,0.18,0.02],[3.73,1.56,0.05]],[[0,0.06,2.09],[2.1,0,0.76],[0,0,0.08],[0,0,0],[1.17,0,0.18],[0,0.01,0.99],[0,0,0]],[[0.03,0,0.17],[0.03,1.95,0.51],[0.02,0.19,0.67],[0,0,0],[0.54,0.11,1.16],[0,3.52,0],[0,0,0.02]],[[0.01,0.31,0],[3.48,0,0.21],[0.47,0,0.56],[0.02,0,0.08],[0.03,0,0.01],[0.02,0,0],[0,0.29,0]],[[0.38,0,0.06],[2.65,4.67,1.4],[0,7.93,0.88],[0,1.12,0],[1.76,0.07,2.1],[0.01,0,0.1],[0,0.31,0.51]],[[2.64,0.04,0],[0.2,0.01,0.07],[2.64,3.65,0.14],[0,2.41,0],[0.38,0,1.71],[0,1.24,0.24],[0,4.16,0]],[[0.36,0.05,0.06],[0.28,1.08,0.01],[0.13,0,0.07],[0,0.01,0.12],[0.37,0.08,0],[0,0,1.22],[0.03,4.99,0]],[[0,0.05,3.71],[0.01,3.48,0.14],[1.23,1.52,1.98],[0.19,0.16,0],[0,1.13,0.1],[0.01,0.15,0.01],[0.05,6.32,0.83]],[[0,0,0],[0,0,0],[0.05,0,0],[0,0.03,0],[0,0,0],[0,0,0],[0,0,0]]],[[[14.87,0.55,0.81],[7.72,14.42,1.67],[0.01,1.54,2.12],[2.36,5.6,11.34],[1.51,0.93,1.05],[2.45,3.29,9.51],[6.88,4.04,2.85]],[[0.07,1.38,0.03],[8.12,0.15,3.96],[0.35,0.13,0],[0,0,0.81],[3.25,0.16,0.03],[0.12,0,0.02],[0.11,1.24,6.7]],[[1.5,0,0],[0,0,4.84],[0.41,0,0.01],[0.23,0.36,0.03],[0,0.11,0.5],[0,0,0.02],[0.01,0.23,0]],[[0.42,4.58,0.61],[0.01,0.06,0],[0.02,0,1.73],[0,1.52,0],[0,0,3.5],[1.44,0,0],[0.22,8.19,0]],[[4.5,0,0.16],[1.43,0.15,0.83],[0.24,0.26,0],[0.12,2.85,0],[0,0,0],[0.02,1.88,0],[0.93,0.1,0]],[[0.06,2.62,0.01],[0.41,0.81,0.07],[0.66,0.01,9],[0.56,0.67,0.46],[0,0.19,7.61],[0.8,0.24,5.97],[0.01,1.41,0]],[[0.13,0.93,0],[0,0.2,1.36],[1.83,0,0.81],[0.51,0.02,0],[0,2.18,0.53],[0.24,0,4.16],[0.48,0.09,2.44]],[[1.03,0.01,0],[0.69,0,0],[0,0,0.09],[2.97,0,0.53],[0,0,0],[2.92,0,0.2],[0.05,0.08,0]],[[0.36,2.21,1.78],[0.03,0.41,1.66],[0,0,3.09],[1.09,0.01,13.84],[0.02,1.2,0.73],[0,0.01,0],[4.74,1.86,0.61]],[[0.01,0,0],[0,0,0],[0.01,0.86,0],[0,0,0],[0,0,0],[0,0,0],[0,0,0]]],[[[3.55,1.07,5.8],[7.72,1.25,1.25],[7.99,5.65,15.94],[0.46,1.6,11.34],[1.8,0.17,8.37],[0.35,9.51,9.15],[0.43,1,2.18]],[[0.09,0.55,0.03],[0.37,0,0.54],[0.16,0,3.49],[6.13,1.31,4.03],[2.83,0.08,0.09],[16.47,0,0],[0.16,0.05,0.04]],[[0,0.01,0.01],[0.05,0.1,0.01],[3.06,0,3.06],[0,0,0],[0,0,0.09],[0,0,0],[5.77,0,0]],[[0,0.97,0],[0.32,1.61,0.01],[0,0.01,0],[1.23,0.09,0.05],[0,0.02,0],[0,0,0],[4.19,0,8.19]],[[0,0,0],[1.68,0.52,0.03],[0,1.38,0],[0.05,0.09,1.21],[0.02,1.03,0],[0,4.19,0],[0,0.01,0]],[[0.49,4.43,1.91],[0.41,0.05,0.34],[0.05,10.57,0.07],[4.81,1.95,9.38],[11.65,5.27,0.63],[8.22,0.16,0],[0.2,0.05,1.87]],[[0.02,0,0.01],[0,0,0.12],[0,0.02,3.99],[0,0.32,0.6],[0.41,2.18,0.02],[0.08,0,0],[2,0,0.01]],[[0.01,0,1.03],[0.07,1.19,0.28],[1.53,0,0.02],[0.58,0.15,0.58],[0,0,0.72],[0.2,0,0],[0,0,0.36]],[[0.05,8.74,0],[0.28,4.47,2.25],[0.02,1.37,4.23],[0.05,0.4,0],[0.29,0.03,1],[0.18,0,6.32],[0.02,12.79,0]],[[0,0.01,0],[0,0,0],[0,0,0],[0,0,0],[0,0,0],[0,0,0],[0,0,0]]],[[[2.92,2.92,0.68],[1.53,0.98,2.25],[3.27,10.3,2.5],[9.12,9.43,0.23],[25.23,1.87,15.96],[0.72,1.06,9.89],[1,28.79,6.43]],[[0.83,0,1.63],[1.6,0.18,0.02],[0.01,9.96,0.03],[2.1,0.02,0.45],[0.63,0,0.31],[1.81,1.44,0],[0,0.26,0]],[[0.08,0.01,0],[0.06,0,0],[7.3,0,0.1],[0,0,0.06],[0,0,0],[0.08,0,0.65],[0.03,0.07,0.65]],[[0,0.14,0.01],[0,0.02,0.12],[3.93,0,0.03],[0,0.04,0],[0.31,0.01,0.11],[0.02,0.01,0.74],[0,0,0]],[[0,0.03,0.03],[0.07,0.04,0.38],[0,0,3.96],[2.56,1.02,10.6],[0.4,0.01,6.57],[0,0.14,0.01],[7.14,0,0.06]],[[0.22,0.46,7.12],[0.12,0.1,7.67],[0.74,0,0.01],[0.75,1.4,0.01],[0.15,4.21,0],[0.74,1.07,0.03],[0.1,2.48,0]],[[0.58,0.13,0],[0,0,3.07],[0.5,0.23,0.12],[0.02,0.35,0.03],[0.35,2.18,0],[0.14,1.65,3.71],[5.33,0,3.32]],[[0,2.33,3.87],[0,0,0.99],[0,0.27,0.05],[0.01,0.01,0.12],[0,3.44,7.33],[0.41,0,1.4],[0,0.93,0]],[[0.06,1.16,2.46],[0.08,2.25,0.95],[5.27,2.21,1.44],[2.03,0,1.92],[0.21,1.73,0.05],[0,0.02,0.03],[0,0.12,0.03]],[[0,0,0],[0,0,0],[0,0,0],[0,0,0],[0,0,0],[0,0,0.19],[0,0,0]]],[[[4.62,8.73,1.61],[6.95,2.48,9.47],[8.73,6.96,3.46],[3.33,1.33,1.6],[21.14,7.38,1.65],[1.69,2.75,3.06],[2.96,1.32,1.46]],[[0.16,0.03,1.46],[1.05,0,1.17],[0,0,0.83],[0.07,0,0.02],[4.4,0.02,0.38],[0,0.56,0.04],[6.7,2.29,0.31]],[[0.03,0,0],[0.02,0,0.01],[0.08,1.5,0],[0,0,0],[0,0,0.01],[0.23,0,0.01],[0,0.29,0.01]],[[0,0.02,0],[0.18,0,0.02],[0,0.61,0],[0,0.03,9.8],[0.43,0,0],[5.07,0,0.03],[0.04,0.84,0.02]],[[0.02,0.01,0],[0.04,1.82,0],[0.28,0.02,0],[0,0,0],[0.44,4.09,0],[0,0.03,3.61],[0.09,9.11,2.42]],[[0.66,0.44,1.91],[3.45,3.87,0.05],[0,0.03,0.49],[0.04,1.75,0.22],[0.01,0.21,2.51],[0,0,0.51],[3.33,1.07,0.01]],[[0,11.31,0.93],[1.76,0.1,0.93],[0.01,3.35,1.3],[0.32,0,0],[0,1.46,0],[0.04,0,2.21],[0,0,0.07]],[[0,0,0],[0,0.07,0.31],[0,0.05,0],[0.35,0,0.28],[0,0,0],[0,0.27,0],[0.31,0,0.01]],[[0,0,0.1],[0.03,0.32,0.19],[8.74,0.84,1.37],[1.09,2.89,0.01],[0.6,1.96,0.49],[1.03,0.08,0.01],[16.93,5.19,0.77]],[[0,0,0],[0.06,0,0],[0,0,0],[0,0,0],[0,0,0],[0,0,0],[0,0,0]]],[[[2.34,3.46,2.5],[2.63,4.16,10.48],[17.33,5.24,3.85],[1.53,3.83,0.76],[0.22,25.23,11.62],[0.35,4.46,6.88],[23.77,8.49,6.21]],[[0,3.08,0.02],[5.82,0.15,1.17],[0.93,3.08,1.31],[5.58,1.16,0.59],[0.13,0.77,4.4],[0.98,0,0.31],[5.99,0.02,0.48]],[[1.5,0,0.05],[0.01,0,0.01],[0,0,0],[0,0.07,0.19],[0.59,0,0],[0,0,0],[0.65,0.1,0]],[[0,0,0.07],[0.66,0,6.54],[0,0,0],[0.17,0.12,0.01],[0,0.25,0],[0,0,0],[2.56,0.01,0]],[[0.01,0.01,1.27],[0.14,7.19,0.03],[0,0,0.13],[1.91,0,0.01],[1.85,0.01,0.13],[0.46,0,0],[0.04,0,0]],[[1.56,0.17,0.56],[0,0.05,0],[0.63,7.93,0.07],[2.06,3.67,0],[0.76,0.01,3.93],[17.32,0.28,0.15],[0,2.48,0.69]],[[0,0.87,0.07],[0.22,0.02,0.02],[0,0,2.85],[0.01,0.3,0.01],[0,1.85,0.09],[6.13,0.07,0.85],[0.15,1.24,1.65]],[[0,0.01,0.2],[0,3.32,0],[0.07,2.62,0],[1.48,0.58,0.01],[0.29,0,0.37],[0,0,0.01],[0,0.13,0]],[[4.88,1.1,0.49],[1.75,1.43,5.58],[0,0,10.29],[0.07,0,1.92],[0,1.13,0.14],[0.61,2,12.79],[0,7.04,9.05]],[[0,2.14,0],[0.9,0,0],[0,0,0],[0,0,0],[0,0,0],[0.01,0,0],[0,0,0]]],[[[5.95,2.92,1.47],[3.3,8.39,1.95],[1.4,0.16,1.33],[3.52,2.28,11.83],[5.84,2.7,1.73],[0.16,5.63,3.53],[5.63,2.09,15.24]],[[0.03,2.16,0.52],[0.37,0,0.51],[0.7,0.55,0.05],[0,1.03,1.31],[6.31,0.01,1.79],[0.04,1.56,0],[0,0.98,0.06]],[[0,0,0],[4.84,0,0],[0,0.1,0.15],[0.57,5.18,0],[0.11,8.06,0],[0.8,0,0],[0,0,0]],[[0.31,0.28,0.19],[5.29,0.15,0],[0,0.26,0],[0.91,0,0.14],[0.28,2.06,0.09],[0,0,0.12],[1.66,1.1,0]],[[4.5,0,0.66],[0,0.03,2.16],[0,0.4,0],[1.91,5.33,0],[4.09,0,0],[0,1.48,0],[0,0.15,0.25]],[[10.57,0.06,0.44],[5.8,4.67,0.11],[0,0.08,0.22],[3.67,1.06,3.92],[11.65,0.97,6.24],[0.1,0.18,17.32],[0.07,0,6.59]],[[2.85,0.01,0.15],[10.77,0,0.16],[0.4,0.93,6.19],[0.12,2.41,0.14],[0.17,0,0],[0,0,0],[0,0.21,0.11]],[[1.88,0.01,0.01],[2.11,5.23,0.03],[0,0.01,0.08],[3.4,0,0.97],[0.01,0,1.26],[0.01,0,0],[0.04,0,2.92]],[[13.12,0.05,4.88],[1.93,2.93,0.12],[10.29,4.88,0.17],[0.81,2.89,0.01],[2.51,0.23,6.61],[10.56,1.73,0],[0.02,3.39,0.03]],[[0,0,0],[0,0,0],[0,0,0],[0,0,0],[0,0,0],[0,0,0],[0,0,0]]],[[[19.3,2.75,1.61],[2.4,3.13,1.88],[9.94,1.13,4.39],[5.3,1.26,6.77],[0.53,3.17,1.58],[0.2,2.09,2.85],[0.13,11.22,4.46]],[[0.16,0.04,2.57],[4.24,3.27,1.6],[1.11,0.11,0.28],[0.04,0.01,0.59],[9.18,0.2,0],[0.48,5.99,0.72],[0,0.2,4.89]],[[0,0,0],[0,0,0.09],[0,0,0.95],[0,0.09,0.23],[0.99,0,0],[0.65,0,0],[1.91,0,0]],[[0.1,0,1.17],[8.86,0,1.95],[0.03,0.73,0],[0.55,0,0],[0,0.11,1.3],[0.02,4.19,0.56],[0,0.84,4.19]],[[0,0.34,0.34],[0,0,0.23],[0,3.16,0.02],[0.01,0,0.05],[0,0.32,0],[0,0.07,2.13],[0,0.46,0.37]],[[0.31,0.09,0],[1.4,0.3,3.27],[0.49,0.01,1.14],[0.15,0.46,3.06],[8.55,0.03,3.43],[0,0.69,0],[0.04,0.01,0.08]],[[0.35,0.06,2.85],[0.82,0,0.06],[1.83,0.23,0.01],[0.02,0.21,0],[0.29,12.66,0.2],[0.71,0.71,4.69],[0.06,3.71,0.17]],[[0.44,2.09,0.2],[1.08,0,0.08],[0,0.27,0],[0.12,0.15,0.16],[0.01,1.26,10.28],[0.05,0,0],[0.31,8.09,0.01]],[[1.44,6.24,0.56],[0.38,1.66,0.28],[1.1,0.27,0.07],[1.22,0,1.29],[0.01,0.06,0],[0.02,2.31,0.27],[0.44,0.44,3.39]],[[0,0,0],[0.03,0,0],[0,0,0],[0,0,0],[0,0,0],[0,0,0],[0,0,0]]],[[[3.46,12.62,4.98],[0.98,4.7,4.26],[17.33,9.01,0.74],[1.4,0.12,1.33],[5.68,3.58,1.87],[2.45,1.13,0.13],[0.39,1.92,9.51]],[[0.35,3.73,8.43],[0,0.1,1.6],[0.55,0.42,0.48],[0.03,0,0.01],[0.77,0.13,0.02],[0,10.16,1.34],[0.78,1.81,0.24]],[[0,0.01,0],[0,0,0.02],[0.04,3.82,0],[0,0,0],[0,2.5,0],[0.29,0,0],[0,0,0]],[[0.01,3.01,0.02],[0.51,0,1.22],[0,0.88,0.01],[0.01,0,0],[0,0.01,0],[1.91,0.56,0],[0,0,0.05]],[[0,0.02,1.17],[0.01,5.04,0.07],[0,0.02,0],[0,0,0],[0.03,0.94,0.02],[0,0.74,0],[0,0.05,0.41]],[[0.01,0,1.2],[0,7.67,0.85],[0.29,3.08,0],[0.71,0,0.67],[0,0,0.23],[0.74,1.74,8.22],[0.01,0.43,3.6]],[[1.49,1.14,0.06],[0.09,0,1.45],[1,0.02,0.23],[0.02,1.07,0.01],[0.01,0.01,0],[0,1.37,8.54],[0,1.65,0.02]],[[0,0,9.22],[0,0.14,0.17],[0.05,4.52,1.69],[0,0,0.08],[0.07,0.46,0.01],[0,0.71,4.12],[0.81,0.01,0.02]],[[0.02,2.21,0.38],[0.38,0.01,5.16],[0.01,0.63,0.07],[0,0.05,0.49],[0.27,9.52,0.04],[0,0.22,0],[0.01,5.71,0]],[[0,0,0],[0,0,0],[2.14,0,0],[0,0,0],[0,0.13,0],[0,0,0],[0,0,0]]]];

