Omegamax = 4;
Produkte = 5;
v = [2,2,1,1,1];
KS = 137.3;

KH	=	9;								
							
											
kS = [[1000,	57.2372,	67.818,	71.0382,	113.7826,	113.8788,	58.1284,	11.8263,	18.415,	123.4198],
[57.2372,	1000,	46.2746,	90.4893,	109.4487,	63.9478,	85.5736,	67.1704,	61.1488,	79.4736],
[67.818,	46.2746,	1000,	55.0772,	63.2108,	56.2776,	57.2214,	71.1569,	58.0168,	58.8204],
[71.0382,	90.4893,	55.0772,	1000,	51.2275,	109.1766,	14.9386,	64.9797,	52.6937,	105.6924],
[113.7826,	109.4487,	63.2108,	51.2275,	1000,	95.8549,	65.6871,	110.9154,	97.0091,	82.8634],
[113.8788,	63.9478,	56.2776,	109.1766,	95.8549,	1000,	113.2514,	120.7053,	109.6557,	21.205],
[58.1284,	85.5736,	57.2214,	14.9386,	65.6871,	113.2514,	1000,	51.0286,	39.7368,	112.4334],
[11.8263,	67.1704,	71.1569,	64.9797,	110.9154,	120.7053,	51.0286,	1000,	14.2461,	128.6299],
[18.415,	61.1488,	58.0168,	52.6937,	97.0091,	109.6557,	39.7368,	14.2461,	1000,	116.2309],
[123.4198,	79.4736,	58.8204,	105.6924,	82.8634,	21.205,	112.4334,	128.6299,	116.2309,	1000]];
									
kem = [336,	54.9478,	65.1053,	68.1967,	109.2313,	109.3237,	55.8032,	11.3532,	17.6784,	118.4831];
											
											
								

kI = [0.0033,0.0193,0.0514,0.1153,0.2933];
qS = [1,1,1,1,1];

d = [[[[9.94,4.62,3.46,2.92,2.75],[1.32,6.95,0.98,0.98,3.13],[5.8,8.73,17.33,10.3,1.13],[18.02,3.33,1.4,9.43,1.26],[1.51,21.14,5.68,1.87,3.17],[1.69,1.69,2.45,1.06,2.09],[0.2,2.96,0.39,28.79,11.22]],[[0.99,0.16,0.35,0,0.04],[0,1.05,0,0.18,3.27],[0,0,0.55,9.96,0.11],[0.03,0.07,0.03,0.02,0.01],[3.03,4.4,0.77,0,0.2],[0.01,0,0,1.44,5.99],[3.73,6.7,0.78,0.26,0.2]],[[0,0.03,0,0.01,0],[2.1,0.02,0,0,0],[0,0.08,0.04,0,0],[0,0,0,0,0.09],[1.17,0,0,0,0],[0,0.23,0.29,0,0],[0,0,0,0.07,0]],[[0.03,0,0.01,0.14,0],[0.03,0.18,0.51,0.02,0],[0.02,0,0,0,0.73],[0,0,0.01,0.04,0],[0.54,0.43,0,0.01,0.11],[0,5.07,1.91,0.01,4.19],[0,0.04,0,0,0.84]],[[0.01,0.02,0,0.03,0.34],[3.48,0.04,0.01,0.04,0],[0.47,0.28,0,0,3.16],[0.02,0,0,1.02,0],[0.03,0.44,0.03,0.01,0.32],[0.02,0,0,0.14,0.07],[0,0.09,0,0,0.46]],[[0.38,0.66,0.01,0.46,0.09],[2.65,3.45,0,0.1,0.3],[0,0,0.29,0,0.01],[0,0.04,0.71,1.4,0.46],[1.76,0.01,0,4.21,0.03],[0.01,0,0.74,1.07,0.69],[0,3.33,0.01,2.48,0.01]],[[2.64,0,1.49,0.13,0.06],[0.2,1.76,0.09,0,0],[2.64,0.01,1,0.23,0.23],[0,0.32,0.02,0.35,0.21],[0.38,0,0.01,2.18,12.66],[0,0.04,0,1.65,0.71],[0,0,0,0,3.71]],[[0.36,0,0,2.33,2.09],[0.28,0,0,0,0],[0.13,0,0.05,0.27,0.27],[0,0.35,0,0.01,0.15],[0.37,0,0.07,3.44,1.26],[0,0,0,0,0],[0.03,0.31,0.81,0.93,8.09]],[[0,0,0.02,1.16,6.24],[0.01,0.03,0.38,2.25,1.66],[1.23,8.74,0.01,2.21,0.27],[0.19,1.09,0,0,0],[0,0.6,0.27,1.73,0.06],[0.01,1.03,0,0.02,2.31],[0.05,16.93,0.01,0.12,0.44]],[[0,0,0,0,0],[0,0.06,0,0,0],[0.05,0,2.14,0,0],[0,0,0,0,0],[0,0,0,0,0],[0,0,0,0,0],[0,0,0,0,0]]],[[[14.87,2.34,9.3,8.73,12.62],[7.72,2.63,10.48,2.48,4.7],[0.01,17.33,1.2,6.96,9.01],[2.36,1.53,0.4,1.33,0.12],[1.51,0.22,6.37,7.38,3.58],[2.45,0.35,0.67,2.75,1.13],[6.88,23.77,4.46,1.32,1.92]],[[0.07,0,0.26,0.03,3.73],[8.12,5.82,1.17,0,0.1],[0.35,0.93,2.89,0,0.42],[0,5.58,4.35,0,0],[3.25,0.13,0,0.02,0.13],[0.12,0.98,0.18,0.56,10.16],[0.11,5.99,1.56,2.29,1.81]],[[1.5,1.5,0.06,0,0.01],[0,0.01,0,0,0],[0.41,0,0,1.5,3.82],[0.23,0,0,0,0],[0,0.59,0,0,2.5],[0,0,0.01,0,0],[0.01,0.65,0,0.29,0]],[[0.42,0,0,0.02,3.01],[0.01,0.66,1.95,0,0],[0.02,0,0.19,0.61,0.88],[0,0.17,0,0.03,0],[0,0,0.11,0,0.01],[1.44,0,3.52,0,0.56],[0.22,2.56,0,0.84,0]],[[4.5,0.01,0.31,0.01,0.02],[1.43,0.14,0,1.82,5.04],[0.24,0,0,0.02,0.02],[0.12,1.91,0,0,0],[0,1.85,0,4.09,0.94],[0.02,0.46,0,0.03,0.74],[0.93,0.04,0.29,9.11,0.05]],[[0.06,1.56,0,0.44,0],[0.41,0,4.67,3.87,7.67],[0.66,0.63,7.93,0.03,3.08],[0.56,2.06,1.12,1.75,0],[0,0.76,0.07,0.21,0],[0.8,17.32,0,0,1.74],[0.01,0,0.31,1.07,0.43]],[[0.13,0,0.04,11.31,1.14],[0,0.22,0.01,0.1,0],[1.83,0,3.65,3.35,0.02],[0.51,0.01,2.41,0,1.07],[0,0,0,1.46,0.01],[0.24,6.13,1.24,0,1.37],[0.48,0.15,4.16,0,1.65]],[[1.03,0,0.05,0,0],[0.69,0,1.08,0.07,0.14],[0,0.07,0,0.05,4.52],[2.97,1.48,0.01,0,0],[0,0.29,0.08,0,0.46],[2.92,0,0,0.27,0.71],[0.05,0,4.99,0,0.01]],[[0.36,4.88,0.05,0,2.21],[0.03,1.75,3.48,0.32,0.01],[0,0,1.52,0.84,0.63],[1.09,0.07,0.16,2.89,0.05],[0.02,0,1.13,1.96,9.52],[0,0.61,0.15,0.08,0.22],[4.74,0,6.32,5.19,5.71]],[[0.01,0,0,0,0],[0,0.9,0,0,0],[0.01,0,0,0,0],[0,0,0.03,0,0],[0,0,0,0,0.13],[0,0.01,0,0,0],[0,0,0,0,0]]],[[[3.55,5.95,0.55,3.46,6.43],[7.72,3.3,14.42,4.16,3.76],[7.99,1.4,1.54,5.24,4.62],[0.46,3.52,5.6,3.83,0.46],[1.8,5.84,0.93,25.23,0.17],[0.35,0.16,3.29,4.46,0.16],[0.43,5.63,4.04,8.49,1.06]],[[0.09,0.03,1.38,3.08,1.11],[0.37,0.37,0.15,0.15,3.27],[0.16,0.7,0.13,3.08,0.01],[6.13,0,0,1.16,0.52],[2.83,6.31,0.16,0.77,2.31],[16.47,0.04,0,0,0.02],[0.16,0,1.24,0.02,0.05]],[[0,0,0,0,2.09],[0.05,4.84,0,0,0.76],[3.06,0,0,0,0.08],[0,0.57,0.36,0.07,0],[0,0.11,0.11,0,0.18],[0,0.8,0,0,0.99],[5.77,0,0.23,0.1,0]],[[0,0.31,4.58,0,0.17],[0.32,5.29,0.06,0,0.51],[0,0,0,0,0.67],[1.23,0.91,1.52,0.12,0],[0,0.28,0,0.25,1.16],[0,0,0,0,0],[4.19,1.66,8.19,0.01,0.02]],[[0,4.5,0,0.01,0],[1.68,0,0.15,7.19,0.21],[0,0,0.26,0,0.56],[0.05,1.91,2.85,0,0.08],[0.02,4.09,0,0.01,0.01],[0,0,1.88,0,0],[0,0,0.1,0,0]],[[0.49,10.57,2.62,0.17,0.06],[0.41,5.8,0.81,0.05,1.4],[0.05,0,0.01,7.93,0.88],[4.81,3.67,0.67,3.67,0],[11.65,11.65,0.19,0.01,2.1],[8.22,0.1,0.24,0.28,0.1],[0.2,0.07,1.41,2.48,0.51]],[[0.02,2.85,0.93,0.87,0],[0,10.77,0.2,0.02,0.07],[0,0.4,0,0,0.14],[0,0.12,0.02,0.3,0],[0.41,0.17,2.18,1.85,1.71],[0.08,0,0,0.07,0.24],[2,0,0.09,1.24,0]],[[0.01,1.88,0.01,0.01,0.06],[0.07,2.11,0,3.32,0.01],[1.53,0,0,2.62,0.07],[0.58,3.4,0,0.58,0.12],[0,0.01,0,0,0],[0.2,0.01,0,0,1.22],[0,0.04,0.08,0.13,0]],[[0.05,13.12,2.21,1.1,3.71],[0.28,1.93,0.41,1.43,0.14],[0.02,10.29,0,0,1.98],[0.05,0.81,0.01,0,0],[0.29,2.51,1.2,1.13,0.1],[0.18,10.56,0.01,2,0.01],[0.02,0.02,1.86,7.04,0.83]],[[0,0,0,2.14,0],[0,0,0,0,0],[0,0,0.86,0,0],[0,0,0,0,0],[0,0,0,0,0],[0,0,0,0,0],[0,0,0,0,0]]],[[[2.92,19.3,1.07,2.92,0.81],[1.53,2.4,1.25,8.39,1.67],[3.27,9.94,5.65,0.16,2.12],[9.12,5.3,1.6,2.28,11.34],[25.23,0.53,0.17,2.7,1.05],[0.72,0.2,9.51,5.63,9.51],[1,0.13,1,2.09,2.85]],[[0.83,0.16,0.55,2.16,0.03],[1.6,4.24,0,0,3.96],[0.01,1.11,0,0.55,0],[2.1,0.04,1.31,1.03,0.81],[0.63,9.18,0.08,0.01,0.03],[1.81,0.48,0,1.56,0.02],[0,0,0.05,0.98,6.7]],[[0.08,0,0.01,0,0],[0.06,0,0.1,0,4.84],[7.3,0,0,0.1,0.01],[0,0,0,5.18,0.03],[0,0.99,0,8.06,0.5],[0.08,0.65,0,0,0.02],[0.03,1.91,0,0,0]],[[0,0.1,0.97,0.28,0.61],[0,8.86,1.61,0.15,0],[3.93,0.03,0.01,0.26,1.73],[0,0.55,0.09,0,0],[0.31,0,0.02,2.06,3.5],[0.02,0.02,0,0,0],[0,0,0,1.1,0]],[[0,0,0,0,0.16],[0.07,0,0.52,0.03,0.83],[0,0,1.38,0.4,0],[2.56,0.01,0.09,5.33,0],[0.4,0,1.03,0,0],[0,0,4.19,1.48,0],[7.14,0,0.01,0.15,0]],[[0.22,0.31,4.43,0.06,0.01],[0.12,1.4,0.05,4.67,0.07],[0.74,0.49,10.57,0.08,9],[0.75,0.15,1.95,1.06,0.46],[0.15,8.55,5.27,0.97,7.61],[0.74,0,0.16,0.18,5.97],[0.1,0.04,0.05,0,0]],[[0.58,0.35,0,0.01,0],[0,0.82,0,0,1.36],[0.5,1.83,0.02,0.93,0.81],[0.02,0.02,0.32,2.41,0],[0.35,0.29,2.18,0,0.53],[0.14,0.71,0,0,4.16],[5.33,0.06,0,0.21,2.44]],[[0,0.44,0,0.01,0],[0,1.08,1.19,5.23,0],[0,0,0,0.01,0.09],[0.01,0.12,0.15,0,0.53],[0,0.01,0,0,0],[0.41,0.05,0,0,0.2],[0,0.31,0,0,0]],[[0.06,1.44,8.74,0.05,1.78],[0.08,0.38,4.47,2.93,1.66],[5.27,1.1,1.37,4.88,3.09],[2.03,1.22,0.4,2.89,13.84],[0.21,0.01,0.03,0.23,0.73],[0,0.02,0,1.73,0],[0,0.44,12.79,3.39,0.61]],[[0,0,0.01,0,0],[0,0.03,0,0,0],[0,0,0,0,0],[0,0,0,0,0],[0,0,0,0,0],[0,0,0,0,0],[0,0,0,0,0]]]];

