Omegamax = 10;
Produkte = 1;
v = [2];
KS = 90;

KH	=	9;								
							
											
kS	=	[[1000,	38.3697,	57.8946,	30.1217,	18.8233,	28.0246,	94.1813,	31.1978,	82.6637,	6.6888],
[38.3697,	1000,	42.0865,	66.0012,	40.6863,	52.9436,	57.2311,	32.8856,	120.1414,	34.9844],		
[57.8946,	42.0865,	1000,	87.3048,	44.2297,	83.5652,	80.965,	71.1879,	121.4214,	51.2905],		
[30.1217,	66.0012,	87.3048,	1000,	44.2753,	21.9064,	117.9197,	44.6716,	65.5233,	36.336],		
[18.8233,	40.6863,	44.2297,	44.2753,	1000,	46.7413,	97.7309,	46.9758,	82.1338,	13.2944],		
[28.0246,	52.9436,	83.5652,	21.9064,	46.7413,	1000,	99.4712,	24.9261,	87.4116,	34.3822],		
[94.1813,	57.2311,	80.965,	117.9197,	97.7309,	99.4712,	1000,	74.549,	176.7898,	91.8054],		
[31.1978,	32.8856,	71.1879,	44.6716,	46.9758,	24.9261,	74.549,	1000,	108.3524,	34.1155],		
[82.6637,	120.1414,	121.4214,	65.5233,	82.1338,	87.4116,	176.7898,	108.3524,	1000,	85.1678],		
[6.6888,	34.9844,	51.2905,	36.336,	13.2944,	34.3822,	91.8054,	34.1155,	85.1678,	1000]];		
											
kem	=	[336,	36.8349,	55.5788,	28.9168,	18.0703,	26.9037,	90.414,	29.9499,	79.3572,	6.4213];
											
											
								

kI = [0.0033];
qS = [1];

d = [[[[9.94],[1.32],[5.8],[18.02],[1.51],[1.69],[0.2]],[[0.99],[0],[0],[0.03],[3.03],[0.01],[3.73]],[[0],[2.1],[0],[0],[1.17],[0],[0]],[[0.03],[0.03],[0.02],[0],[0.54],[0],[0]],[[0.01],[3.48],[0.47],[0.02],[0.03],[0.02],[0]],[[0.38],[2.65],[0],[0],[1.76],[0.01],[0]],[[2.64],[0.2],[2.64],[0],[0.38],[0],[0]],[[0.36],[0.28],[0.13],[0],[0.37],[0],[0.03]],[[0],[0.01],[1.23],[0.19],[0],[0.01],[0.05]],[[0],[0],[0.05],[0],[0],[0],[0]]],[[[14.87],[7.72],[0.01],[2.36],[1.51],[2.45],[6.88]],[[0.07],[8.12],[0.35],[0],[3.25],[0.12],[0.11]],[[1.5],[0],[0.41],[0.23],[0],[0],[0.01]],[[0.42],[0.01],[0.02],[0],[0],[1.44],[0.22]],[[4.5],[1.43],[0.24],[0.12],[0],[0.02],[0.93]],[[0.06],[0.41],[0.66],[0.56],[0],[0.8],[0.01]],[[0.13],[0],[1.83],[0.51],[0],[0.24],[0.48]],[[1.03],[0.69],[0],[2.97],[0],[2.92],[0.05]],[[0.36],[0.03],[0],[1.09],[0.02],[0],[4.74]],[[0.01],[0],[0.01],[0],[0],[0],[0]]],[[[3.55],[7.72],[7.99],[0.46],[1.8],[0.35],[0.43]],[[0.09],[0.37],[0.16],[6.13],[2.83],[16.47],[0.16]],[[0],[0.05],[3.06],[0],[0],[0],[5.77]],[[0],[0.32],[0],[1.23],[0],[0],[4.19]],[[0],[1.68],[0],[0.05],[0.02],[0],[0]],[[0.49],[0.41],[0.05],[4.81],[11.65],[8.22],[0.2]],[[0.02],[0],[0],[0],[0.41],[0.08],[2]],[[0.01],[0.07],[1.53],[0.58],[0],[0.2],[0]],[[0.05],[0.28],[0.02],[0.05],[0.29],[0.18],[0.02]],[[0],[0],[0],[0],[0],[0],[0]]],[[[2.92],[1.53],[3.27],[9.12],[25.23],[0.72],[1]],[[0.83],[1.6],[0.01],[2.1],[0.63],[1.81],[0]],[[0.08],[0.06],[7.3],[0],[0],[0.08],[0.03]],[[0],[0],[3.93],[0],[0.31],[0.02],[0]],[[0],[0.07],[0],[2.56],[0.4],[0],[7.14]],[[0.22],[0.12],[0.74],[0.75],[0.15],[0.74],[0.1]],[[0.58],[0],[0.5],[0.02],[0.35],[0.14],[5.33]],[[0],[0],[0],[0.01],[0],[0.41],[0]],[[0.06],[0.08],[5.27],[2.03],[0.21],[0],[0]],[[0],[0],[0],[0],[0],[0],[0]]],[[[4.62],[6.95],[8.73],[3.33],[21.14],[1.69],[2.96]],[[0.16],[1.05],[0],[0.07],[4.4],[0],[6.7]],[[0.03],[0.02],[0.08],[0],[0],[0.23],[0]],[[0],[0.18],[0],[0],[0.43],[5.07],[0.04]],[[0.02],[0.04],[0.28],[0],[0.44],[0],[0.09]],[[0.66],[3.45],[0],[0.04],[0.01],[0],[3.33]],[[0],[1.76],[0.01],[0.32],[0],[0.04],[0]],[[0],[0],[0],[0.35],[0],[0],[0.31]],[[0],[0.03],[8.74],[1.09],[0.6],[1.03],[16.93]],[[0],[0.06],[0],[0],[0],[0],[0]]],[[[2.34],[2.63],[17.33],[1.53],[0.22],[0.35],[23.77]],[[0],[5.82],[0.93],[5.58],[0.13],[0.98],[5.99]],[[1.5],[0.01],[0],[0],[0.59],[0],[0.65]],[[0],[0.66],[0],[0.17],[0],[0],[2.56]],[[0.01],[0.14],[0],[1.91],[1.85],[0.46],[0.04]],[[1.56],[0],[0.63],[2.06],[0.76],[17.32],[0]],[[0],[0.22],[0],[0.01],[0],[6.13],[0.15]],[[0],[0],[0.07],[1.48],[0.29],[0],[0]],[[4.88],[1.75],[0],[0.07],[0],[0.61],[0]],[[0],[0.9],[0],[0],[0],[0.01],[0]]],[[[5.95],[3.3],[1.4],[3.52],[5.84],[0.16],[5.63]],[[0.03],[0.37],[0.7],[0],[6.31],[0.04],[0]],[[0],[4.84],[0],[0.57],[0.11],[0.8],[0]],[[0.31],[5.29],[0],[0.91],[0.28],[0],[1.66]],[[4.5],[0],[0],[1.91],[4.09],[0],[0]],[[10.57],[5.8],[0],[3.67],[11.65],[0.1],[0.07]],[[2.85],[10.77],[0.4],[0.12],[0.17],[0],[0]],[[1.88],[2.11],[0],[3.4],[0.01],[0.01],[0.04]],[[13.12],[1.93],[10.29],[0.81],[2.51],[10.56],[0.02]],[[0],[0],[0],[0],[0],[0],[0]]],[[[19.3],[2.4],[9.94],[5.3],[0.53],[0.2],[0.13]],[[0.16],[4.24],[1.11],[0.04],[9.18],[0.48],[0]],[[0],[0],[0],[0],[0.99],[0.65],[1.91]],[[0.1],[8.86],[0.03],[0.55],[0],[0.02],[0]],[[0],[0],[0],[0.01],[0],[0],[0]],[[0.31],[1.4],[0.49],[0.15],[8.55],[0],[0.04]],[[0.35],[0.82],[1.83],[0.02],[0.29],[0.71],[0.06]],[[0.44],[1.08],[0],[0.12],[0.01],[0.05],[0.31]],[[1.44],[0.38],[1.1],[1.22],[0.01],[0.02],[0.44]],[[0],[0.03],[0],[0],[0],[0],[0]]],[[[3.46],[0.98],[17.33],[1.4],[5.68],[2.45],[0.39]],[[0.35],[0],[0.55],[0.03],[0.77],[0],[0.78]],[[0],[0],[0.04],[0],[0],[0.29],[0]],[[0.01],[0.51],[0],[0.01],[0],[1.91],[0]],[[0],[0.01],[0],[0],[0.03],[0],[0]],[[0.01],[0],[0.29],[0.71],[0],[0.74],[0.01]],[[1.49],[0.09],[1],[0.02],[0.01],[0],[0]],[[0],[0],[0.05],[0],[0.07],[0],[0.81]],[[0.02],[0.38],[0.01],[0],[0.27],[0],[0.01]],[[0],[0],[2.14],[0],[0],[0],[0]]],[[[9.3],[10.48],[1.2],[0.4],[6.37],[0.67],[4.46]],[[0.26],[1.17],[2.89],[4.35],[0],[0.18],[1.56]],[[0.06],[0],[0],[0],[0],[0.01],[0]],[[0],[1.95],[0.19],[0],[0.11],[3.52],[0]],[[0.31],[0],[0],[0],[0],[0],[0.29]],[[0],[4.67],[7.93],[1.12],[0.07],[0],[0.31]],[[0.04],[0.01],[3.65],[2.41],[0],[1.24],[4.16]],[[0.05],[1.08],[0],[0.01],[0.08],[0],[4.99]],[[0.05],[3.48],[1.52],[0.16],[1.13],[0.15],[6.32]],[[0],[0],[0],[0.03],[0],[0],[0]]]];

