Omegamax = 10;
Produkte = 2;
v = [2,2];
KS = 117;

KH	=	9;								
							
											
kS = [[1000,	57.2372,	67.818,	71.0382,	113.7826,	113.8788,	58.1284,	11.8263,	18.415,	123.4198],
[57.2372,	1000,	46.2746,	90.4893,	109.4487,	63.9478,	85.5736,	67.1704,	61.1488,	79.4736],
[67.818,	46.2746,	1000,	55.0772,	63.2108,	56.2776,	57.2214,	71.1569,	58.0168,	58.8204],
[71.0382,	90.4893,	55.0772,	1000,	51.2275,	109.1766,	14.9386,	64.9797,	52.6937,	105.6924],
[113.7826,	109.4487,	63.2108,	51.2275,	1000,	95.8549,	65.6871,	110.9154,	97.0091,	82.8634],
[113.8788,	63.9478,	56.2776,	109.1766,	95.8549,	1000,	113.2514,	120.7053,	109.6557,	21.205],
[58.1284,	85.5736,	57.2214,	14.9386,	65.6871,	113.2514,	1000,	51.0286,	39.7368,	112.4334],
[11.8263,	67.1704,	71.1569,	64.9797,	110.9154,	120.7053,	51.0286,	1000,	14.2461,	128.6299],
[18.415,	61.1488,	58.0168,	52.6937,	97.0091,	109.6557,	39.7368,	14.2461,	1000,	116.2309],
[123.4198,	79.4736,	58.8204,	105.6924,	82.8634,	21.205,	112.4334,	128.6299,	116.2309,	1000]];
									
kem = [336,	54.9478,	65.1053,	68.1967,	109.2313,	109.3237,	55.8032,	11.3532,	17.6784,	118.4831];
											
											
								

kI = [0.0033,0.0193];
qS = [1,1];

d = [[[[6.43,3.65],[7.32,0.91],[5.11,8.23],[7.59,10.9],[2.03,4.92],[1.84,0.23],[2.85,2.96]],[[0.03,0.32],[0.04,0.03],[0.3,1.46],[1.39,1.31],[2.64,0.09],[3.42,16.47],[0.2,1.68]],[[0.17,0.05],[0,0],[0,0],[3.09,0],[0,0],[0,0],[0,0]],[[0,0.61],[0.05,0.02],[0.73,0.55],[0.01,0.61],[0,0.02],[0,5.07],[0.11,0]],[[2.14,0.01],[0.01,0.48],[0.72,0],[0.01,0],[0,1.52],[3.14,0],[0.12,0]],[[2.01,3.08],[0.38,0.07],[1.72,3.26],[0.02,0.9],[4.21,0.45],[1.32,0.18],[0.4,0]],[[0,0],[0.59,0.01],[0.5,0.02],[0,0.8],[0.53,0],[0,2],[0.17,0.71]],[[0.58,0.13],[0.37,0.12],[9.22,0.85],[9.71,0.09],[0,0],[0.15,0.05],[0.03,0.13]],[[1.69,0.22],[1.75,0.49],[0.36,0.23],[5.37,0.6],[0.04,0.11],[0.18,0.22],[0,0.52]],[[0,0],[0,0],[0,0],[0,0],[0,0],[0,0],[0,0]]],[[[4.86,17.33],[3.04,16.73],[4.62,0.49],[1.89,1.82],[2.61,3.69],[23.77,0.2],[3.41,20.95]],[[0.02,0.01],[1.44,0.76],[0.74,2.42],[3.5,0.45],[0,0.1],[0.48,0],[3.42,4.07]],[[0.2,0],[0,0.2],[0,0],[5.18,0.06],[0,0],[0.04,0],[0,0.08]],[[0.28,1.57],[0,0],[0,0],[2.67,9.8],[0,0.09],[1.1,0],[0,0]],[[0.34,0.56],[0.97,0],[0,1.64],[0.02,0.05],[1.52,0.24],[0.12,0],[0,0.1]],[[1.03,0.97],[0.81,0.9],[0.74,2.62],[0.01,0.02],[1.16,0],[0.01,0],[13.14,0]],[[0.1,0.37],[0,0.16],[0.11,1.6],[0.01,0.48],[1.58,0.07],[3.32,1.13],[0.85,0]],[[0.16,0],[0.76,0.49],[0.64,0.02],[0.97,0],[0.26,0],[0.03,0],[0,0.47]],[[0.56,1.6],[0.49,3.69],[0.14,0.08],[0.4,0.81],[6,0.15],[0.06,6.32],[7.93,0.56]],[[0,0],[0,0],[0,0],[0,0],[0,0],[0,0],[0,0]]],[[[3.85,2.27],[1.67,3.39],[4.5,9.01],[0.64,4.52],[2.88,2.61],[5.27,1.84],[0,0.1]],[[0,0.09],[2.45,0.01],[0.83,0.05],[1.31,0.86],[0.02,0.41],[0.01,0.37],[2.11,0]],[[2.51,0.62],[0.05,0.08],[0,0],[0.26,0],[0.01,0],[0,0],[0,0]],[[0,0],[0,0],[0,0.03],[0.16,0],[0,10.37],[0.01,0.25],[1.91,2.2]],[[0.56,0.24],[0.01,0.19],[0,0],[0,0],[0,0],[0,0.93],[0,0.06]],[[0,1.4],[0.03,0.05],[0.97,1.4],[0.71,0.16],[0.18,0],[0.01,0.09],[0.06,4.57]],[[0.18,0.03],[0,1.54],[0.01,0],[2.41,0.04],[0,0],[0.71,0.29],[0,0.24]],[[0,1.69],[0,0.01],[0.36,0.64],[0,0.79],[0.01,0],[4.99,0],[0.04,0.01]],[[0.63,4.23],[9.86,9.86],[0,0.06],[5.85,0],[1.96,0.15],[1.73,0.27],[0.22,0.01]],[[0,0],[0,0],[0,0],[0,0],[0,0],[0,0],[0,0]]],[[[6.96,12.62],[4.93,18.57],[2.27,4.06],[9.43,1.07],[1.24,3.27],[2.09,4.62],[3.06,1.06]],[[0.08,0.01],[0.14,0.95],[4.3,0],[0.08,0.01],[1.68,0],[0.02,1.24],[7.57,0.12]],[[0.35,2.09],[4.84,0],[0.82,0],[0.49,2.07],[8.06,0],[0,0],[0,0]],[[0,0],[1.95,0.01],[0,0],[0.27,2.67],[0.01,0],[0,8.19],[0.01,8.19]],[[5.18,0.52],[0.05,0.01],[0,0],[0.29,0.01],[0.85,0],[0.41,0],[0,0.01]],[[0.97,0.33],[1.87,4.11],[3.08,0.09],[0.05,0.11],[0.39,2.67],[13.14,1.32],[0.01,0]],[[2.44,0.17],[1.27,1.54],[1.3,1.3],[1.54,0.19],[0,0.41],[2.44,0.03],[0.03,2.44]],[[0,4.52],[0,0.41],[0.58,0.85],[0.58,0],[0,0],[3.45,0.62],[0.24,0.15]],[[4.54,2.92],[0,0],[1.3,0.99],[4.28,0],[1.44,0],[1.86,0.09],[0,2.31]],[[0,0],[0,0],[0,0],[0.07,0],[0,0],[0,0],[0,0]]],[[[8.23,5.8],[6.13,7.32],[3.65,0.16],[7.81,10.9],[0.99,3.58],[0.27,7.9],[0.08,2.55]],[[3.73,0],[4.92,0.54],[8.43,0.28],[2.1,0.48],[0.17,0.11],[0,0.01],[0.03,0.24]],[[0.62,0.05],[0.39,0.3],[0,0.31],[3.91,0],[0.01,0.99],[0,0],[0,0]],[[0,2.14],[0.66,5.29],[0,0],[9.8,0],[0,0.67],[0.07,0],[0,0.96]],[[0.06,2.58],[3.48,0.01],[2.34,3.52],[0,1.45],[0.07,0],[0,0],[0.15,4.19]],[[0.41,1.08],[0.22,4.99],[0.49,1.14],[0.01,0],[2.37,11.65],[0.01,0],[4.57,0]],[[1,0],[0,0.04],[0.01,0.12],[0.1,0.35],[0.15,0],[0,14.55],[0,0.12]],[[0,0.36],[0.02,0],[0,0],[0.09,3.4],[2.02,0],[0,0],[0,4.12]],[[7.68,2.21],[0.02,0.06],[0,0.41],[0.04,0.05],[3.04,0.39],[1.29,0.32],[0.11,16.93]],[[0,0],[0,0],[0,0],[0.35,0.01],[0.05,0],[0,0],[0,0]]],[[[2.42,2.75],[6.44,2.79],[7.35,3],[7.81,10.11],[2.35,1.18],[6.65,6.21],[20.95,2.85]],[[2.28,0.01],[0,0.15],[2.04,1.17],[13.47,0.11],[0,1.3],[0.78,0.04],[1.96,1.06]],[[0.02,3.06],[4.84,0],[0,0],[5.18,0],[0,3.99],[0,0],[0,0.02]],[[1.42,0],[0,2.66],[0.38,0],[0,0.55],[0,0.12],[0.02,2.56],[0,0]],[[0,0],[0.03,0],[0.11,0.61],[0.01,0],[0,1.38],[0.04,0.02],[0,0]],[[1.56,0.02],[8.67,0.21],[1.48,2.48],[0.85,0.04],[1.39,0.16],[3.89,3.09],[0.2,4.21]],[[0.58,6.19],[0.08,0.24],[2.44,3.65],[1.43,5.61],[0,0.11],[0,0.01],[6.13,1.65]],[[0,0],[1.43,1.08],[0.13,0.1],[0,0.48],[0.1,0],[0.01,0],[1.22,0.41]],[[0.46,0.22],[0.08,0],[0.05,13.12],[0.64,9.11],[2.85,0.39],[0.09,4.74],[3.99,0]],[[0,0],[0,0],[0,0],[0,0],[0,0],[0,0],[0,0]]],[[[3.18,0.36],[6.29,0.43],[4.17,0.68],[2.2,0.76],[4.79,0.13],[3.65,12.29],[0.2,0.27]],[[4.63,5.45],[0.2,0.8],[0.21,12.76],[0,0.13],[0,10.98],[0.01,5.4],[0.61,0.06]],[[0,0.2],[0,0.02],[0.01,0],[0,0.02],[3.99,0],[0,0],[1.22,0]],[[0.01,0],[0.05,2.99],[3.93,0],[1.69,0.82],[0.48,0],[0,0],[0.06,3.52]],[[0,2.14],[0.08,0.9],[0,0.26],[0,1.74],[0.03,0.03],[0.04,3.14],[0,4.91]],[[0.59,0.25],[1.78,0.69],[0.01,0.02],[0,0.26],[0,0.59],[0,5.97],[0.01,0.11]],[[0.02,2.44],[0.1,0],[0.01,0.47],[2.41,0],[0,2.58],[0.07,0],[2.21,1.03]],[[0.05,0.71],[0.03,0],[0.58,0],[1.84,2.97],[0,0.05],[0,0],[0.01,1.86]],[[5.27,0.41],[1,7.43],[0.01,1.88],[13.84,0],[0,0.02],[10.56,4.34],[0.29,0.83]],[[0,0],[0,0],[0,0],[0,0],[0,0.75],[0,0],[0,0.02]]],[[[3.85,5.51],[1.95,3.21],[8.73,0.81],[0.46,1.53],[2.03,0.53],[3.06,0.72],[9.89,7.36]],[[0.4,0.18],[0.01,3.48],[0.42,0.14],[10.44,1.98],[0,0.1],[0.09,0.01],[0,0.37]],[[0,0],[0.1,0.58],[0.06,0],[0.02,0],[0,0],[0,4.14],[0,0]],[[0.02,0],[0.07,0.17],[0,0],[0.06,0],[0,0],[1.44,0.16],[0,4.19]],[[0.84,0.16],[0.01,0.01],[0.11,5.18],[7.82,0.13],[0,0],[0.04,0.32],[0,0]],[[0.1,0.56],[1.1,4.67],[0.01,0.14],[0.28,7.35],[0.18,0.03],[0.04,0.02],[0.59,0.01]],[[2.11,0],[0.09,3.33],[0.12,0.18],[1.54,3.36],[0.03,0.48],[0.12,0],[0.04,0]],[[0.02,0],[0.37,0.01],[0,0],[0,0],[0,0.01],[0,0],[8.09,0.07]],[[0.13,0],[1.43,0],[10.29,0.02],[0,0.33],[4.31,0.21],[0,0.15],[0,0.03]],[[0,0],[0,0],[0,0],[0,0],[0,0],[0,0],[0,0]]],[[[0.36,3.09],[0.12,7.72],[4.17,7.77],[11.83,0.46],[5.84,14.1],[14.36,11.22],[0.13,0.57]],[[0,3.28],[0,1.17],[0.06,0.15],[0.06,0.91],[14.3,0.04],[0,1.81],[0,0]],[[0,0],[0.01,0],[0,0],[0,0],[0,0],[0,0.04],[0,0.99]],[[0.03,0],[0.02,0.02],[3.01,0],[0,0],[0,0.01],[0,0],[0,0.12]],[[0,1.79],[0.23,0.01],[0.06,0.92],[4.03,0],[0,0.01],[0,0],[0,0]],[[0.18,0.66],[0.24,4.11],[0.16,0],[0.01,1.26],[3.43,1.24],[0,1.41],[0,0.02]],[[0.06,0.4],[0.55,0.02],[0,0],[1.43,0.64],[0.14,7.77],[0,2.44],[0,0]],[[0,0],[0,0.83],[0,0],[0.2,0],[0.81,0],[0,0],[0.31,0]],[[1.37,0.03],[1.17,0.03],[5.71,4.88],[0,2.03],[0.03,0.25],[0.83,0],[0.01,3.39]],[[0.19,0],[0,0],[0,0],[0,0],[0,0],[0.01,0],[0,0]]],[[[9.3,2.04],[5.43,4.48],[10.68,0.87],[4.64,10.49],[0.64,10.3],[1.39,0.03],[3.41,18.99]],[[0.01,0.18],[0.85,0.4],[0,0.19],[1.87,5.11],[0,4.4],[0.01,0.02],[0.24,0.61]],[[0,0],[0,0],[0,0],[0.02,0.14],[5.36,0],[0.29,0.15],[0,0.65]],[[0.17,0.28],[1.77,0],[0,0],[0.27,0],[3.5,0],[0.19,0],[0,0]],[[0.92,1.17],[0,0.9],[0,0.15],[0.24,0.1],[0.02,0],[0,1.04],[0.03,0]],[[0.01,0.02],[0.36,7.67],[0.02,0.01],[3.92,0.19],[0,0.36],[0.02,0.86],[0.8,0.92]],[[2.44,0.58],[0.01,0],[0,1],[0.1,0.05],[0,1.58],[2.44,2.21],[0,4.69]],[[0.01,0],[0.04,5.23],[0,0],[1.33,0],[1.59,0],[0.02,0],[0,0.62]],[[0.01,1.3],[5.58,1.5],[0,0.18],[0,1.37],[0.05,3.04],[0.02,0.48],[1.29,0.06]],[[0,0],[0,0],[0,0],[0,0],[0,0],[0,0],[0,0]]]];

