Omegamax = 1;
Produkte = 3;
v = [2,2,1];
KS = 126;

KH	=	9;								
							
											
kS = [[1000,	61.0982,	135.3811,	125.4204,	136.6548,	117.0763,	56.9162,	31.051,	62.8976,	111.512],
[61.0982,	1000,	93.9225,	90.9353,	148.5481,	121.9531,	18.7415,	88.1098,	108.0461,	125.9754],
[135.3811,	93.9225,	1000,	17.3325,	119.2363,	93.723,	83.6537,	147.5133,	143.5935,	110.1599],
[125.4204,	90.9353,	17.3325,	1000,	102.3983,	76.5169,	77.8317,	134.7515,	128.243,	92.8303],
[136.6548,	148.5481,	119.2363,	102.3983,	1000,	28.1437,	129.8136,	121.5764,	90.0895,	25.1435],
[117.0763,	121.9531,	93.723,	76.5169,	28.1437,	1000,	103.2318,	107.2947,	81.5113,	18.9332],
[56.9162,	18.7415,	83.6537,	77.8317,	129.8136,	103.2318,	1000,	79.282,	94.1049,	107.3586],
[31.051,	88.1098,	147.5133,	134.7515,	121.5764,	107.2947,	79.282,	1000,	36.2807,	97.1766],
[62.8976,	108.0461,	143.5935,	128.243,	90.0895,	81.5113,	94.1049,	36.2807,	1000,	67.5128],
[111.512,	125.9754,	110.1599,	92.8303,	25.1435,	18.9332,	107.3586,	97.1766,	67.5128,	1000]];
									
kem = [336,	58.6543,	129.9659,	120.4035,	131.1886,	112.3933,	54.6396,	29.8089,	60.3817,	107.0515];
											
											
								

kI = [0.0033,0.0193,0.0514];
qS = [1,1,1];

d = [[[[6.43,4.86,3.85],[7.32,3.04,1.67],[5.11,4.62,4.5],[7.59,1.89,0.64],[2.03,2.61,2.88],[1.84,23.77,5.27],[2.85,3.41,0]],[[0.03,0.02,0],[0.04,1.44,2.45],[0.3,0.74,0.83],[1.39,3.5,1.31],[2.64,0,0.02],[3.42,0.48,0.01],[0.2,3.42,2.11]],[[0.17,0.2,2.51],[0,0,0.05],[0,0,0],[3.09,5.18,0.26],[0,0,0.01],[0,0.04,0],[0,0,0]],[[0,0.28,0],[0.05,0,0],[0.73,0,0],[0.01,2.67,0.16],[0,0,0],[0,1.1,0.01],[0.11,0,1.91]],[[2.14,0.34,0.56],[0.01,0.97,0.01],[0.72,0,0],[0.01,0.02,0],[0,1.52,0],[3.14,0.12,0],[0.12,0,0]],[[2.01,1.03,0],[0.38,0.81,0.03],[1.72,0.74,0.97],[0.02,0.01,0.71],[4.21,1.16,0.18],[1.32,0.01,0.01],[0.4,13.14,0.06]],[[0,0.1,0.18],[0.59,0,0],[0.5,0.11,0.01],[0,0.01,2.41],[0.53,1.58,0],[0,3.32,0.71],[0.17,0.85,0]],[[0.58,0.16,0],[0.37,0.76,0],[9.22,0.64,0.36],[9.71,0.97,0],[0,0.26,0.01],[0.15,0.03,4.99],[0.03,0,0.04]],[[1.69,0.56,0.63],[1.75,0.49,9.86],[0.36,0.14,0],[5.37,0.4,5.85],[0.04,6,1.96],[0.18,0.06,1.73],[0,7.93,0.22]],[[0,0,0],[0,0,0],[0,0,0],[0,0,0],[0,0,0],[0,0,0],[0,0,0]]]];

