Omegamax = 6;
Produkte = 2;
v = [2,2];
KS = 117;

KH	=	9;								
							
											
kS = [[1000,	61.0982,	135.3811,	125.4204,	136.6548,	117.0763,	56.9162,	31.051,	62.8976,	111.512],
[61.0982,	1000,	93.9225,	90.9353,	148.5481,	121.9531,	18.7415,	88.1098,	108.0461,	125.9754],
[135.3811,	93.9225,	1000,	17.3325,	119.2363,	93.723,	83.6537,	147.5133,	143.5935,	110.1599],
[125.4204,	90.9353,	17.3325,	1000,	102.3983,	76.5169,	77.8317,	134.7515,	128.243,	92.8303],
[136.6548,	148.5481,	119.2363,	102.3983,	1000,	28.1437,	129.8136,	121.5764,	90.0895,	25.1435],
[117.0763,	121.9531,	93.723,	76.5169,	28.1437,	1000,	103.2318,	107.2947,	81.5113,	18.9332],
[56.9162,	18.7415,	83.6537,	77.8317,	129.8136,	103.2318,	1000,	79.282,	94.1049,	107.3586],
[31.051,	88.1098,	147.5133,	134.7515,	121.5764,	107.2947,	79.282,	1000,	36.2807,	97.1766],
[62.8976,	108.0461,	143.5935,	128.243,	90.0895,	81.5113,	94.1049,	36.2807,	1000,	67.5128],
[111.512,	125.9754,	110.1599,	92.8303,	25.1435,	18.9332,	107.3586,	97.1766,	67.5128,	1000]];
									
kem = [336,	58.6543,	129.9659,	120.4035,	131.1886,	112.3933,	54.6396,	29.8089,	60.3817,	107.0515];
											
											
								

kI = [0.0033,0.0193];
qS = [1,1];

d = [[[[6.43,3.18],[7.32,6.29],[5.11,4.17],[7.59,2.2],[2.03,4.79],[1.84,3.65],[2.85,0.2]],[[0.03,4.63],[0.04,0.2],[0.3,0.21],[1.39,0],[2.64,0],[3.42,0.01],[0.2,0.61]],[[0.17,0],[0,0],[0,0.01],[3.09,0],[0,3.99],[0,0],[0,1.22]],[[0,0.01],[0.05,0.05],[0.73,3.93],[0.01,1.69],[0,0.48],[0,0],[0.11,0.06]],[[2.14,0],[0.01,0.08],[0.72,0],[0.01,0],[0,0.03],[3.14,0.04],[0.12,0]],[[2.01,0.59],[0.38,1.78],[1.72,0.01],[0.02,0],[4.21,0],[1.32,0],[0.4,0.01]],[[0,0.02],[0.59,0.1],[0.5,0.01],[0,2.41],[0.53,0],[0,0.07],[0.17,2.21]],[[0.58,0.05],[0.37,0.03],[9.22,0.58],[9.71,1.84],[0,0],[0.15,0],[0.03,0.01]],[[1.69,5.27],[1.75,1],[0.36,0.01],[5.37,13.84],[0.04,0],[0.18,10.56],[0,0.29]],[[0,0],[0,0],[0,0],[0,0],[0,0],[0,0],[0,0]]],[[[4.86,3.85],[3.04,1.95],[4.62,8.73],[1.89,0.46],[2.61,2.03],[23.77,3.06],[3.41,9.89]],[[0.02,0.4],[1.44,0.01],[0.74,0.42],[3.5,10.44],[0,0],[0.48,0.09],[3.42,0]],[[0.2,0],[0,0.1],[0,0.06],[5.18,0.02],[0,0],[0.04,0],[0,0]],[[0.28,0.02],[0,0.07],[0,0],[2.67,0.06],[0,0],[1.1,1.44],[0,0]],[[0.34,0.84],[0.97,0.01],[0,0.11],[0.02,7.82],[1.52,0],[0.12,0.04],[0,0]],[[1.03,0.1],[0.81,1.1],[0.74,0.01],[0.01,0.28],[1.16,0.18],[0.01,0.04],[13.14,0.59]],[[0.1,2.11],[0,0.09],[0.11,0.12],[0.01,1.54],[1.58,0.03],[3.32,0.12],[0.85,0.04]],[[0.16,0.02],[0.76,0.37],[0.64,0],[0.97,0],[0.26,0],[0.03,0],[0,8.09]],[[0.56,0.13],[0.49,1.43],[0.14,10.29],[0.4,0],[6,4.31],[0.06,0],[7.93,0]],[[0,0],[0,0],[0,0],[0,0],[0,0],[0,0],[0,0]]],[[[3.85,0.36],[1.67,0.12],[4.5,4.17],[0.64,11.83],[2.88,5.84],[5.27,14.36],[0,0.13]],[[0,0],[2.45,0],[0.83,0.06],[1.31,0.06],[0.02,14.3],[0.01,0],[2.11,0]],[[2.51,0],[0.05,0.01],[0,0],[0.26,0],[0.01,0],[0,0],[0,0]],[[0,0.03],[0,0.02],[0,3.01],[0.16,0],[0,0],[0.01,0],[1.91,0]],[[0.56,0],[0.01,0.23],[0,0.06],[0,4.03],[0,0],[0,0],[0,0]],[[0,0.18],[0.03,0.24],[0.97,0.16],[0.71,0.01],[0.18,3.43],[0.01,0],[0.06,0]],[[0.18,0.06],[0,0.55],[0.01,0],[2.41,1.43],[0,0.14],[0.71,0],[0,0]],[[0,0],[0,0],[0.36,0],[0,0.2],[0.01,0.81],[4.99,0],[0.04,0.31]],[[0.63,1.37],[9.86,1.17],[0,5.71],[5.85,0],[1.96,0.03],[1.73,0.83],[0.22,0.01]],[[0,0.19],[0,0],[0,0],[0,0],[0,0],[0,0.01],[0,0]]],[[[6.96,9.3],[4.93,5.43],[2.27,10.68],[9.43,4.64],[1.24,0.64],[2.09,1.39],[3.06,3.41]],[[0.08,0.01],[0.14,0.85],[4.3,0],[0.08,1.87],[1.68,0],[0.02,0.01],[7.57,0.24]],[[0.35,0],[4.84,0],[0.82,0],[0.49,0.02],[8.06,5.36],[0,0.29],[0,0]],[[0,0.17],[1.95,1.77],[0,0],[0.27,0.27],[0.01,3.5],[0,0.19],[0.01,0]],[[5.18,0.92],[0.05,0],[0,0],[0.29,0.24],[0.85,0.02],[0.41,0],[0,0.03]],[[0.97,0.01],[1.87,0.36],[3.08,0.02],[0.05,3.92],[0.39,0],[13.14,0.02],[0.01,0.8]],[[2.44,2.44],[1.27,0.01],[1.3,0],[1.54,0.1],[0,0],[2.44,2.44],[0.03,0]],[[0,0.01],[0,0.04],[0.58,0],[0.58,1.33],[0,1.59],[3.45,0.02],[0.24,0]],[[4.54,0.01],[0,5.58],[1.3,0],[4.28,0],[1.44,0.05],[1.86,0.02],[0,1.29]],[[0,0],[0,0],[0,0],[0.07,0],[0,0],[0,0],[0,0]]],[[[8.23,3.65],[6.13,0.91],[3.65,8.23],[7.81,10.9],[0.99,4.92],[0.27,0.23],[0.08,2.96]],[[3.73,0.32],[4.92,0.03],[8.43,1.46],[2.1,1.31],[0.17,0.09],[0,16.47],[0.03,1.68]],[[0.62,0.05],[0.39,0],[0,0],[3.91,0],[0.01,0],[0,0],[0,0]],[[0,0.61],[0.66,0.02],[0,0.55],[9.8,0.61],[0,0.02],[0.07,5.07],[0,0]],[[0.06,0.01],[3.48,0.48],[2.34,0],[0,0],[0.07,1.52],[0,0],[0.15,0]],[[0.41,3.08],[0.22,0.07],[0.49,3.26],[0.01,0.9],[2.37,0.45],[0.01,0.18],[4.57,0]],[[1,0],[0,0.01],[0.01,0.02],[0.1,0.8],[0.15,0],[0,2],[0,0.71]],[[0,0.13],[0.02,0.12],[0,0.85],[0.09,0.09],[2.02,0],[0,0.05],[0,0.13]],[[7.68,0.22],[0.02,0.49],[0,0.23],[0.04,0.6],[3.04,0.11],[1.29,0.22],[0.11,0.52]],[[0,0],[0,0],[0,0],[0.35,0],[0.05,0],[0,0],[0,0]]],[[[2.42,17.33],[6.44,16.73],[7.35,0.49],[7.81,1.82],[2.35,3.69],[6.65,0.2],[20.95,20.95]],[[2.28,0.01],[0,0.76],[2.04,2.42],[13.47,0.45],[0,0.1],[0.78,0],[1.96,4.07]],[[0.02,0],[4.84,0.2],[0,0],[5.18,0.06],[0,0],[0,0],[0,0.08]],[[1.42,1.57],[0,0],[0.38,0],[0,9.8],[0,0.09],[0.02,0],[0,0]],[[0,0.56],[0.03,0],[0.11,1.64],[0.01,0.05],[0,0.24],[0.04,0],[0,0.1]],[[1.56,0.97],[8.67,0.9],[1.48,2.62],[0.85,0.02],[1.39,0],[3.89,0],[0.2,0]],[[0.58,0.37],[0.08,0.16],[2.44,1.6],[1.43,0.48],[0,0.07],[0,1.13],[6.13,0]],[[0,0],[1.43,0.49],[0.13,0.02],[0,0],[0.1,0],[0.01,0],[1.22,0.47]],[[0.46,1.6],[0.08,3.69],[0.05,0.08],[0.64,0.81],[2.85,0.15],[0.09,6.32],[3.99,0.56]],[[0,0],[0,0],[0,0],[0,0],[0,0],[0,0],[0,0]]]];

