Omegamax = 4;
Produkte = 3;
v = [2,2,1];
KS = 126;

KH	=	9;								
							
											
kS	=	[[1000,	38.3697,	57.8946,	30.1217,	18.8233,	28.0246,	94.1813,	31.1978,	82.6637,	6.6888],
[38.3697,	1000,	42.0865,	66.0012,	40.6863,	52.9436,	57.2311,	32.8856,	120.1414,	34.9844],		
[57.8946,	42.0865,	1000,	87.3048,	44.2297,	83.5652,	80.965,	71.1879,	121.4214,	51.2905],		
[30.1217,	66.0012,	87.3048,	1000,	44.2753,	21.9064,	117.9197,	44.6716,	65.5233,	36.336],		
[18.8233,	40.6863,	44.2297,	44.2753,	1000,	46.7413,	97.7309,	46.9758,	82.1338,	13.2944],		
[28.0246,	52.9436,	83.5652,	21.9064,	46.7413,	1000,	99.4712,	24.9261,	87.4116,	34.3822],		
[94.1813,	57.2311,	80.965,	117.9197,	97.7309,	99.4712,	1000,	74.549,	176.7898,	91.8054],		
[31.1978,	32.8856,	71.1879,	44.6716,	46.9758,	24.9261,	74.549,	1000,	108.3524,	34.1155],		
[82.6637,	120.1414,	121.4214,	65.5233,	82.1338,	87.4116,	176.7898,	108.3524,	1000,	85.1678],		
[6.6888,	34.9844,	51.2905,	36.336,	13.2944,	34.3822,	91.8054,	34.1155,	85.1678,	1000]];		
											
kem	=	[336,	36.8349,	55.5788,	28.9168,	18.0703,	26.9037,	90.414,	29.9499,	79.3572,	6.4213];
											
											
								

kI = [0.0033,0.0193,0.0514];
qS = [1,1,1];

d = [[[[6.43,8.23,0.36],[7.32,6.13,0.12],[5.11,3.65,4.17],[7.59,7.81,11.83],[2.03,0.99,5.84],[1.84,0.27,14.36],[2.85,0.08,0.13]],[[0.03,3.73,0],[0.04,4.92,0],[0.3,8.43,0.06],[1.39,2.1,0.06],[2.64,0.17,14.3],[3.42,0,0],[0.2,0.03,0]],[[0.17,0.62,0],[0,0.39,0.01],[0,0,0],[3.09,3.91,0],[0,0.01,0],[0,0,0],[0,0,0]],[[0,0,0.03],[0.05,0.66,0.02],[0.73,0,3.01],[0.01,9.8,0],[0,0,0],[0,0.07,0],[0.11,0,0]],[[2.14,0.06,0],[0.01,3.48,0.23],[0.72,2.34,0.06],[0.01,0,4.03],[0,0.07,0],[3.14,0,0],[0.12,0.15,0]],[[2.01,0.41,0.18],[0.38,0.22,0.24],[1.72,0.49,0.16],[0.02,0.01,0.01],[4.21,2.37,3.43],[1.32,0.01,0],[0.4,4.57,0]],[[0,1,0.06],[0.59,0,0.55],[0.5,0.01,0],[0,0.1,1.43],[0.53,0.15,0.14],[0,0,0],[0.17,0,0]],[[0.58,0,0],[0.37,0.02,0],[9.22,0,0],[9.71,0.09,0.2],[0,2.02,0.81],[0.15,0,0],[0.03,0,0.31]],[[1.69,7.68,1.37],[1.75,0.02,1.17],[0.36,0,5.71],[5.37,0.04,0],[0.04,3.04,0.03],[0.18,1.29,0.83],[0,0.11,0.01]],[[0,0,0.19],[0,0,0],[0,0,0],[0,0.35,0],[0,0.05,0],[0,0,0.01],[0,0,0]]],[[[4.86,2.42,9.3],[3.04,6.44,5.43],[4.62,7.35,10.68],[1.89,7.81,4.64],[2.61,2.35,0.64],[23.77,6.65,1.39],[3.41,20.95,3.41]],[[0.02,2.28,0.01],[1.44,0,0.85],[0.74,2.04,0],[3.5,13.47,1.87],[0,0,0],[0.48,0.78,0.01],[3.42,1.96,0.24]],[[0.2,0.02,0],[0,4.84,0],[0,0,0],[5.18,5.18,0.02],[0,0,5.36],[0.04,0,0.29],[0,0,0]],[[0.28,1.42,0.17],[0,0,1.77],[0,0.38,0],[2.67,0,0.27],[0,0,3.5],[1.1,0.02,0.19],[0,0,0]],[[0.34,0,0.92],[0.97,0.03,0],[0,0.11,0],[0.02,0.01,0.24],[1.52,0,0.02],[0.12,0.04,0],[0,0,0.03]],[[1.03,1.56,0.01],[0.81,8.67,0.36],[0.74,1.48,0.02],[0.01,0.85,3.92],[1.16,1.39,0],[0.01,3.89,0.02],[13.14,0.2,0.8]],[[0.1,0.58,2.44],[0,0.08,0.01],[0.11,2.44,0],[0.01,1.43,0.1],[1.58,0,0],[3.32,0,2.44],[0.85,6.13,0]],[[0.16,0,0.01],[0.76,1.43,0.04],[0.64,0.13,0],[0.97,0,1.33],[0.26,0.1,1.59],[0.03,0.01,0.02],[0,1.22,0]],[[0.56,0.46,0.01],[0.49,0.08,5.58],[0.14,0.05,0],[0.4,0.64,0],[6,2.85,0.05],[0.06,0.09,0.02],[7.93,3.99,1.29]],[[0,0,0],[0,0,0],[0,0,0],[0,0,0],[0,0,0],[0,0,0],[0,0,0]]],[[[3.85,3.18,3.65],[1.67,6.29,0.91],[4.5,4.17,8.23],[0.64,2.2,10.9],[2.88,4.79,4.92],[5.27,3.65,0.23],[0,0.2,2.96]],[[0,4.63,0.32],[2.45,0.2,0.03],[0.83,0.21,1.46],[1.31,0,1.31],[0.02,0,0.09],[0.01,0.01,16.47],[2.11,0.61,1.68]],[[2.51,0,0.05],[0.05,0,0],[0,0.01,0],[0.26,0,0],[0.01,3.99,0],[0,0,0],[0,1.22,0]],[[0,0.01,0.61],[0,0.05,0.02],[0,3.93,0.55],[0.16,1.69,0.61],[0,0.48,0.02],[0.01,0,5.07],[1.91,0.06,0]],[[0.56,0,0.01],[0.01,0.08,0.48],[0,0,0],[0,0,0],[0,0.03,1.52],[0,0.04,0],[0,0,0]],[[0,0.59,3.08],[0.03,1.78,0.07],[0.97,0.01,3.26],[0.71,0,0.9],[0.18,0,0.45],[0.01,0,0.18],[0.06,0.01,0]],[[0.18,0.02,0],[0,0.1,0.01],[0.01,0.01,0.02],[2.41,2.41,0.8],[0,0,0],[0.71,0.07,2],[0,2.21,0.71]],[[0,0.05,0.13],[0,0.03,0.12],[0.36,0.58,0.85],[0,1.84,0.09],[0.01,0,0],[4.99,0,0.05],[0.04,0.01,0.13]],[[0.63,5.27,0.22],[9.86,1,0.49],[0,0.01,0.23],[5.85,13.84,0.6],[1.96,0,0.11],[1.73,10.56,0.22],[0.22,0.29,0.52]],[[0,0,0],[0,0,0],[0,0,0],[0,0,0],[0,0,0],[0,0,0],[0,0,0]]],[[[6.96,3.85,17.33],[4.93,1.95,16.73],[2.27,8.73,0.49],[9.43,0.46,1.82],[1.24,2.03,3.69],[2.09,3.06,0.2],[3.06,9.89,20.95]],[[0.08,0.4,0.01],[0.14,0.01,0.76],[4.3,0.42,2.42],[0.08,10.44,0.45],[1.68,0,0.1],[0.02,0.09,0],[7.57,0,4.07]],[[0.35,0,0],[4.84,0.1,0.2],[0.82,0.06,0],[0.49,0.02,0.06],[8.06,0,0],[0,0,0],[0,0,0.08]],[[0,0.02,1.57],[1.95,0.07,0],[0,0,0],[0.27,0.06,9.8],[0.01,0,0.09],[0,1.44,0],[0.01,0,0]],[[5.18,0.84,0.56],[0.05,0.01,0],[0,0.11,1.64],[0.29,7.82,0.05],[0.85,0,0.24],[0.41,0.04,0],[0,0,0.1]],[[0.97,0.1,0.97],[1.87,1.1,0.9],[3.08,0.01,2.62],[0.05,0.28,0.02],[0.39,0.18,0],[13.14,0.04,0],[0.01,0.59,0]],[[2.44,2.11,0.37],[1.27,0.09,0.16],[1.3,0.12,1.6],[1.54,1.54,0.48],[0,0.03,0.07],[2.44,0.12,1.13],[0.03,0.04,0]],[[0,0.02,0],[0,0.37,0.49],[0.58,0,0.02],[0.58,0,0],[0,0,0],[3.45,0,0],[0.24,8.09,0.47]],[[4.54,0.13,1.6],[0,1.43,3.69],[1.3,10.29,0.08],[4.28,0,0.81],[1.44,4.31,0.15],[1.86,0,6.32],[0,0,0.56]],[[0,0,0],[0,0,0],[0,0,0],[0.07,0,0],[0,0,0],[0,0,0],[0,0,0]]]];

