Omegamax = 2;
Produkte = 3;
v = [2,2,1];
KS = 126;

KH	=	9;								
							
											
kS = [[1000,	100.3154,	67.9336,	78.6797,	66.2313,	39.1673,	15.8027,	29.5922,	86.2152,	73.4044],
[100.3154,	1000,	74.3155,	63.6129,	52.5148,	75.8219,	84.5888,	108.1348,	29.2909,	64.5159],
[67.9336,	74.3155,	1000,	15.2169,	22.6999,	29.2509,	57.317,	53.6605,	45.899,	11.1019],
[78.6797,	63.6129,	15.2169,	1000,	18.5917,	39.5901,	66.206,	67.7875,	34.3532,	5.3364],
[66.2313,	52.5148,	22.6999,	18.5917,	1000,	29.6067,	52.0814,	62.0716,	25.8883,	15.7955],
[39.1673,	75.8219,	29.2509,	39.5901,	29.6067,	1000,	28.1405,	33.0635,	53.8425,	34.2857],
[15.8027,	84.5888,	57.317,	66.206,	52.0814,	28.1405,	1000,	34.0634,	70.7486,	61.0963],
[29.5922,	108.1348,	53.6605,	67.7875,	62.0716,	33.0635,	34.0634,	1000,	86.8817,	62.6072],
[86.2152,	29.2909,	45.899,	34.3532,	25.8883,	53.8425,	70.7486,	86.8817,	1000,	35.5839],
[73.4044,	64.5159,	11.1019,	5.3364,	15.7955,	34.2857,	61.0963,	62.6072,	35.5839,	1000]];
									
kem = [336,	96.3028,	65.2162,	75.5325,	63.582,	37.6006,	15.1706,	28.4085,	82.7666,	70.4682];
										
											
								

kI = [0.0033,0.0193,0.0514];
qS = [1,1,1];

d = [[[[6.43,3.85,8.23],[7.32,1.67,6.13],[5.11,4.5,3.65],[7.59,0.64,7.81],[2.03,2.88,0.99],[1.84,5.27,0.27],[2.85,0,0.08]],[[0.03,0,3.73],[0.04,2.45,4.92],[0.3,0.83,8.43],[1.39,1.31,2.1],[2.64,0.02,0.17],[3.42,0.01,0],[0.2,2.11,0.03]],[[0.17,2.51,0.62],[0,0.05,0.39],[0,0,0],[3.09,0.26,3.91],[0,0.01,0.01],[0,0,0],[0,0,0]],[[0,0,0],[0.05,0,0.66],[0.73,0,0],[0.01,0.16,9.8],[0,0,0],[0,0.01,0.07],[0.11,1.91,0]],[[2.14,0.56,0.06],[0.01,0.01,3.48],[0.72,0,2.34],[0.01,0,0],[0,0,0.07],[3.14,0,0],[0.12,0,0.15]],[[2.01,0,0.41],[0.38,0.03,0.22],[1.72,0.97,0.49],[0.02,0.71,0.01],[4.21,0.18,2.37],[1.32,0.01,0.01],[0.4,0.06,4.57]],[[0,0.18,1],[0.59,0,0],[0.5,0.01,0.01],[0,2.41,0.1],[0.53,0,0.15],[0,0.71,0],[0.17,0,0]],[[0.58,0,0],[0.37,0,0.02],[9.22,0.36,0],[9.71,0,0.09],[0,0.01,2.02],[0.15,4.99,0],[0.03,0.04,0]],[[1.69,0.63,7.68],[1.75,9.86,0.02],[0.36,0,0],[5.37,5.85,0.04],[0.04,1.96,3.04],[0.18,1.73,1.29],[0,0.22,0.11]],[[0,0,0],[0,0,0],[0,0,0],[0,0,0.35],[0,0,0.05],[0,0,0],[0,0,0]]],[[[4.86,6.96,2.42],[3.04,4.93,6.44],[4.62,2.27,7.35],[1.89,9.43,7.81],[2.61,1.24,2.35],[23.77,2.09,6.65],[3.41,3.06,20.95]],[[0.02,0.08,2.28],[1.44,0.14,0],[0.74,4.3,2.04],[3.5,0.08,13.47],[0,1.68,0],[0.48,0.02,0.78],[3.42,7.57,1.96]],[[0.2,0.35,0.02],[0,4.84,4.84],[0,0.82,0],[5.18,0.49,5.18],[0,8.06,0],[0.04,0,0],[0,0,0]],[[0.28,0,1.42],[0,1.95,0],[0,0,0.38],[2.67,0.27,0],[0,0.01,0],[1.1,0,0.02],[0,0.01,0]],[[0.34,5.18,0],[0.97,0.05,0.03],[0,0,0.11],[0.02,0.29,0.01],[1.52,0.85,0],[0.12,0.41,0.04],[0,0,0]],[[1.03,0.97,1.56],[0.81,1.87,8.67],[0.74,3.08,1.48],[0.01,0.05,0.85],[1.16,0.39,1.39],[0.01,13.14,3.89],[13.14,0.01,0.2]],[[0.1,2.44,0.58],[0,1.27,0.08],[0.11,1.3,2.44],[0.01,1.54,1.43],[1.58,0,0],[3.32,2.44,0],[0.85,0.03,6.13]],[[0.16,0,0],[0.76,0,1.43],[0.64,0.58,0.13],[0.97,0.58,0],[0.26,0,0.1],[0.03,3.45,0.01],[0,0.24,1.22]],[[0.56,4.54,0.46],[0.49,0,0.08],[0.14,1.3,0.05],[0.4,4.28,0.64],[6,1.44,2.85],[0.06,1.86,0.09],[7.93,0,3.99]],[[0,0,0],[0,0,0],[0,0,0],[0,0.07,0],[0,0,0],[0,0,0],[0,0,0]]]];

