Omegamax = 1;
Produkte = 3;
v = [2,2,1];
KS = 126;

KH	=	9;								
							
											
kS = [[1000,	100.3154,	67.9336,	78.6797,	66.2313,	39.1673,	15.8027,	29.5922,	86.2152,	73.4044],
[100.3154,	1000,	74.3155,	63.6129,	52.5148,	75.8219,	84.5888,	108.1348,	29.2909,	64.5159],
[67.9336,	74.3155,	1000,	15.2169,	22.6999,	29.2509,	57.317,	53.6605,	45.899,	11.1019],
[78.6797,	63.6129,	15.2169,	1000,	18.5917,	39.5901,	66.206,	67.7875,	34.3532,	5.3364],
[66.2313,	52.5148,	22.6999,	18.5917,	1000,	29.6067,	52.0814,	62.0716,	25.8883,	15.7955],
[39.1673,	75.8219,	29.2509,	39.5901,	29.6067,	1000,	28.1405,	33.0635,	53.8425,	34.2857],
[15.8027,	84.5888,	57.317,	66.206,	52.0814,	28.1405,	1000,	34.0634,	70.7486,	61.0963],
[29.5922,	108.1348,	53.6605,	67.7875,	62.0716,	33.0635,	34.0634,	1000,	86.8817,	62.6072],
[86.2152,	29.2909,	45.899,	34.3532,	25.8883,	53.8425,	70.7486,	86.8817,	1000,	35.5839],
[73.4044,	64.5159,	11.1019,	5.3364,	15.7955,	34.2857,	61.0963,	62.6072,	35.5839,	1000]];
									
kem = [336,	96.3028,	65.2162,	75.5325,	63.582,	37.6006,	15.1706,	28.4085,	82.7666,	70.4682];
										
											
								

kI = [0.0033,0.0193,0.0514];
qS = [1,1,1];

d = [[[[6.43,4.86,3.85],[7.32,3.04,1.67],[5.11,4.62,4.5],[7.59,1.89,0.64],[2.03,2.61,2.88],[1.84,23.77,5.27],[2.85,3.41,0]],[[0.03,0.02,0],[0.04,1.44,2.45],[0.3,0.74,0.83],[1.39,3.5,1.31],[2.64,0,0.02],[3.42,0.48,0.01],[0.2,3.42,2.11]],[[0.17,0.2,2.51],[0,0,0.05],[0,0,0],[3.09,5.18,0.26],[0,0,0.01],[0,0.04,0],[0,0,0]],[[0,0.28,0],[0.05,0,0],[0.73,0,0],[0.01,2.67,0.16],[0,0,0],[0,1.1,0.01],[0.11,0,1.91]],[[2.14,0.34,0.56],[0.01,0.97,0.01],[0.72,0,0],[0.01,0.02,0],[0,1.52,0],[3.14,0.12,0],[0.12,0,0]],[[2.01,1.03,0],[0.38,0.81,0.03],[1.72,0.74,0.97],[0.02,0.01,0.71],[4.21,1.16,0.18],[1.32,0.01,0.01],[0.4,13.14,0.06]],[[0,0.1,0.18],[0.59,0,0],[0.5,0.11,0.01],[0,0.01,2.41],[0.53,1.58,0],[0,3.32,0.71],[0.17,0.85,0]],[[0.58,0.16,0],[0.37,0.76,0],[9.22,0.64,0.36],[9.71,0.97,0],[0,0.26,0.01],[0.15,0.03,4.99],[0.03,0,0.04]],[[1.69,0.56,0.63],[1.75,0.49,9.86],[0.36,0.14,0],[5.37,0.4,5.85],[0.04,6,1.96],[0.18,0.06,1.73],[0,7.93,0.22]],[[0,0,0],[0,0,0],[0,0,0],[0,0,0],[0,0,0],[0,0,0],[0,0,0]]]];

