Omegamax = 7;
Produkte = 3;
v = [2,2,1];
KS = 126;

KH	=	9;								
							
											
kS = [[1000,	57.2372,	67.818,	71.0382,	113.7826,	113.8788,	58.1284,	11.8263,	18.415,	123.4198],
[57.2372,	1000,	46.2746,	90.4893,	109.4487,	63.9478,	85.5736,	67.1704,	61.1488,	79.4736],
[67.818,	46.2746,	1000,	55.0772,	63.2108,	56.2776,	57.2214,	71.1569,	58.0168,	58.8204],
[71.0382,	90.4893,	55.0772,	1000,	51.2275,	109.1766,	14.9386,	64.9797,	52.6937,	105.6924],
[113.7826,	109.4487,	63.2108,	51.2275,	1000,	95.8549,	65.6871,	110.9154,	97.0091,	82.8634],
[113.8788,	63.9478,	56.2776,	109.1766,	95.8549,	1000,	113.2514,	120.7053,	109.6557,	21.205],
[58.1284,	85.5736,	57.2214,	14.9386,	65.6871,	113.2514,	1000,	51.0286,	39.7368,	112.4334],
[11.8263,	67.1704,	71.1569,	64.9797,	110.9154,	120.7053,	51.0286,	1000,	14.2461,	128.6299],
[18.415,	61.1488,	58.0168,	52.6937,	97.0091,	109.6557,	39.7368,	14.2461,	1000,	116.2309],
[123.4198,	79.4736,	58.8204,	105.6924,	82.8634,	21.205,	112.4334,	128.6299,	116.2309,	1000]];
									
kem = [336,	54.9478,	65.1053,	68.1967,	109.2313,	109.3237,	55.8032,	11.3532,	17.6784,	118.4831];
											
											
								

kI = [0.0033,0.0193,0.0514];
qS = [1,1,1];

d = [[[[6.43,3.85,5.8],[7.32,1.95,7.32],[5.11,8.73,0.16],[7.59,0.46,10.9],[2.03,2.03,3.58],[1.84,3.06,7.9],[2.85,9.89,2.55]],[[0.03,0.4,0],[0.04,0.01,0.54],[0.3,0.42,0.28],[1.39,10.44,0.48],[2.64,0,0.11],[3.42,0.09,0.01],[0.2,0,0.24]],[[0.17,0,0.05],[0,0.1,0.3],[0,0.06,0.31],[3.09,0.02,0],[0,0,0.99],[0,0,0],[0,0,0]],[[0,0.02,2.14],[0.05,0.07,5.29],[0.73,0,0],[0.01,0.06,0],[0,0,0.67],[0,1.44,0],[0.11,0,0.96]],[[2.14,0.84,2.58],[0.01,0.01,0.01],[0.72,0.11,3.52],[0.01,7.82,1.45],[0,0,0],[3.14,0.04,0],[0.12,0,4.19]],[[2.01,0.1,1.08],[0.38,1.1,4.99],[1.72,0.01,1.14],[0.02,0.28,0],[4.21,0.18,11.65],[1.32,0.04,0],[0.4,0.59,0]],[[0,2.11,0],[0.59,0.09,0.04],[0.5,0.12,0.12],[0,1.54,0.35],[0.53,0.03,0],[0,0.12,14.55],[0.17,0.04,0.12]],[[0.58,0.02,0.36],[0.37,0.37,0],[9.22,0,0],[9.71,0,3.4],[0,0,0],[0.15,0,0],[0.03,8.09,4.12]],[[1.69,0.13,2.21],[1.75,1.43,0.06],[0.36,10.29,0.41],[5.37,0,0.05],[0.04,4.31,0.39],[0.18,0,0.32],[0,0,16.93]],[[0,0,0],[0,0,0],[0,0,0],[0,0,0.01],[0,0,0],[0,0,0],[0,0,0]]],[[[4.86,0.36,2.75],[3.04,0.12,2.79],[4.62,4.17,3],[1.89,11.83,10.11],[2.61,5.84,1.18],[23.77,14.36,6.21],[3.41,0.13,2.85]],[[0.02,0,0.01],[1.44,0,0.15],[0.74,0.06,1.17],[3.5,0.06,0.11],[0,14.3,1.3],[0.48,0,0.04],[3.42,0,1.06]],[[0.2,0,3.06],[0,0.01,0],[0,0,0],[5.18,0,0],[0,0,3.99],[0.04,0,0],[0,0,0.02]],[[0.28,0.03,0],[0,0.02,2.66],[0,3.01,0],[2.67,0,0.55],[0,0,0.12],[1.1,0,2.56],[0,0,0]],[[0.34,0,0],[0.97,0.23,0],[0,0.06,0.61],[0.02,4.03,0],[1.52,0,1.38],[0.12,0,0.02],[0,0,0]],[[1.03,0.18,0.02],[0.81,0.24,0.21],[0.74,0.16,2.48],[0.01,0.01,0.04],[1.16,3.43,0.16],[0.01,0,3.09],[13.14,0,4.21]],[[0.1,0.06,6.19],[0,0.55,0.24],[0.11,0,3.65],[0.01,1.43,5.61],[1.58,0.14,0.11],[3.32,0,0.01],[0.85,0,1.65]],[[0.16,0,0],[0.76,0,1.08],[0.64,0,0.1],[0.97,0.2,0.48],[0.26,0.81,0],[0.03,0,0],[0,0.31,0.41]],[[0.56,1.37,0.22],[0.49,1.17,0],[0.14,5.71,13.12],[0.4,0,9.11],[6,0.03,0.39],[0.06,0.83,4.74],[7.93,0.01,0]],[[0,0.19,0],[0,0,0],[0,0,0],[0,0,0],[0,0,0],[0,0.01,0],[0,0,0]]],[[[3.85,9.3,0.36],[1.67,5.43,0.43],[4.5,10.68,0.68],[0.64,4.64,0.76],[2.88,0.64,0.13],[5.27,1.39,12.29],[0,3.41,0.27]],[[0,0.01,5.45],[2.45,0.85,0.8],[0.83,0,12.76],[1.31,1.87,0.13],[0.02,0,10.98],[0.01,0.01,5.4],[2.11,0.24,0.06]],[[2.51,0,0.2],[0.05,0,0.02],[0,0,0],[0.26,0.02,0.02],[0.01,5.36,0],[0,0.29,0],[0,0,0]],[[0,0.17,0],[0,1.77,2.99],[0,0,0],[0.16,0.27,0.82],[0,3.5,0],[0.01,0.19,0],[1.91,0,3.52]],[[0.56,0.92,2.14],[0.01,0,0.9],[0,0,0.26],[0,0.24,1.74],[0,0.02,0.03],[0,0,3.14],[0,0.03,4.91]],[[0,0.01,0.25],[0.03,0.36,0.69],[0.97,0.02,0.02],[0.71,3.92,0.26],[0.18,0,0.59],[0.01,0.02,5.97],[0.06,0.8,0.11]],[[0.18,2.44,2.44],[0,0.01,0],[0.01,0,0.47],[2.41,0.1,0],[0,0,2.58],[0.71,2.44,0],[0,0,1.03]],[[0,0.01,0.71],[0,0.04,0],[0.36,0,0],[0,1.33,2.97],[0.01,1.59,0.05],[4.99,0.02,0],[0.04,0,1.86]],[[0.63,0.01,0.41],[9.86,5.58,7.43],[0,0,1.88],[5.85,0,0],[1.96,0.05,0.02],[1.73,0.02,4.34],[0.22,1.29,0.83]],[[0,0,0],[0,0,0],[0,0,0],[0,0,0],[0,0,0.75],[0,0,0],[0,0,0.02]]],[[[6.96,3.65,5.51],[4.93,0.91,3.21],[2.27,8.23,0.81],[9.43,10.9,1.53],[1.24,4.92,0.53],[2.09,0.23,0.72],[3.06,2.96,7.36]],[[0.08,0.32,0.18],[0.14,0.03,3.48],[4.3,1.46,0.14],[0.08,1.31,1.98],[1.68,0.09,0.1],[0.02,16.47,0.01],[7.57,1.68,0.37]],[[0.35,0.05,0],[4.84,0,0.58],[0.82,0,0],[0.49,0,0],[8.06,0,0],[0,0,4.14],[0,0,0]],[[0,0.61,0],[1.95,0.02,0.17],[0,0.55,0],[0.27,0.61,0],[0.01,0.02,0],[0,5.07,0.16],[0.01,0,4.19]],[[5.18,0.01,0.16],[0.05,0.48,0.01],[0,0,5.18],[0.29,0,0.13],[0.85,1.52,0],[0.41,0,0.32],[0,0,0]],[[0.97,3.08,0.56],[1.87,0.07,4.67],[3.08,3.26,0.14],[0.05,0.9,7.35],[0.39,0.45,0.03],[13.14,0.18,0.02],[0.01,0,0.01]],[[2.44,0,0],[1.27,0.01,3.33],[1.3,0.02,0.18],[1.54,0.8,3.36],[0,0,0.48],[2.44,2,0],[0.03,0.71,0]],[[0,0.13,0],[0,0.12,0.01],[0.58,0.85,0],[0.58,0.09,0],[0,0,0.01],[3.45,0.05,0],[0.24,0.13,0.07]],[[4.54,0.22,0],[0,0.49,0],[1.3,0.23,0.02],[4.28,0.6,0.33],[1.44,0.11,0.21],[1.86,0.22,0.15],[0,0.52,0.03]],[[0,0,0],[0,0,0],[0,0,0],[0.07,0,0],[0,0,0],[0,0,0],[0,0,0]]],[[[8.23,17.33,3.09],[6.13,16.73,7.72],[3.65,0.49,7.77],[7.81,1.82,0.46],[0.99,3.69,14.1],[0.27,0.2,11.22],[0.08,20.95,0.57]],[[3.73,0.01,3.28],[4.92,0.76,1.17],[8.43,2.42,0.15],[2.1,0.45,0.91],[0.17,0.1,0.04],[0,0,1.81],[0.03,4.07,0]],[[0.62,0,0],[0.39,0.2,0],[0,0,0],[3.91,0.06,0],[0.01,0,0],[0,0,0.04],[0,0.08,0.99]],[[0,1.57,0],[0.66,0,0.02],[0,0,0],[9.8,9.8,0],[0,0.09,0.01],[0.07,0,0],[0,0,0.12]],[[0.06,0.56,1.79],[3.48,0,0.01],[2.34,1.64,0.92],[0,0.05,0],[0.07,0.24,0.01],[0,0,0],[0.15,0.1,0]],[[0.41,0.97,0.66],[0.22,0.9,4.11],[0.49,2.62,0],[0.01,0.02,1.26],[2.37,0,1.24],[0.01,0,1.41],[4.57,0,0.02]],[[1,0.37,0.4],[0,0.16,0.02],[0.01,1.6,0],[0.1,0.48,0.64],[0.15,0.07,7.77],[0,1.13,2.44],[0,0,0]],[[0,0,0],[0.02,0.49,0.83],[0,0.02,0],[0.09,0,0],[2.02,0,0],[0,0,0],[0,0.47,0]],[[7.68,1.6,0.03],[0.02,3.69,0.03],[0,0.08,4.88],[0.04,0.81,2.03],[3.04,0.15,0.25],[1.29,6.32,0],[0.11,0.56,3.39]],[[0,0,0],[0,0,0],[0,0,0],[0.35,0,0],[0.05,0,0],[0,0,0],[0,0,0]]],[[[2.42,2.27,2.04],[6.44,3.39,4.48],[7.35,9.01,0.87],[7.81,4.52,10.49],[2.35,2.61,10.3],[6.65,1.84,0.03],[20.95,0.1,18.99]],[[2.28,0.09,0.18],[0,0.01,0.4],[2.04,0.05,0.19],[13.47,0.86,5.11],[0,0.41,4.4],[0.78,0.37,0.02],[1.96,0,0.61]],[[0.02,0.62,0],[4.84,0.08,0],[0,0,0],[5.18,0,0.14],[0,0,0],[0,0,0.15],[0,0,0.65]],[[1.42,0,0.28],[0,0,0],[0.38,0.03,0],[0,0,0],[0,10.37,0],[0.02,0.25,0],[0,2.2,0]],[[0,0.24,1.17],[0.03,0.19,0.9],[0.11,0,0.15],[0.01,0,0.1],[0,0,0],[0.04,0.93,1.04],[0,0.06,0]],[[1.56,1.4,0.02],[8.67,0.05,7.67],[1.48,1.4,0.01],[0.85,0.16,0.19],[1.39,0,0.36],[3.89,0.09,0.86],[0.2,4.57,0.92]],[[0.58,0.03,0.58],[0.08,1.54,0],[2.44,0,1],[1.43,0.04,0.05],[0,0,1.58],[0,0.29,2.21],[6.13,0.24,4.69]],[[0,1.69,0],[1.43,0.01,5.23],[0.13,0.64,0],[0,0.79,0],[0.1,0,0],[0.01,0,0],[1.22,0.01,0.62]],[[0.46,4.23,1.3],[0.08,9.86,1.5],[0.05,0.06,0.18],[0.64,0,1.37],[2.85,0.15,3.04],[0.09,0.27,0.48],[3.99,0.01,0.06]],[[0,0,0],[0,0,0],[0,0,0],[0,0,0],[0,0,0],[0,0,0],[0,0,0]]],[[[3.18,12.62,7.77],[6.29,18.57,14.42],[4.17,4.06,11.55],[2.2,1.07,2.36],[4.79,3.27,2.52],[3.65,4.62,1.54],[0.2,1.06,0]],[[4.63,0.01,7.38],[0.2,0.95,12.15],[0.21,0,0.55],[0,0.01,2.38],[0,0,0],[0.01,1.24,0],[0.61,0.12,10.16]],[[0,2.09,0],[0,0,0],[0.01,0,0],[0,2.07,0],[3.99,0,0],[0,0,0],[1.22,0,1.52]],[[0.01,0,0.55],[0.05,0.01,0],[3.93,0,0],[1.69,2.67,0.02],[0.48,0,0],[0,8.19,0],[0.06,8.19,0.01]],[[0,0.52,2.14],[0.08,0.01,0.19],[0,0,0.66],[0,0.01,0.02],[0.03,0,0],[0.04,0,0.01],[0,0.01,2.42]],[[0.59,0.33,0.29],[1.78,4.11,0],[0.01,0.09,13.42],[0,0.11,0.9],[0,2.67,0],[0,1.32,0.12],[0.01,0,5.97]],[[0.02,0.17,3.99],[0.1,1.54,0.03],[0.01,1.3,1.3],[2.41,0.19,0.01],[0,0.41,0.09],[0.07,0.03,0],[2.21,2.44,0.03]],[[0.05,4.52,0.85],[0.03,0.41,0.49],[0.58,0.85,0],[1.84,0,0.23],[0,0,2.02],[0,0.62,0],[0.01,0.15,0.36]],[[5.27,2.92,0],[1,0,0.28],[0.01,0.99,0],[13.84,0,0.53],[0,0,0.49],[10.56,0.09,0.12],[0.29,2.31,3.13]],[[0,0,0],[0,0,0],[0,0,0],[0,0,0.02],[0,0,0],[0,0,0],[0,0,0]]]];

