Omegamax = 5;
Produkte = 2;
v = [2,2];
KS = 117;

KH	=	9;								
							
											
kS = [[1000,	57.2372,	67.818,	71.0382,	113.7826,	113.8788,	58.1284,	11.8263,	18.415,	123.4198],
[57.2372,	1000,	46.2746,	90.4893,	109.4487,	63.9478,	85.5736,	67.1704,	61.1488,	79.4736],
[67.818,	46.2746,	1000,	55.0772,	63.2108,	56.2776,	57.2214,	71.1569,	58.0168,	58.8204],
[71.0382,	90.4893,	55.0772,	1000,	51.2275,	109.1766,	14.9386,	64.9797,	52.6937,	105.6924],
[113.7826,	109.4487,	63.2108,	51.2275,	1000,	95.8549,	65.6871,	110.9154,	97.0091,	82.8634],
[113.8788,	63.9478,	56.2776,	109.1766,	95.8549,	1000,	113.2514,	120.7053,	109.6557,	21.205],
[58.1284,	85.5736,	57.2214,	14.9386,	65.6871,	113.2514,	1000,	51.0286,	39.7368,	112.4334],
[11.8263,	67.1704,	71.1569,	64.9797,	110.9154,	120.7053,	51.0286,	1000,	14.2461,	128.6299],
[18.415,	61.1488,	58.0168,	52.6937,	97.0091,	109.6557,	39.7368,	14.2461,	1000,	116.2309],
[123.4198,	79.4736,	58.8204,	105.6924,	82.8634,	21.205,	112.4334,	128.6299,	116.2309,	1000]];
									
kem = [336,	54.9478,	65.1053,	68.1967,	109.2313,	109.3237,	55.8032,	11.3532,	17.6784,	118.4831];
											
											
								

kI = [0.0033,0.0193];
qS = [1,1];

d = [[[[6.43,2.42],[7.32,6.44],[5.11,7.35],[7.59,7.81],[2.03,2.35],[1.84,6.65],[2.85,20.95]],[[0.03,2.28],[0.04,0],[0.3,2.04],[1.39,13.47],[2.64,0],[3.42,0.78],[0.2,1.96]],[[0.17,0.02],[0,4.84],[0,0],[3.09,5.18],[0,0],[0,0],[0,0]],[[0,1.42],[0.05,0],[0.73,0.38],[0.01,0],[0,0],[0,0.02],[0.11,0]],[[2.14,0],[0.01,0.03],[0.72,0.11],[0.01,0.01],[0,0],[3.14,0.04],[0.12,0]],[[2.01,1.56],[0.38,8.67],[1.72,1.48],[0.02,0.85],[4.21,1.39],[1.32,3.89],[0.4,0.2]],[[0,0.58],[0.59,0.08],[0.5,2.44],[0,1.43],[0.53,0],[0,0],[0.17,6.13]],[[0.58,0],[0.37,1.43],[9.22,0.13],[9.71,0],[0,0.1],[0.15,0.01],[0.03,1.22]],[[1.69,0.46],[1.75,0.08],[0.36,0.05],[5.37,0.64],[0.04,2.85],[0.18,0.09],[0,3.99]],[[0,0],[0,0],[0,0],[0,0],[0,0],[0,0],[0,0]]],[[[4.86,3.18],[3.04,6.29],[4.62,4.17],[1.89,2.2],[2.61,4.79],[23.77,3.65],[3.41,0.2]],[[0.02,4.63],[1.44,0.2],[0.74,0.21],[3.5,0],[0,0],[0.48,0.01],[3.42,0.61]],[[0.2,0],[0,0],[0,0.01],[5.18,0],[0,3.99],[0.04,0],[0,1.22]],[[0.28,0.01],[0,0.05],[0,3.93],[2.67,1.69],[0,0.48],[1.1,0],[0,0.06]],[[0.34,0],[0.97,0.08],[0,0],[0.02,0],[1.52,0.03],[0.12,0.04],[0,0]],[[1.03,0.59],[0.81,1.78],[0.74,0.01],[0.01,0],[1.16,0],[0.01,0],[13.14,0.01]],[[0.1,0.02],[0,0.1],[0.11,0.01],[0.01,2.41],[1.58,0],[3.32,0.07],[0.85,2.21]],[[0.16,0.05],[0.76,0.03],[0.64,0.58],[0.97,1.84],[0.26,0],[0.03,0],[0,0.01]],[[0.56,5.27],[0.49,1],[0.14,0.01],[0.4,13.84],[6,0],[0.06,10.56],[7.93,0.29]],[[0,0],[0,0],[0,0],[0,0],[0,0],[0,0],[0,0]]],[[[3.85,3.85],[1.67,1.95],[4.5,8.73],[0.64,0.46],[2.88,2.03],[5.27,3.06],[0,9.89]],[[0,0.4],[2.45,0.01],[0.83,0.42],[1.31,10.44],[0.02,0],[0.01,0.09],[2.11,0]],[[2.51,0],[0.05,0.1],[0,0.06],[0.26,0.02],[0.01,0],[0,0],[0,0]],[[0,0.02],[0,0.07],[0,0],[0.16,0.06],[0,0],[0.01,1.44],[1.91,0]],[[0.56,0.84],[0.01,0.01],[0,0.11],[0,7.82],[0,0],[0,0.04],[0,0]],[[0,0.1],[0.03,1.1],[0.97,0.01],[0.71,0.28],[0.18,0.18],[0.01,0.04],[0.06,0.59]],[[0.18,2.11],[0,0.09],[0.01,0.12],[2.41,1.54],[0,0.03],[0.71,0.12],[0,0.04]],[[0,0.02],[0,0.37],[0.36,0],[0,0],[0.01,0],[4.99,0],[0.04,8.09]],[[0.63,0.13],[9.86,1.43],[0,10.29],[5.85,0],[1.96,4.31],[1.73,0],[0.22,0]],[[0,0],[0,0],[0,0],[0,0],[0,0],[0,0],[0,0]]],[[[6.96,0.36],[4.93,0.12],[2.27,4.17],[9.43,11.83],[1.24,5.84],[2.09,14.36],[3.06,0.13]],[[0.08,0],[0.14,0],[4.3,0.06],[0.08,0.06],[1.68,14.3],[0.02,0],[7.57,0]],[[0.35,0],[4.84,0.01],[0.82,0],[0.49,0],[8.06,0],[0,0],[0,0]],[[0,0.03],[1.95,0.02],[0,3.01],[0.27,0],[0.01,0],[0,0],[0.01,0]],[[5.18,0],[0.05,0.23],[0,0.06],[0.29,4.03],[0.85,0],[0.41,0],[0,0]],[[0.97,0.18],[1.87,0.24],[3.08,0.16],[0.05,0.01],[0.39,3.43],[13.14,0],[0.01,0]],[[2.44,0.06],[1.27,0.55],[1.3,0],[1.54,1.43],[0,0.14],[2.44,0],[0.03,0]],[[0,0],[0,0],[0.58,0],[0.58,0.2],[0,0.81],[3.45,0],[0.24,0.31]],[[4.54,1.37],[0,1.17],[1.3,5.71],[4.28,0],[1.44,0.03],[1.86,0.83],[0,0.01]],[[0,0.19],[0,0],[0,0],[0.07,0],[0,0],[0,0.01],[0,0]]],[[[8.23,9.3],[6.13,5.43],[3.65,10.68],[7.81,4.64],[0.99,0.64],[0.27,1.39],[0.08,3.41]],[[3.73,0.01],[4.92,0.85],[8.43,0],[2.1,1.87],[0.17,0],[0,0.01],[0.03,0.24]],[[0.62,0],[0.39,0],[0,0],[3.91,0.02],[0.01,5.36],[0,0.29],[0,0]],[[0,0.17],[0.66,1.77],[0,0],[9.8,0.27],[0,3.5],[0.07,0.19],[0,0]],[[0.06,0.92],[3.48,0],[2.34,0],[0,0.24],[0.07,0.02],[0,0],[0.15,0.03]],[[0.41,0.01],[0.22,0.36],[0.49,0.02],[0.01,3.92],[2.37,0],[0.01,0.02],[4.57,0.8]],[[1,2.44],[0,0.01],[0.01,0],[0.1,0.1],[0.15,0],[0,2.44],[0,0]],[[0,0.01],[0.02,0.04],[0,0],[0.09,1.33],[2.02,1.59],[0,0.02],[0,0]],[[7.68,0.01],[0.02,5.58],[0,0],[0.04,0],[3.04,0.05],[1.29,0.02],[0.11,1.29]],[[0,0],[0,0],[0,0],[0.35,0],[0.05,0],[0,0],[0,0]]]];

