Omegamax = 8;
Produkte = 1;
v = [2];
KS = 90;

KH	=	9;								
							
											
kS	=	[[1000,	38.3697,	57.8946,	30.1217,	18.8233,	28.0246,	94.1813,	31.1978,	82.6637,	6.6888],
[38.3697,	1000,	42.0865,	66.0012,	40.6863,	52.9436,	57.2311,	32.8856,	120.1414,	34.9844],		
[57.8946,	42.0865,	1000,	87.3048,	44.2297,	83.5652,	80.965,	71.1879,	121.4214,	51.2905],		
[30.1217,	66.0012,	87.3048,	1000,	44.2753,	21.9064,	117.9197,	44.6716,	65.5233,	36.336],		
[18.8233,	40.6863,	44.2297,	44.2753,	1000,	46.7413,	97.7309,	46.9758,	82.1338,	13.2944],		
[28.0246,	52.9436,	83.5652,	21.9064,	46.7413,	1000,	99.4712,	24.9261,	87.4116,	34.3822],		
[94.1813,	57.2311,	80.965,	117.9197,	97.7309,	99.4712,	1000,	74.549,	176.7898,	91.8054],		
[31.1978,	32.8856,	71.1879,	44.6716,	46.9758,	24.9261,	74.549,	1000,	108.3524,	34.1155],		
[82.6637,	120.1414,	121.4214,	65.5233,	82.1338,	87.4116,	176.7898,	108.3524,	1000,	85.1678],		
[6.6888,	34.9844,	51.2905,	36.336,	13.2944,	34.3822,	91.8054,	34.1155,	85.1678,	1000]];		
											
kem	=	[336,	36.8349,	55.5788,	28.9168,	18.0703,	26.9037,	90.414,	29.9499,	79.3572,	6.4213];
											
											
								

kI = [0.0033];
qS = [1];

d = [[[[6.43],[7.32],[5.11],[7.59],[2.03],[1.84],[2.85]],[[0.03],[0.04],[0.3],[1.39],[2.64],[3.42],[0.2]],[[0.17],[0],[0],[3.09],[0],[0],[0]],[[0],[0.05],[0.73],[0.01],[0],[0],[0.11]],[[2.14],[0.01],[0.72],[0.01],[0],[3.14],[0.12]],[[2.01],[0.38],[1.72],[0.02],[4.21],[1.32],[0.4]],[[0],[0.59],[0.5],[0],[0.53],[0],[0.17]],[[0.58],[0.37],[9.22],[9.71],[0],[0.15],[0.03]],[[1.69],[1.75],[0.36],[5.37],[0.04],[0.18],[0]],[[0],[0],[0],[0],[0],[0],[0]]],[[[4.86],[3.04],[4.62],[1.89],[2.61],[23.77],[3.41]],[[0.02],[1.44],[0.74],[3.5],[0],[0.48],[3.42]],[[0.2],[0],[0],[5.18],[0],[0.04],[0]],[[0.28],[0],[0],[2.67],[0],[1.1],[0]],[[0.34],[0.97],[0],[0.02],[1.52],[0.12],[0]],[[1.03],[0.81],[0.74],[0.01],[1.16],[0.01],[13.14]],[[0.1],[0],[0.11],[0.01],[1.58],[3.32],[0.85]],[[0.16],[0.76],[0.64],[0.97],[0.26],[0.03],[0]],[[0.56],[0.49],[0.14],[0.4],[6],[0.06],[7.93]],[[0],[0],[0],[0],[0],[0],[0]]],[[[3.85],[1.67],[4.5],[0.64],[2.88],[5.27],[0]],[[0],[2.45],[0.83],[1.31],[0.02],[0.01],[2.11]],[[2.51],[0.05],[0],[0.26],[0.01],[0],[0]],[[0],[0],[0],[0.16],[0],[0.01],[1.91]],[[0.56],[0.01],[0],[0],[0],[0],[0]],[[0],[0.03],[0.97],[0.71],[0.18],[0.01],[0.06]],[[0.18],[0],[0.01],[2.41],[0],[0.71],[0]],[[0],[0],[0.36],[0],[0.01],[4.99],[0.04]],[[0.63],[9.86],[0],[5.85],[1.96],[1.73],[0.22]],[[0],[0],[0],[0],[0],[0],[0]]],[[[6.96],[4.93],[2.27],[9.43],[1.24],[2.09],[3.06]],[[0.08],[0.14],[4.3],[0.08],[1.68],[0.02],[7.57]],[[0.35],[4.84],[0.82],[0.49],[8.06],[0],[0]],[[0],[1.95],[0],[0.27],[0.01],[0],[0.01]],[[5.18],[0.05],[0],[0.29],[0.85],[0.41],[0]],[[0.97],[1.87],[3.08],[0.05],[0.39],[13.14],[0.01]],[[2.44],[1.27],[1.3],[1.54],[0],[2.44],[0.03]],[[0],[0],[0.58],[0.58],[0],[3.45],[0.24]],[[4.54],[0],[1.3],[4.28],[1.44],[1.86],[0]],[[0],[0],[0],[0.07],[0],[0],[0]]],[[[8.23],[6.13],[3.65],[7.81],[0.99],[0.27],[0.08]],[[3.73],[4.92],[8.43],[2.1],[0.17],[0],[0.03]],[[0.62],[0.39],[0],[3.91],[0.01],[0],[0]],[[0],[0.66],[0],[9.8],[0],[0.07],[0]],[[0.06],[3.48],[2.34],[0],[0.07],[0],[0.15]],[[0.41],[0.22],[0.49],[0.01],[2.37],[0.01],[4.57]],[[1],[0],[0.01],[0.1],[0.15],[0],[0]],[[0],[0.02],[0],[0.09],[2.02],[0],[0]],[[7.68],[0.02],[0],[0.04],[3.04],[1.29],[0.11]],[[0],[0],[0],[0.35],[0.05],[0],[0]]],[[[2.42],[6.44],[7.35],[7.81],[2.35],[6.65],[20.95]],[[2.28],[0],[2.04],[13.47],[0],[0.78],[1.96]],[[0.02],[4.84],[0],[5.18],[0],[0],[0]],[[1.42],[0],[0.38],[0],[0],[0.02],[0]],[[0],[0.03],[0.11],[0.01],[0],[0.04],[0]],[[1.56],[8.67],[1.48],[0.85],[1.39],[3.89],[0.2]],[[0.58],[0.08],[2.44],[1.43],[0],[0],[6.13]],[[0],[1.43],[0.13],[0],[0.1],[0.01],[1.22]],[[0.46],[0.08],[0.05],[0.64],[2.85],[0.09],[3.99]],[[0],[0],[0],[0],[0],[0],[0]]],[[[3.18],[6.29],[4.17],[2.2],[4.79],[3.65],[0.2]],[[4.63],[0.2],[0.21],[0],[0],[0.01],[0.61]],[[0],[0],[0.01],[0],[3.99],[0],[1.22]],[[0.01],[0.05],[3.93],[1.69],[0.48],[0],[0.06]],[[0],[0.08],[0],[0],[0.03],[0.04],[0]],[[0.59],[1.78],[0.01],[0],[0],[0],[0.01]],[[0.02],[0.1],[0.01],[2.41],[0],[0.07],[2.21]],[[0.05],[0.03],[0.58],[1.84],[0],[0],[0.01]],[[5.27],[1],[0.01],[13.84],[0],[10.56],[0.29]],[[0],[0],[0],[0],[0],[0],[0]]],[[[3.85],[1.95],[8.73],[0.46],[2.03],[3.06],[9.89]],[[0.4],[0.01],[0.42],[10.44],[0],[0.09],[0]],[[0],[0.1],[0.06],[0.02],[0],[0],[0]],[[0.02],[0.07],[0],[0.06],[0],[1.44],[0]],[[0.84],[0.01],[0.11],[7.82],[0],[0.04],[0]],[[0.1],[1.1],[0.01],[0.28],[0.18],[0.04],[0.59]],[[2.11],[0.09],[0.12],[1.54],[0.03],[0.12],[0.04]],[[0.02],[0.37],[0],[0],[0],[0],[8.09]],[[0.13],[1.43],[10.29],[0],[4.31],[0],[0]],[[0],[0],[0],[0],[0],[0],[0]]]];

