Omegamax = 8;
Produkte = 1;
v = [2];
KS = 90;

KH	=	9;								
							
											
kS = [[1000,	100.3154,	67.9336,	78.6797,	66.2313,	39.1673,	15.8027,	29.5922,	86.2152,	73.4044],
[100.3154,	1000,	74.3155,	63.6129,	52.5148,	75.8219,	84.5888,	108.1348,	29.2909,	64.5159],
[67.9336,	74.3155,	1000,	15.2169,	22.6999,	29.2509,	57.317,	53.6605,	45.899,	11.1019],
[78.6797,	63.6129,	15.2169,	1000,	18.5917,	39.5901,	66.206,	67.7875,	34.3532,	5.3364],
[66.2313,	52.5148,	22.6999,	18.5917,	1000,	29.6067,	52.0814,	62.0716,	25.8883,	15.7955],
[39.1673,	75.8219,	29.2509,	39.5901,	29.6067,	1000,	28.1405,	33.0635,	53.8425,	34.2857],
[15.8027,	84.5888,	57.317,	66.206,	52.0814,	28.1405,	1000,	34.0634,	70.7486,	61.0963],
[29.5922,	108.1348,	53.6605,	67.7875,	62.0716,	33.0635,	34.0634,	1000,	86.8817,	62.6072],
[86.2152,	29.2909,	45.899,	34.3532,	25.8883,	53.8425,	70.7486,	86.8817,	1000,	35.5839],
[73.4044,	64.5159,	11.1019,	5.3364,	15.7955,	34.2857,	61.0963,	62.6072,	35.5839,	1000]];
									
kem = [336,	96.3028,	65.2162,	75.5325,	63.582,	37.6006,	15.1706,	28.4085,	82.7666,	70.4682];
										
											
								

kI = [0.0033];
qS = [1];

d = [[[[6.43],[7.32],[5.11],[7.59],[2.03],[1.84],[2.85]],[[0.03],[0.04],[0.3],[1.39],[2.64],[3.42],[0.2]],[[0.17],[0],[0],[3.09],[0],[0],[0]],[[0],[0.05],[0.73],[0.01],[0],[0],[0.11]],[[2.14],[0.01],[0.72],[0.01],[0],[3.14],[0.12]],[[2.01],[0.38],[1.72],[0.02],[4.21],[1.32],[0.4]],[[0],[0.59],[0.5],[0],[0.53],[0],[0.17]],[[0.58],[0.37],[9.22],[9.71],[0],[0.15],[0.03]],[[1.69],[1.75],[0.36],[5.37],[0.04],[0.18],[0]],[[0],[0],[0],[0],[0],[0],[0]]],[[[4.86],[3.04],[4.62],[1.89],[2.61],[23.77],[3.41]],[[0.02],[1.44],[0.74],[3.5],[0],[0.48],[3.42]],[[0.2],[0],[0],[5.18],[0],[0.04],[0]],[[0.28],[0],[0],[2.67],[0],[1.1],[0]],[[0.34],[0.97],[0],[0.02],[1.52],[0.12],[0]],[[1.03],[0.81],[0.74],[0.01],[1.16],[0.01],[13.14]],[[0.1],[0],[0.11],[0.01],[1.58],[3.32],[0.85]],[[0.16],[0.76],[0.64],[0.97],[0.26],[0.03],[0]],[[0.56],[0.49],[0.14],[0.4],[6],[0.06],[7.93]],[[0],[0],[0],[0],[0],[0],[0]]],[[[3.85],[1.67],[4.5],[0.64],[2.88],[5.27],[0]],[[0],[2.45],[0.83],[1.31],[0.02],[0.01],[2.11]],[[2.51],[0.05],[0],[0.26],[0.01],[0],[0]],[[0],[0],[0],[0.16],[0],[0.01],[1.91]],[[0.56],[0.01],[0],[0],[0],[0],[0]],[[0],[0.03],[0.97],[0.71],[0.18],[0.01],[0.06]],[[0.18],[0],[0.01],[2.41],[0],[0.71],[0]],[[0],[0],[0.36],[0],[0.01],[4.99],[0.04]],[[0.63],[9.86],[0],[5.85],[1.96],[1.73],[0.22]],[[0],[0],[0],[0],[0],[0],[0]]],[[[6.96],[4.93],[2.27],[9.43],[1.24],[2.09],[3.06]],[[0.08],[0.14],[4.3],[0.08],[1.68],[0.02],[7.57]],[[0.35],[4.84],[0.82],[0.49],[8.06],[0],[0]],[[0],[1.95],[0],[0.27],[0.01],[0],[0.01]],[[5.18],[0.05],[0],[0.29],[0.85],[0.41],[0]],[[0.97],[1.87],[3.08],[0.05],[0.39],[13.14],[0.01]],[[2.44],[1.27],[1.3],[1.54],[0],[2.44],[0.03]],[[0],[0],[0.58],[0.58],[0],[3.45],[0.24]],[[4.54],[0],[1.3],[4.28],[1.44],[1.86],[0]],[[0],[0],[0],[0.07],[0],[0],[0]]],[[[8.23],[6.13],[3.65],[7.81],[0.99],[0.27],[0.08]],[[3.73],[4.92],[8.43],[2.1],[0.17],[0],[0.03]],[[0.62],[0.39],[0],[3.91],[0.01],[0],[0]],[[0],[0.66],[0],[9.8],[0],[0.07],[0]],[[0.06],[3.48],[2.34],[0],[0.07],[0],[0.15]],[[0.41],[0.22],[0.49],[0.01],[2.37],[0.01],[4.57]],[[1],[0],[0.01],[0.1],[0.15],[0],[0]],[[0],[0.02],[0],[0.09],[2.02],[0],[0]],[[7.68],[0.02],[0],[0.04],[3.04],[1.29],[0.11]],[[0],[0],[0],[0.35],[0.05],[0],[0]]],[[[2.42],[6.44],[7.35],[7.81],[2.35],[6.65],[20.95]],[[2.28],[0],[2.04],[13.47],[0],[0.78],[1.96]],[[0.02],[4.84],[0],[5.18],[0],[0],[0]],[[1.42],[0],[0.38],[0],[0],[0.02],[0]],[[0],[0.03],[0.11],[0.01],[0],[0.04],[0]],[[1.56],[8.67],[1.48],[0.85],[1.39],[3.89],[0.2]],[[0.58],[0.08],[2.44],[1.43],[0],[0],[6.13]],[[0],[1.43],[0.13],[0],[0.1],[0.01],[1.22]],[[0.46],[0.08],[0.05],[0.64],[2.85],[0.09],[3.99]],[[0],[0],[0],[0],[0],[0],[0]]],[[[3.18],[6.29],[4.17],[2.2],[4.79],[3.65],[0.2]],[[4.63],[0.2],[0.21],[0],[0],[0.01],[0.61]],[[0],[0],[0.01],[0],[3.99],[0],[1.22]],[[0.01],[0.05],[3.93],[1.69],[0.48],[0],[0.06]],[[0],[0.08],[0],[0],[0.03],[0.04],[0]],[[0.59],[1.78],[0.01],[0],[0],[0],[0.01]],[[0.02],[0.1],[0.01],[2.41],[0],[0.07],[2.21]],[[0.05],[0.03],[0.58],[1.84],[0],[0],[0.01]],[[5.27],[1],[0.01],[13.84],[0],[10.56],[0.29]],[[0],[0],[0],[0],[0],[0],[0]]],[[[3.85],[1.95],[8.73],[0.46],[2.03],[3.06],[9.89]],[[0.4],[0.01],[0.42],[10.44],[0],[0.09],[0]],[[0],[0.1],[0.06],[0.02],[0],[0],[0]],[[0.02],[0.07],[0],[0.06],[0],[1.44],[0]],[[0.84],[0.01],[0.11],[7.82],[0],[0.04],[0]],[[0.1],[1.1],[0.01],[0.28],[0.18],[0.04],[0.59]],[[2.11],[0.09],[0.12],[1.54],[0.03],[0.12],[0.04]],[[0.02],[0.37],[0],[0],[0],[0],[8.09]],[[0.13],[1.43],[10.29],[0],[4.31],[0],[0]],[[0],[0],[0],[0],[0],[0],[0]]]];

