Omegamax = 5;
Produkte = 4;
v = [2,2,1,1];
KS = 132.8;

KH	=	9;								
							
											
kS = [[1000,	100.3154,	67.9336,	78.6797,	66.2313,	39.1673,	15.8027,	29.5922,	86.2152,	73.4044],
[100.3154,	1000,	74.3155,	63.6129,	52.5148,	75.8219,	84.5888,	108.1348,	29.2909,	64.5159],
[67.9336,	74.3155,	1000,	15.2169,	22.6999,	29.2509,	57.317,	53.6605,	45.899,	11.1019],
[78.6797,	63.6129,	15.2169,	1000,	18.5917,	39.5901,	66.206,	67.7875,	34.3532,	5.3364],
[66.2313,	52.5148,	22.6999,	18.5917,	1000,	29.6067,	52.0814,	62.0716,	25.8883,	15.7955],
[39.1673,	75.8219,	29.2509,	39.5901,	29.6067,	1000,	28.1405,	33.0635,	53.8425,	34.2857],
[15.8027,	84.5888,	57.317,	66.206,	52.0814,	28.1405,	1000,	34.0634,	70.7486,	61.0963],
[29.5922,	108.1348,	53.6605,	67.7875,	62.0716,	33.0635,	34.0634,	1000,	86.8817,	62.6072],
[86.2152,	29.2909,	45.899,	34.3532,	25.8883,	53.8425,	70.7486,	86.8817,	1000,	35.5839],
[73.4044,	64.5159,	11.1019,	5.3364,	15.7955,	34.2857,	61.0963,	62.6072,	35.5839,	1000]];
									
kem = [336,	96.3028,	65.2162,	75.5325,	63.582,	37.6006,	15.1706,	28.4085,	82.7666,	70.4682];
										
											
								

kI = [0.0033,0.0193,0.0514,0.1153];
qS = [1,1,1,1];

d = [[[[6.43,2.42,3.65,2.75],[7.32,6.44,0.91,2.79],[5.11,7.35,8.23,3],[7.59,7.81,10.9,10.11],[2.03,2.35,4.92,1.18],[1.84,6.65,0.23,6.21],[2.85,20.95,2.96,2.85]],[[0.03,2.28,0.32,0.01],[0.04,0,0.03,0.15],[0.3,2.04,1.46,1.17],[1.39,13.47,1.31,0.11],[2.64,0,0.09,1.3],[3.42,0.78,16.47,0.04],[0.2,1.96,1.68,1.06]],[[0.17,0.02,0.05,3.06],[0,4.84,0,0],[0,0,0,0],[3.09,5.18,0,0],[0,0,0,3.99],[0,0,0,0],[0,0,0,0.02]],[[0,1.42,0.61,0],[0.05,0,0.02,2.66],[0.73,0.38,0.55,0],[0.01,0,0.61,0.55],[0,0,0.02,0.12],[0,0.02,5.07,2.56],[0.11,0,0,0]],[[2.14,0,0.01,0],[0.01,0.03,0.48,0],[0.72,0.11,0,0.61],[0.01,0.01,0,0],[0,0,1.52,1.38],[3.14,0.04,0,0.02],[0.12,0,0,0]],[[2.01,1.56,3.08,0.02],[0.38,8.67,0.07,0.21],[1.72,1.48,3.26,2.48],[0.02,0.85,0.9,0.04],[4.21,1.39,0.45,0.16],[1.32,3.89,0.18,3.09],[0.4,0.2,0,4.21]],[[0,0.58,0,6.19],[0.59,0.08,0.01,0.24],[0.5,2.44,0.02,3.65],[0,1.43,0.8,5.61],[0.53,0,0,0.11],[0,0,2,0.01],[0.17,6.13,0.71,1.65]],[[0.58,0,0.13,0],[0.37,1.43,0.12,1.08],[9.22,0.13,0.85,0.1],[9.71,0,0.09,0.48],[0,0.1,0,0],[0.15,0.01,0.05,0],[0.03,1.22,0.13,0.41]],[[1.69,0.46,0.22,0.22],[1.75,0.08,0.49,0],[0.36,0.05,0.23,13.12],[5.37,0.64,0.6,9.11],[0.04,2.85,0.11,0.39],[0.18,0.09,0.22,4.74],[0,3.99,0.52,0]],[[0,0,0,0],[0,0,0,0],[0,0,0,0],[0,0,0,0],[0,0,0,0],[0,0,0,0],[0,0,0,0]]],[[[4.86,3.18,17.33,0.36],[3.04,6.29,16.73,0.43],[4.62,4.17,0.49,0.68],[1.89,2.2,1.82,0.76],[2.61,4.79,3.69,0.13],[23.77,3.65,0.2,12.29],[3.41,0.2,20.95,0.27]],[[0.02,4.63,0.01,5.45],[1.44,0.2,0.76,0.8],[0.74,0.21,2.42,12.76],[3.5,0,0.45,0.13],[0,0,0.1,10.98],[0.48,0.01,0,5.4],[3.42,0.61,4.07,0.06]],[[0.2,0,0,0.2],[0,0,0.2,0.02],[0,0.01,0,0],[5.18,0,0.06,0.02],[0,3.99,0,0],[0.04,0,0,0],[0,1.22,0.08,0]],[[0.28,0.01,1.57,0],[0,0.05,0,2.99],[0,3.93,0,0],[2.67,1.69,9.8,0.82],[0,0.48,0.09,0],[1.1,0,0,0],[0,0.06,0,3.52]],[[0.34,0,0.56,2.14],[0.97,0.08,0,0.9],[0,0,1.64,0.26],[0.02,0,0.05,1.74],[1.52,0.03,0.24,0.03],[0.12,0.04,0,3.14],[0,0,0.1,4.91]],[[1.03,0.59,0.97,0.25],[0.81,1.78,0.9,0.69],[0.74,0.01,2.62,0.02],[0.01,0,0.02,0.26],[1.16,0,0,0.59],[0.01,0,0,5.97],[13.14,0.01,0,0.11]],[[0.1,0.02,0.37,2.44],[0,0.1,0.16,0],[0.11,0.01,1.6,0.47],[0.01,2.41,0.48,0],[1.58,0,0.07,2.58],[3.32,0.07,1.13,0],[0.85,2.21,0,1.03]],[[0.16,0.05,0,0.71],[0.76,0.03,0.49,0],[0.64,0.58,0.02,0],[0.97,1.84,0,2.97],[0.26,0,0,0.05],[0.03,0,0,0],[0,0.01,0.47,1.86]],[[0.56,5.27,1.6,0.41],[0.49,1,3.69,7.43],[0.14,0.01,0.08,1.88],[0.4,13.84,0.81,0],[6,0,0.15,0.02],[0.06,10.56,6.32,4.34],[7.93,0.29,0.56,0.83]],[[0,0,0,0],[0,0,0,0],[0,0,0,0],[0,0,0,0],[0,0,0,0.75],[0,0,0,0],[0,0,0,0.02]]],[[[3.85,3.85,2.27,5.51],[1.67,1.95,3.39,3.21],[4.5,8.73,9.01,0.81],[0.64,0.46,4.52,1.53],[2.88,2.03,2.61,0.53],[5.27,3.06,1.84,0.72],[0,9.89,0.1,7.36]],[[0,0.4,0.09,0.18],[2.45,0.01,0.01,3.48],[0.83,0.42,0.05,0.14],[1.31,10.44,0.86,1.98],[0.02,0,0.41,0.1],[0.01,0.09,0.37,0.01],[2.11,0,0,0.37]],[[2.51,0,0.62,0],[0.05,0.1,0.08,0.58],[0,0.06,0,0],[0.26,0.02,0,0],[0.01,0,0,0],[0,0,0,4.14],[0,0,0,0]],[[0,0.02,0,0],[0,0.07,0,0.17],[0,0,0.03,0],[0.16,0.06,0,0],[0,0,10.37,0],[0.01,1.44,0.25,0.16],[1.91,0,2.2,4.19]],[[0.56,0.84,0.24,0.16],[0.01,0.01,0.19,0.01],[0,0.11,0,5.18],[0,7.82,0,0.13],[0,0,0,0],[0,0.04,0.93,0.32],[0,0,0.06,0]],[[0,0.1,1.4,0.56],[0.03,1.1,0.05,4.67],[0.97,0.01,1.4,0.14],[0.71,0.28,0.16,7.35],[0.18,0.18,0,0.03],[0.01,0.04,0.09,0.02],[0.06,0.59,4.57,0.01]],[[0.18,2.11,0.03,0],[0,0.09,1.54,3.33],[0.01,0.12,0,0.18],[2.41,1.54,0.04,3.36],[0,0.03,0,0.48],[0.71,0.12,0.29,0],[0,0.04,0.24,0]],[[0,0.02,1.69,0],[0,0.37,0.01,0.01],[0.36,0,0.64,0],[0,0,0.79,0],[0.01,0,0,0.01],[4.99,0,0,0],[0.04,8.09,0.01,0.07]],[[0.63,0.13,4.23,0],[9.86,1.43,9.86,0],[0,10.29,0.06,0.02],[5.85,0,0,0.33],[1.96,4.31,0.15,0.21],[1.73,0,0.27,0.15],[0.22,0,0.01,0.03]],[[0,0,0,0],[0,0,0,0],[0,0,0,0],[0,0,0,0],[0,0,0,0],[0,0,0,0],[0,0,0,0]]],[[[6.96,0.36,12.62,3.09],[4.93,0.12,18.57,7.72],[2.27,4.17,4.06,7.77],[9.43,11.83,1.07,0.46],[1.24,5.84,3.27,14.1],[2.09,14.36,4.62,11.22],[3.06,0.13,1.06,0.57]],[[0.08,0,0.01,3.28],[0.14,0,0.95,1.17],[4.3,0.06,0,0.15],[0.08,0.06,0.01,0.91],[1.68,14.3,0,0.04],[0.02,0,1.24,1.81],[7.57,0,0.12,0]],[[0.35,0,2.09,0],[4.84,0.01,0,0],[0.82,0,0,0],[0.49,0,2.07,0],[8.06,0,0,0],[0,0,0,0.04],[0,0,0,0.99]],[[0,0.03,0,0],[1.95,0.02,0.01,0.02],[0,3.01,0,0],[0.27,0,2.67,0],[0.01,0,0,0.01],[0,0,8.19,0],[0.01,0,8.19,0.12]],[[5.18,0,0.52,1.79],[0.05,0.23,0.01,0.01],[0,0.06,0,0.92],[0.29,4.03,0.01,0],[0.85,0,0,0.01],[0.41,0,0,0],[0,0,0.01,0]],[[0.97,0.18,0.33,0.66],[1.87,0.24,4.11,4.11],[3.08,0.16,0.09,0],[0.05,0.01,0.11,1.26],[0.39,3.43,2.67,1.24],[13.14,0,1.32,1.41],[0.01,0,0,0.02]],[[2.44,0.06,0.17,0.4],[1.27,0.55,1.54,0.02],[1.3,0,1.3,0],[1.54,1.43,0.19,0.64],[0,0.14,0.41,7.77],[2.44,0,0.03,2.44],[0.03,0,2.44,0]],[[0,0,4.52,0],[0,0,0.41,0.83],[0.58,0,0.85,0],[0.58,0.2,0,0],[0,0.81,0,0],[3.45,0,0.62,0],[0.24,0.31,0.15,0]],[[4.54,1.37,2.92,0.03],[0,1.17,0,0.03],[1.3,5.71,0.99,4.88],[4.28,0,0,2.03],[1.44,0.03,0,0.25],[1.86,0.83,0.09,0],[0,0.01,2.31,3.39]],[[0,0.19,0,0],[0,0,0,0],[0,0,0,0],[0.07,0,0,0],[0,0,0,0],[0,0.01,0,0],[0,0,0,0]]],[[[8.23,9.3,5.8,2.04],[6.13,5.43,7.32,4.48],[3.65,10.68,0.16,0.87],[7.81,4.64,10.9,10.49],[0.99,0.64,3.58,10.3],[0.27,1.39,7.9,0.03],[0.08,3.41,2.55,18.99]],[[3.73,0.01,0,0.18],[4.92,0.85,0.54,0.4],[8.43,0,0.28,0.19],[2.1,1.87,0.48,5.11],[0.17,0,0.11,4.4],[0,0.01,0.01,0.02],[0.03,0.24,0.24,0.61]],[[0.62,0,0.05,0],[0.39,0,0.3,0],[0,0,0.31,0],[3.91,0.02,0,0.14],[0.01,5.36,0.99,0],[0,0.29,0,0.15],[0,0,0,0.65]],[[0,0.17,2.14,0.28],[0.66,1.77,5.29,0],[0,0,0,0],[9.8,0.27,0,0],[0,3.5,0.67,0],[0.07,0.19,0,0],[0,0,0.96,0]],[[0.06,0.92,2.58,1.17],[3.48,0,0.01,0.9],[2.34,0,3.52,0.15],[0,0.24,1.45,0.1],[0.07,0.02,0,0],[0,0,0,1.04],[0.15,0.03,4.19,0]],[[0.41,0.01,1.08,0.02],[0.22,0.36,4.99,7.67],[0.49,0.02,1.14,0.01],[0.01,3.92,0,0.19],[2.37,0,11.65,0.36],[0.01,0.02,0,0.86],[4.57,0.8,0,0.92]],[[1,2.44,0,0.58],[0,0.01,0.04,0],[0.01,0,0.12,1],[0.1,0.1,0.35,0.05],[0.15,0,0,1.58],[0,2.44,14.55,2.21],[0,0,0.12,4.69]],[[0,0.01,0.36,0],[0.02,0.04,0,5.23],[0,0,0,0],[0.09,1.33,3.4,0],[2.02,1.59,0,0],[0,0.02,0,0],[0,0,4.12,0.62]],[[7.68,0.01,2.21,1.3],[0.02,5.58,0.06,1.5],[0,0,0.41,0.18],[0.04,0,0.05,1.37],[3.04,0.05,0.39,3.04],[1.29,0.02,0.32,0.48],[0.11,1.29,16.93,0.06]],[[0,0,0,0],[0,0,0,0],[0,0,0,0],[0.35,0,0.01,0],[0.05,0,0,0],[0,0,0,0],[0,0,0,0]]]];

