Omegamax = 7;
Produkte = 2;
v = [2,2];
KS = 117;

KH	=	9;								
							
											
kS = [[1000,	57.2372,	67.818,	71.0382,	113.7826,	113.8788,	58.1284,	11.8263,	18.415,	123.4198],
[57.2372,	1000,	46.2746,	90.4893,	109.4487,	63.9478,	85.5736,	67.1704,	61.1488,	79.4736],
[67.818,	46.2746,	1000,	55.0772,	63.2108,	56.2776,	57.2214,	71.1569,	58.0168,	58.8204],
[71.0382,	90.4893,	55.0772,	1000,	51.2275,	109.1766,	14.9386,	64.9797,	52.6937,	105.6924],
[113.7826,	109.4487,	63.2108,	51.2275,	1000,	95.8549,	65.6871,	110.9154,	97.0091,	82.8634],
[113.8788,	63.9478,	56.2776,	109.1766,	95.8549,	1000,	113.2514,	120.7053,	109.6557,	21.205],
[58.1284,	85.5736,	57.2214,	14.9386,	65.6871,	113.2514,	1000,	51.0286,	39.7368,	112.4334],
[11.8263,	67.1704,	71.1569,	64.9797,	110.9154,	120.7053,	51.0286,	1000,	14.2461,	128.6299],
[18.415,	61.1488,	58.0168,	52.6937,	97.0091,	109.6557,	39.7368,	14.2461,	1000,	116.2309],
[123.4198,	79.4736,	58.8204,	105.6924,	82.8634,	21.205,	112.4334,	128.6299,	116.2309,	1000]];
									
kem = [336,	54.9478,	65.1053,	68.1967,	109.2313,	109.3237,	55.8032,	11.3532,	17.6784,	118.4831];
											
											
								

kI = [0.0033,0.0193];
qS = [1,1];

d = [[[[6.43,3.85],[7.32,1.95],[5.11,8.73],[7.59,0.46],[2.03,2.03],[1.84,3.06],[2.85,9.89]],[[0.03,0.4],[0.04,0.01],[0.3,0.42],[1.39,10.44],[2.64,0],[3.42,0.09],[0.2,0]],[[0.17,0],[0,0.1],[0,0.06],[3.09,0.02],[0,0],[0,0],[0,0]],[[0,0.02],[0.05,0.07],[0.73,0],[0.01,0.06],[0,0],[0,1.44],[0.11,0]],[[2.14,0.84],[0.01,0.01],[0.72,0.11],[0.01,7.82],[0,0],[3.14,0.04],[0.12,0]],[[2.01,0.1],[0.38,1.1],[1.72,0.01],[0.02,0.28],[4.21,0.18],[1.32,0.04],[0.4,0.59]],[[0,2.11],[0.59,0.09],[0.5,0.12],[0,1.54],[0.53,0.03],[0,0.12],[0.17,0.04]],[[0.58,0.02],[0.37,0.37],[9.22,0],[9.71,0],[0,0],[0.15,0],[0.03,8.09]],[[1.69,0.13],[1.75,1.43],[0.36,10.29],[5.37,0],[0.04,4.31],[0.18,0],[0,0]],[[0,0],[0,0],[0,0],[0,0],[0,0],[0,0],[0,0]]],[[[4.86,0.36],[3.04,0.12],[4.62,4.17],[1.89,11.83],[2.61,5.84],[23.77,14.36],[3.41,0.13]],[[0.02,0],[1.44,0],[0.74,0.06],[3.5,0.06],[0,14.3],[0.48,0],[3.42,0]],[[0.2,0],[0,0.01],[0,0],[5.18,0],[0,0],[0.04,0],[0,0]],[[0.28,0.03],[0,0.02],[0,3.01],[2.67,0],[0,0],[1.1,0],[0,0]],[[0.34,0],[0.97,0.23],[0,0.06],[0.02,4.03],[1.52,0],[0.12,0],[0,0]],[[1.03,0.18],[0.81,0.24],[0.74,0.16],[0.01,0.01],[1.16,3.43],[0.01,0],[13.14,0]],[[0.1,0.06],[0,0.55],[0.11,0],[0.01,1.43],[1.58,0.14],[3.32,0],[0.85,0]],[[0.16,0],[0.76,0],[0.64,0],[0.97,0.2],[0.26,0.81],[0.03,0],[0,0.31]],[[0.56,1.37],[0.49,1.17],[0.14,5.71],[0.4,0],[6,0.03],[0.06,0.83],[7.93,0.01]],[[0,0.19],[0,0],[0,0],[0,0],[0,0],[0,0.01],[0,0]]],[[[3.85,9.3],[1.67,5.43],[4.5,10.68],[0.64,4.64],[2.88,0.64],[5.27,1.39],[0,3.41]],[[0,0.01],[2.45,0.85],[0.83,0],[1.31,1.87],[0.02,0],[0.01,0.01],[2.11,0.24]],[[2.51,0],[0.05,0],[0,0],[0.26,0.02],[0.01,5.36],[0,0.29],[0,0]],[[0,0.17],[0,1.77],[0,0],[0.16,0.27],[0,3.5],[0.01,0.19],[1.91,0]],[[0.56,0.92],[0.01,0],[0,0],[0,0.24],[0,0.02],[0,0],[0,0.03]],[[0,0.01],[0.03,0.36],[0.97,0.02],[0.71,3.92],[0.18,0],[0.01,0.02],[0.06,0.8]],[[0.18,2.44],[0,0.01],[0.01,0],[2.41,0.1],[0,0],[0.71,2.44],[0,0]],[[0,0.01],[0,0.04],[0.36,0],[0,1.33],[0.01,1.59],[4.99,0.02],[0.04,0]],[[0.63,0.01],[9.86,5.58],[0,0],[5.85,0],[1.96,0.05],[1.73,0.02],[0.22,1.29]],[[0,0],[0,0],[0,0],[0,0],[0,0],[0,0],[0,0]]],[[[6.96,3.65],[4.93,0.91],[2.27,8.23],[9.43,10.9],[1.24,4.92],[2.09,0.23],[3.06,2.96]],[[0.08,0.32],[0.14,0.03],[4.3,1.46],[0.08,1.31],[1.68,0.09],[0.02,16.47],[7.57,1.68]],[[0.35,0.05],[4.84,0],[0.82,0],[0.49,0],[8.06,0],[0,0],[0,0]],[[0,0.61],[1.95,0.02],[0,0.55],[0.27,0.61],[0.01,0.02],[0,5.07],[0.01,0]],[[5.18,0.01],[0.05,0.48],[0,0],[0.29,0],[0.85,1.52],[0.41,0],[0,0]],[[0.97,3.08],[1.87,0.07],[3.08,3.26],[0.05,0.9],[0.39,0.45],[13.14,0.18],[0.01,0]],[[2.44,0],[1.27,0.01],[1.3,0.02],[1.54,0.8],[0,0],[2.44,2],[0.03,0.71]],[[0,0.13],[0,0.12],[0.58,0.85],[0.58,0.09],[0,0],[3.45,0.05],[0.24,0.13]],[[4.54,0.22],[0,0.49],[1.3,0.23],[4.28,0.6],[1.44,0.11],[1.86,0.22],[0,0.52]],[[0,0],[0,0],[0,0],[0.07,0],[0,0],[0,0],[0,0]]],[[[8.23,17.33],[6.13,16.73],[3.65,0.49],[7.81,1.82],[0.99,3.69],[0.27,0.2],[0.08,20.95]],[[3.73,0.01],[4.92,0.76],[8.43,2.42],[2.1,0.45],[0.17,0.1],[0,0],[0.03,4.07]],[[0.62,0],[0.39,0.2],[0,0],[3.91,0.06],[0.01,0],[0,0],[0,0.08]],[[0,1.57],[0.66,0],[0,0],[9.8,9.8],[0,0.09],[0.07,0],[0,0]],[[0.06,0.56],[3.48,0],[2.34,1.64],[0,0.05],[0.07,0.24],[0,0],[0.15,0.1]],[[0.41,0.97],[0.22,0.9],[0.49,2.62],[0.01,0.02],[2.37,0],[0.01,0],[4.57,0]],[[1,0.37],[0,0.16],[0.01,1.6],[0.1,0.48],[0.15,0.07],[0,1.13],[0,0]],[[0,0],[0.02,0.49],[0,0.02],[0.09,0],[2.02,0],[0,0],[0,0.47]],[[7.68,1.6],[0.02,3.69],[0,0.08],[0.04,0.81],[3.04,0.15],[1.29,6.32],[0.11,0.56]],[[0,0],[0,0],[0,0],[0.35,0],[0.05,0],[0,0],[0,0]]],[[[2.42,2.27],[6.44,3.39],[7.35,9.01],[7.81,4.52],[2.35,2.61],[6.65,1.84],[20.95,0.1]],[[2.28,0.09],[0,0.01],[2.04,0.05],[13.47,0.86],[0,0.41],[0.78,0.37],[1.96,0]],[[0.02,0.62],[4.84,0.08],[0,0],[5.18,0],[0,0],[0,0],[0,0]],[[1.42,0],[0,0],[0.38,0.03],[0,0],[0,10.37],[0.02,0.25],[0,2.2]],[[0,0.24],[0.03,0.19],[0.11,0],[0.01,0],[0,0],[0.04,0.93],[0,0.06]],[[1.56,1.4],[8.67,0.05],[1.48,1.4],[0.85,0.16],[1.39,0],[3.89,0.09],[0.2,4.57]],[[0.58,0.03],[0.08,1.54],[2.44,0],[1.43,0.04],[0,0],[0,0.29],[6.13,0.24]],[[0,1.69],[1.43,0.01],[0.13,0.64],[0,0.79],[0.1,0],[0.01,0],[1.22,0.01]],[[0.46,4.23],[0.08,9.86],[0.05,0.06],[0.64,0],[2.85,0.15],[0.09,0.27],[3.99,0.01]],[[0,0],[0,0],[0,0],[0,0],[0,0],[0,0],[0,0]]],[[[3.18,12.62],[6.29,18.57],[4.17,4.06],[2.2,1.07],[4.79,3.27],[3.65,4.62],[0.2,1.06]],[[4.63,0.01],[0.2,0.95],[0.21,0],[0,0.01],[0,0],[0.01,1.24],[0.61,0.12]],[[0,2.09],[0,0],[0.01,0],[0,2.07],[3.99,0],[0,0],[1.22,0]],[[0.01,0],[0.05,0.01],[3.93,0],[1.69,2.67],[0.48,0],[0,8.19],[0.06,8.19]],[[0,0.52],[0.08,0.01],[0,0],[0,0.01],[0.03,0],[0.04,0],[0,0.01]],[[0.59,0.33],[1.78,4.11],[0.01,0.09],[0,0.11],[0,2.67],[0,1.32],[0.01,0]],[[0.02,0.17],[0.1,1.54],[0.01,1.3],[2.41,0.19],[0,0.41],[0.07,0.03],[2.21,2.44]],[[0.05,4.52],[0.03,0.41],[0.58,0.85],[1.84,0],[0,0],[0,0.62],[0.01,0.15]],[[5.27,2.92],[1,0],[0.01,0.99],[13.84,0],[0,0],[10.56,0.09],[0.29,2.31]],[[0,0],[0,0],[0,0],[0,0],[0,0],[0,0],[0,0]]]];

