Omegamax = 4;
Produkte = 2;
v = [2,2];
KS = 117;

KH	=	9;								
							
											
kS = [[1000,	57.2372,	67.818,	71.0382,	113.7826,	113.8788,	58.1284,	11.8263,	18.415,	123.4198],
[57.2372,	1000,	46.2746,	90.4893,	109.4487,	63.9478,	85.5736,	67.1704,	61.1488,	79.4736],
[67.818,	46.2746,	1000,	55.0772,	63.2108,	56.2776,	57.2214,	71.1569,	58.0168,	58.8204],
[71.0382,	90.4893,	55.0772,	1000,	51.2275,	109.1766,	14.9386,	64.9797,	52.6937,	105.6924],
[113.7826,	109.4487,	63.2108,	51.2275,	1000,	95.8549,	65.6871,	110.9154,	97.0091,	82.8634],
[113.8788,	63.9478,	56.2776,	109.1766,	95.8549,	1000,	113.2514,	120.7053,	109.6557,	21.205],
[58.1284,	85.5736,	57.2214,	14.9386,	65.6871,	113.2514,	1000,	51.0286,	39.7368,	112.4334],
[11.8263,	67.1704,	71.1569,	64.9797,	110.9154,	120.7053,	51.0286,	1000,	14.2461,	128.6299],
[18.415,	61.1488,	58.0168,	52.6937,	97.0091,	109.6557,	39.7368,	14.2461,	1000,	116.2309],
[123.4198,	79.4736,	58.8204,	105.6924,	82.8634,	21.205,	112.4334,	128.6299,	116.2309,	1000]];
									
kem = [336,	54.9478,	65.1053,	68.1967,	109.2313,	109.3237,	55.8032,	11.3532,	17.6784,	118.4831];
											
											
								

kI = [0.0033,0.0193];
qS = [1,1];

d = [[[[6.43,8.23],[7.32,6.13],[5.11,3.65],[7.59,7.81],[2.03,0.99],[1.84,0.27],[2.85,0.08]],[[0.03,3.73],[0.04,4.92],[0.3,8.43],[1.39,2.1],[2.64,0.17],[3.42,0],[0.2,0.03]],[[0.17,0.62],[0,0.39],[0,0],[3.09,3.91],[0,0.01],[0,0],[0,0]],[[0,0],[0.05,0.66],[0.73,0],[0.01,9.8],[0,0],[0,0.07],[0.11,0]],[[2.14,0.06],[0.01,3.48],[0.72,2.34],[0.01,0],[0,0.07],[3.14,0],[0.12,0.15]],[[2.01,0.41],[0.38,0.22],[1.72,0.49],[0.02,0.01],[4.21,2.37],[1.32,0.01],[0.4,4.57]],[[0,1],[0.59,0],[0.5,0.01],[0,0.1],[0.53,0.15],[0,0],[0.17,0]],[[0.58,0],[0.37,0.02],[9.22,0],[9.71,0.09],[0,2.02],[0.15,0],[0.03,0]],[[1.69,7.68],[1.75,0.02],[0.36,0],[5.37,0.04],[0.04,3.04],[0.18,1.29],[0,0.11]],[[0,0],[0,0],[0,0],[0,0.35],[0,0.05],[0,0],[0,0]]],[[[4.86,2.42],[3.04,6.44],[4.62,7.35],[1.89,7.81],[2.61,2.35],[23.77,6.65],[3.41,20.95]],[[0.02,2.28],[1.44,0],[0.74,2.04],[3.5,13.47],[0,0],[0.48,0.78],[3.42,1.96]],[[0.2,0.02],[0,4.84],[0,0],[5.18,5.18],[0,0],[0.04,0],[0,0]],[[0.28,1.42],[0,0],[0,0.38],[2.67,0],[0,0],[1.1,0.02],[0,0]],[[0.34,0],[0.97,0.03],[0,0.11],[0.02,0.01],[1.52,0],[0.12,0.04],[0,0]],[[1.03,1.56],[0.81,8.67],[0.74,1.48],[0.01,0.85],[1.16,1.39],[0.01,3.89],[13.14,0.2]],[[0.1,0.58],[0,0.08],[0.11,2.44],[0.01,1.43],[1.58,0],[3.32,0],[0.85,6.13]],[[0.16,0],[0.76,1.43],[0.64,0.13],[0.97,0],[0.26,0.1],[0.03,0.01],[0,1.22]],[[0.56,0.46],[0.49,0.08],[0.14,0.05],[0.4,0.64],[6,2.85],[0.06,0.09],[7.93,3.99]],[[0,0],[0,0],[0,0],[0,0],[0,0],[0,0],[0,0]]],[[[3.85,3.18],[1.67,6.29],[4.5,4.17],[0.64,2.2],[2.88,4.79],[5.27,3.65],[0,0.2]],[[0,4.63],[2.45,0.2],[0.83,0.21],[1.31,0],[0.02,0],[0.01,0.01],[2.11,0.61]],[[2.51,0],[0.05,0],[0,0.01],[0.26,0],[0.01,3.99],[0,0],[0,1.22]],[[0,0.01],[0,0.05],[0,3.93],[0.16,1.69],[0,0.48],[0.01,0],[1.91,0.06]],[[0.56,0],[0.01,0.08],[0,0],[0,0],[0,0.03],[0,0.04],[0,0]],[[0,0.59],[0.03,1.78],[0.97,0.01],[0.71,0],[0.18,0],[0.01,0],[0.06,0.01]],[[0.18,0.02],[0,0.1],[0.01,0.01],[2.41,2.41],[0,0],[0.71,0.07],[0,2.21]],[[0,0.05],[0,0.03],[0.36,0.58],[0,1.84],[0.01,0],[4.99,0],[0.04,0.01]],[[0.63,5.27],[9.86,1],[0,0.01],[5.85,13.84],[1.96,0],[1.73,10.56],[0.22,0.29]],[[0,0],[0,0],[0,0],[0,0],[0,0],[0,0],[0,0]]],[[[6.96,3.85],[4.93,1.95],[2.27,8.73],[9.43,0.46],[1.24,2.03],[2.09,3.06],[3.06,9.89]],[[0.08,0.4],[0.14,0.01],[4.3,0.42],[0.08,10.44],[1.68,0],[0.02,0.09],[7.57,0]],[[0.35,0],[4.84,0.1],[0.82,0.06],[0.49,0.02],[8.06,0],[0,0],[0,0]],[[0,0.02],[1.95,0.07],[0,0],[0.27,0.06],[0.01,0],[0,1.44],[0.01,0]],[[5.18,0.84],[0.05,0.01],[0,0.11],[0.29,7.82],[0.85,0],[0.41,0.04],[0,0]],[[0.97,0.1],[1.87,1.1],[3.08,0.01],[0.05,0.28],[0.39,0.18],[13.14,0.04],[0.01,0.59]],[[2.44,2.11],[1.27,0.09],[1.3,0.12],[1.54,1.54],[0,0.03],[2.44,0.12],[0.03,0.04]],[[0,0.02],[0,0.37],[0.58,0],[0.58,0],[0,0],[3.45,0],[0.24,8.09]],[[4.54,0.13],[0,1.43],[1.3,10.29],[4.28,0],[1.44,4.31],[1.86,0],[0,0]],[[0,0],[0,0],[0,0],[0.07,0],[0,0],[0,0],[0,0]]]];

