Omegamax = 3;
Produkte = 2;
v = [2,2];
KS = 117;

KH	=	9;								
							
											
kS	=	[[1000,	38.3697,	57.8946,	30.1217,	18.8233,	28.0246,	94.1813,	31.1978,	82.6637,	6.6888],
[38.3697,	1000,	42.0865,	66.0012,	40.6863,	52.9436,	57.2311,	32.8856,	120.1414,	34.9844],		
[57.8946,	42.0865,	1000,	87.3048,	44.2297,	83.5652,	80.965,	71.1879,	121.4214,	51.2905],		
[30.1217,	66.0012,	87.3048,	1000,	44.2753,	21.9064,	117.9197,	44.6716,	65.5233,	36.336],		
[18.8233,	40.6863,	44.2297,	44.2753,	1000,	46.7413,	97.7309,	46.9758,	82.1338,	13.2944],		
[28.0246,	52.9436,	83.5652,	21.9064,	46.7413,	1000,	99.4712,	24.9261,	87.4116,	34.3822],		
[94.1813,	57.2311,	80.965,	117.9197,	97.7309,	99.4712,	1000,	74.549,	176.7898,	91.8054],		
[31.1978,	32.8856,	71.1879,	44.6716,	46.9758,	24.9261,	74.549,	1000,	108.3524,	34.1155],		
[82.6637,	120.1414,	121.4214,	65.5233,	82.1338,	87.4116,	176.7898,	108.3524,	1000,	85.1678],		
[6.6888,	34.9844,	51.2905,	36.336,	13.2944,	34.3822,	91.8054,	34.1155,	85.1678,	1000]];		
											
kem	=	[336,	36.8349,	55.5788,	28.9168,	18.0703,	26.9037,	90.414,	29.9499,	79.3572,	6.4213];
											
											
								

kI = [0.0033,0.0193];
qS = [1,1];

d = [[[[6.43,6.96],[7.32,4.93],[5.11,2.27],[7.59,9.43],[2.03,1.24],[1.84,2.09],[2.85,3.06]],[[0.03,0.08],[0.04,0.14],[0.3,4.3],[1.39,0.08],[2.64,1.68],[3.42,0.02],[0.2,7.57]],[[0.17,0.35],[0,4.84],[0,0.82],[3.09,0.49],[0,8.06],[0,0],[0,0]],[[0,0],[0.05,1.95],[0.73,0],[0.01,0.27],[0,0.01],[0,0],[0.11,0.01]],[[2.14,5.18],[0.01,0.05],[0.72,0],[0.01,0.29],[0,0.85],[3.14,0.41],[0.12,0]],[[2.01,0.97],[0.38,1.87],[1.72,3.08],[0.02,0.05],[4.21,0.39],[1.32,13.14],[0.4,0.01]],[[0,2.44],[0.59,1.27],[0.5,1.3],[0,1.54],[0.53,0],[0,2.44],[0.17,0.03]],[[0.58,0],[0.37,0],[9.22,0.58],[9.71,0.58],[0,0],[0.15,3.45],[0.03,0.24]],[[1.69,4.54],[1.75,0],[0.36,1.3],[5.37,4.28],[0.04,1.44],[0.18,1.86],[0,0]],[[0,0],[0,0],[0,0],[0,0.07],[0,0],[0,0],[0,0]]],[[[4.86,8.23],[3.04,6.13],[4.62,3.65],[1.89,7.81],[2.61,0.99],[23.77,0.27],[3.41,0.08]],[[0.02,3.73],[1.44,4.92],[0.74,8.43],[3.5,2.1],[0,0.17],[0.48,0],[3.42,0.03]],[[0.2,0.62],[0,0.39],[0,0],[5.18,3.91],[0,0.01],[0.04,0],[0,0]],[[0.28,0],[0,0.66],[0,0],[2.67,9.8],[0,0],[1.1,0.07],[0,0]],[[0.34,0.06],[0.97,3.48],[0,2.34],[0.02,0],[1.52,0.07],[0.12,0],[0,0.15]],[[1.03,0.41],[0.81,0.22],[0.74,0.49],[0.01,0.01],[1.16,2.37],[0.01,0.01],[13.14,4.57]],[[0.1,1],[0,0],[0.11,0.01],[0.01,0.1],[1.58,0.15],[3.32,0],[0.85,0]],[[0.16,0],[0.76,0.02],[0.64,0],[0.97,0.09],[0.26,2.02],[0.03,0],[0,0]],[[0.56,7.68],[0.49,0.02],[0.14,0],[0.4,0.04],[6,3.04],[0.06,1.29],[7.93,0.11]],[[0,0],[0,0],[0,0],[0,0.35],[0,0.05],[0,0],[0,0]]],[[[3.85,2.42],[1.67,6.44],[4.5,7.35],[0.64,7.81],[2.88,2.35],[5.27,6.65],[0,20.95]],[[0,2.28],[2.45,0],[0.83,2.04],[1.31,13.47],[0.02,0],[0.01,0.78],[2.11,1.96]],[[2.51,0.02],[0.05,4.84],[0,0],[0.26,5.18],[0.01,0],[0,0],[0,0]],[[0,1.42],[0,0],[0,0.38],[0.16,0],[0,0],[0.01,0.02],[1.91,0]],[[0.56,0],[0.01,0.03],[0,0.11],[0,0.01],[0,0],[0,0.04],[0,0]],[[0,1.56],[0.03,8.67],[0.97,1.48],[0.71,0.85],[0.18,1.39],[0.01,3.89],[0.06,0.2]],[[0.18,0.58],[0,0.08],[0.01,2.44],[2.41,1.43],[0,0],[0.71,0],[0,6.13]],[[0,0],[0,1.43],[0.36,0.13],[0,0],[0.01,0.1],[4.99,0.01],[0.04,1.22]],[[0.63,0.46],[9.86,0.08],[0,0.05],[5.85,0.64],[1.96,2.85],[1.73,0.09],[0.22,3.99]],[[0,0],[0,0],[0,0],[0,0],[0,0],[0,0],[0,0]]]];

