Omegamax = 9;
Produkte = 3;
v = [2,2,1];
KS = 126;

KH	=	9;								
							
											
kS = [[1000,	61.0982,	135.3811,	125.4204,	136.6548,	117.0763,	56.9162,	31.051,	62.8976,	111.512],
[61.0982,	1000,	93.9225,	90.9353,	148.5481,	121.9531,	18.7415,	88.1098,	108.0461,	125.9754],
[135.3811,	93.9225,	1000,	17.3325,	119.2363,	93.723,	83.6537,	147.5133,	143.5935,	110.1599],
[125.4204,	90.9353,	17.3325,	1000,	102.3983,	76.5169,	77.8317,	134.7515,	128.243,	92.8303],
[136.6548,	148.5481,	119.2363,	102.3983,	1000,	28.1437,	129.8136,	121.5764,	90.0895,	25.1435],
[117.0763,	121.9531,	93.723,	76.5169,	28.1437,	1000,	103.2318,	107.2947,	81.5113,	18.9332],
[56.9162,	18.7415,	83.6537,	77.8317,	129.8136,	103.2318,	1000,	79.282,	94.1049,	107.3586],
[31.051,	88.1098,	147.5133,	134.7515,	121.5764,	107.2947,	79.282,	1000,	36.2807,	97.1766],
[62.8976,	108.0461,	143.5935,	128.243,	90.0895,	81.5113,	94.1049,	36.2807,	1000,	67.5128],
[111.512,	125.9754,	110.1599,	92.8303,	25.1435,	18.9332,	107.3586,	97.1766,	67.5128,	1000]];
									
kem = [336,	58.6543,	129.9659,	120.4035,	131.1886,	112.3933,	54.6396,	29.8089,	60.3817,	107.0515];
											
											
								

kI = [0.0033,0.0193,0.0514];
qS = [1,1,1];

d = [[[[6.43,9.3,3.09],[7.32,5.43,7.72],[5.11,10.68,7.77],[7.59,4.64,0.46],[2.03,0.64,14.1],[1.84,1.39,11.22],[2.85,3.41,0.57]],[[0.03,0.01,3.28],[0.04,0.85,1.17],[0.3,0,0.15],[1.39,1.87,0.91],[2.64,0,0.04],[3.42,0.01,1.81],[0.2,0.24,0]],[[0.17,0,0],[0,0,0],[0,0,0],[3.09,0.02,0],[0,5.36,0],[0,0.29,0.04],[0,0,0.99]],[[0,0.17,0],[0.05,1.77,0.02],[0.73,0,0],[0.01,0.27,0],[0,3.5,0.01],[0,0.19,0],[0.11,0,0.12]],[[2.14,0.92,1.79],[0.01,0,0.01],[0.72,0,0.92],[0.01,0.24,0],[0,0.02,0.01],[3.14,0,0],[0.12,0.03,0]],[[2.01,0.01,0.66],[0.38,0.36,4.11],[1.72,0.02,0],[0.02,3.92,1.26],[4.21,0,1.24],[1.32,0.02,1.41],[0.4,0.8,0.02]],[[0,2.44,0.4],[0.59,0.01,0.02],[0.5,0,0],[0,0.1,0.64],[0.53,0,7.77],[0,2.44,2.44],[0.17,0,0]],[[0.58,0.01,0],[0.37,0.04,0.83],[9.22,0,0],[9.71,1.33,0],[0,1.59,0],[0.15,0.02,0],[0.03,0,0]],[[1.69,0.01,0.03],[1.75,5.58,0.03],[0.36,0,4.88],[5.37,0,2.03],[0.04,0.05,0.25],[0.18,0.02,0],[0,1.29,3.39]],[[0,0,0],[0,0,0],[0,0,0],[0,0,0],[0,0,0],[0,0,0],[0,0,0]]],[[[4.86,3.65,2.04],[3.04,0.91,4.48],[4.62,8.23,0.87],[1.89,10.9,10.49],[2.61,4.92,10.3],[23.77,0.23,0.03],[3.41,2.96,18.99]],[[0.02,0.32,0.18],[1.44,0.03,0.4],[0.74,1.46,0.19],[3.5,1.31,5.11],[0,0.09,4.4],[0.48,16.47,0.02],[3.42,1.68,0.61]],[[0.2,0.05,0],[0,0,0],[0,0,0],[5.18,0,0.14],[0,0,0],[0.04,0,0.15],[0,0,0.65]],[[0.28,0.61,0.28],[0,0.02,0],[0,0.55,0],[2.67,0.61,0],[0,0.02,0],[1.1,5.07,0],[0,0,0]],[[0.34,0.01,1.17],[0.97,0.48,0.9],[0,0,0.15],[0.02,0,0.1],[1.52,1.52,0],[0.12,0,1.04],[0,0,0]],[[1.03,3.08,0.02],[0.81,0.07,7.67],[0.74,3.26,0.01],[0.01,0.9,0.19],[1.16,0.45,0.36],[0.01,0.18,0.86],[13.14,0,0.92]],[[0.1,0,0.58],[0,0.01,0],[0.11,0.02,1],[0.01,0.8,0.05],[1.58,0,1.58],[3.32,2,2.21],[0.85,0.71,4.69]],[[0.16,0.13,0],[0.76,0.12,5.23],[0.64,0.85,0],[0.97,0.09,0],[0.26,0,0],[0.03,0.05,0],[0,0.13,0.62]],[[0.56,0.22,1.3],[0.49,0.49,1.5],[0.14,0.23,0.18],[0.4,0.6,1.37],[6,0.11,3.04],[0.06,0.22,0.48],[7.93,0.52,0.06]],[[0,0,0],[0,0,0],[0,0,0],[0,0,0],[0,0,0],[0,0,0],[0,0,0]]],[[[3.85,17.33,7.77],[1.67,16.73,14.42],[4.5,0.49,11.55],[0.64,1.82,2.36],[2.88,3.69,2.52],[5.27,0.2,1.54],[0,20.95,0]],[[0,0.01,7.38],[2.45,0.76,12.15],[0.83,2.42,0.55],[1.31,0.45,2.38],[0.02,0.1,0],[0.01,0,0],[2.11,4.07,10.16]],[[2.51,0,0],[0.05,0.2,0],[0,0,0],[0.26,0.06,0],[0.01,0,0],[0,0,0],[0,0.08,1.52]],[[0,1.57,0.55],[0,0,0],[0,0,0],[0.16,9.8,0.02],[0,0.09,0],[0.01,0,0],[1.91,0,0.01]],[[0.56,0.56,2.14],[0.01,0,0.19],[0,1.64,0.66],[0,0.05,0.02],[0,0.24,0],[0,0,0.01],[0,0.1,2.42]],[[0,0.97,0.29],[0.03,0.9,0],[0.97,2.62,13.42],[0.71,0.02,0.9],[0.18,0,0],[0.01,0,0.12],[0.06,0,5.97]],[[0.18,0.37,3.99],[0,0.16,0.03],[0.01,1.6,1.3],[2.41,0.48,0.01],[0,0.07,0.09],[0.71,1.13,0],[0,0,0.03]],[[0,0,0.85],[0,0.49,0.49],[0.36,0.02,0],[0,0,0.23],[0.01,0,2.02],[4.99,0,0],[0.04,0.47,0.36]],[[0.63,1.6,0],[9.86,3.69,0.28],[0,0.08,0],[5.85,0.81,0.53],[1.96,0.15,0.49],[1.73,6.32,0.12],[0.22,0.56,3.13]],[[0,0,0],[0,0,0],[0,0,0],[0,0,0.02],[0,0,0],[0,0,0],[0,0,0]]],[[[6.96,2.27,4.06],[4.93,3.39,1.05],[2.27,9.01,5.37],[9.43,4.52,0.01],[1.24,2.61,4.52],[2.09,1.84,5.63],[3.06,0.1,10.74]],[[0.08,0.09,0.22],[0.14,0.01,0.12],[4.3,0.05,1.17],[0.08,0.86,0.01],[1.68,0.41,0.03],[0.02,0.37,1.44],[7.57,0,0.01]],[[0.35,0.62,0.11],[4.84,0.08,0],[0.82,0,0.02],[0.49,0,2.07],[8.06,0,2.04],[0,0,0.02],[0,0,0]],[[0,0,0.04],[1.95,0,0.02],[0,0.03,0.06],[0.27,0,0.14],[0.01,10.37,0],[0,0.25,0],[0.01,2.2,0]],[[5.18,0.24,0.05],[0.05,0.19,1.32],[0,0,0.01],[0.29,0,0.78],[0.85,0,0.07],[0.41,0.93,0.01],[0,0.06,0]],[[0.97,1.4,0.63],[1.87,0.05,4.99],[3.08,1.4,0.22],[0.05,0.16,0.33],[0.39,0,0.71],[13.14,0.09,0.01],[0.01,4.57,1.23]],[[2.44,0.03,0.11],[1.27,1.54,0.63],[1.3,0,0],[1.54,0.04,0.19],[0,0,0],[2.44,0.29,0],[0.03,0.24,0.06]],[[0,1.69,0.15],[0,0.01,0.03],[0.58,0.64,0],[0.58,0.79,0],[0,0,0],[3.45,0,0],[0.24,0.01,0]],[[4.54,4.23,0.03],[0,9.86,0.06],[1.3,0.06,0.71],[4.28,0,7.1],[1.44,0.15,2.51],[1.86,0.27,0.41],[0,0.01,0.66]],[[0,0,0],[0,0,0],[0,0,0.09],[0.07,0,0.01],[0,0,0],[0,0,0.59],[0,0,0]]],[[[8.23,12.62,4.06],[6.13,18.57,6.29],[3.65,4.06,4.98],[7.81,1.07,6.23],[0.99,3.27,17.21],[0.27,4.62,3.78],[0.08,1.06,2.27]],[[3.73,0.01,0.06],[4.92,0.95,6.41],[8.43,0,0.3],[2.1,0.01,0],[0.17,0,0.2],[0,1.24,0.34],[0.03,0.12,0.26]],[[0.62,2.09,7.3],[0.39,0,0],[0,0,0.15],[3.91,2.07,0.09],[0.01,0,0.01],[0,0,0],[0,0,0]],[[0,0,1.06],[0.66,0.01,0.05],[0,0,0.01],[9.8,2.67,0.61],[0,0,2.34],[0.07,8.19,0],[0,8.19,0]],[[0.06,0.52,0.04],[3.48,0.01,0.25],[2.34,0,0.22],[0,0.01,10.6],[0.07,0,0.58],[0,0,0.2],[0.15,0.01,3.61]],[[0.41,0.33,0],[0.22,4.11,0.46],[0.49,0.09,3.46],[0.01,0.11,0.09],[2.37,2.67,0.21],[0.01,1.32,1.52],[4.57,0,0.06]],[[1,0.17,0.1],[0,1.54,0.22],[0.01,1.3,0.02],[0.1,0.19,0.25],[0.15,0.41,0.07],[0,0.03,0],[0,2.44,0.11]],[[0,4.52,2.96],[0.02,0.41,0.17],[0,0.85,0],[0.09,0,0],[2.02,0,0],[0,0.62,0],[0,0.15,0]],[[7.68,2.92,0.03],[0.02,0,0],[0,0.99,0.29],[0.04,0,1.03],[3.04,0,3.04],[1.29,0.09,0.06],[0.11,2.31,0.18]],[[0,0,0.19],[0,0,0],[0,0,0],[0.35,0,0],[0.05,0,0],[0,0,0],[0,0,0]]],[[[2.42,5.8,3.55],[6.44,7.32,3.48],[7.35,0.16,6.96],[7.81,10.9,3.73],[2.35,3.58,21.14],[6.65,7.9,3.29],[20.95,2.55,4.62]],[[2.28,0,0.02],[0,0.54,0.06],[2.04,0.28,0.02],[13.47,0.48,0],[0,0.11,0.01],[0.78,0.01,0.18],[1.96,0.24,0.37]],[[0.02,0.05,0],[4.84,0.3,0.76],[0,0.31,0.13],[5.18,0,0],[0,0.99,0.07],[0,0,0],[0,0,0.05]],[[1.42,2.14,0.73],[0,5.29,0.55],[0.38,0,0],[0,0,0.01],[0,0.67,0.03],[0.02,0,0],[0,0.96,0]],[[0,2.58,0],[0.03,0.01,0.27],[0.11,3.52,0],[0.01,1.45,7.82],[0,0,1.25],[0.04,0,0],[0,4.19,0.02]],[[1.56,1.08,0.74],[8.67,4.99,0.09],[1.48,1.14,0.01],[0.85,0,0.95],[1.39,11.65,0],[3.89,0,0],[0.2,0,0]],[[0.58,0,0],[0.08,0.04,0],[2.44,0.12,0.02],[1.43,0.35,0.14],[0,0,0.38],[0,14.55,0],[6.13,0.12,0.01]],[[0,0.36,0.03],[1.43,0,0.09],[0.13,0,5.4],[0,3.4,0],[0.1,0,4.01],[0.01,0,0],[1.22,4.12,0.01]],[[0.46,2.21,0.01],[0.08,0.06,0.02],[0.05,0.41,2.33],[0.64,0.05,0],[2.85,0.39,0.83],[0.09,0.32,0.02],[3.99,16.93,0]],[[0,0,0],[0,0,0],[0,0,0],[0,0.01,0],[0,0,0],[0,0,0],[0,0,0]]],[[[3.18,2.75,6.11],[6.29,2.79,0.02],[4.17,3,3.65],[2.2,10.11,14.44],[4.79,1.18,3.47],[3.65,6.21,0.1],[0.2,2.85,5.27]],[[4.63,0.01,2.04],[0.2,0.15,0],[0.21,1.17,0.04],[0,0.11,0.09],[0,1.3,1.9],[0.01,0.04,4.07],[0.61,1.06,0.66]],[[0,3.06,0],[0,0,0],[0.01,0,3.06],[0,0,0],[3.99,3.99,0],[0,0,0],[1.22,0.02,1.91]],[[0.01,0,0.21],[0.05,2.66,0.02],[3.93,0,0.03],[1.69,0.55,2.67],[0.48,0.12,1.3],[0,2.56,0],[0.06,0,0.01]],[[0,0,0],[0.08,0,0],[0,0.61,0.47],[0,0,0.05],[0.03,1.38,0],[0.04,0.02,0],[0,0,1.67]],[[0.59,0.02,0.01],[1.78,0.21,1.1],[0.01,2.48,0.02],[0,0.04,0.14],[0,0.16,0.16],[0,3.09,0.99],[0.01,4.21,0.01]],[[0.02,6.19,0],[0.1,0.24,6.92],[0.01,3.65,0.37],[2.41,5.61,0],[0,0.11,0.02],[0.07,0.01,8.54],[2.21,1.65,0.11]],[[0.05,0,0],[0.03,1.08,0],[0.58,0.1,0],[1.84,0.48,0.39],[0,0,0],[0,0,0],[0.01,0.41,0.13]],[[5.27,0.22,0.36],[1,0,2.5],[0.01,13.12,0.49],[13.84,9.11,0],[0,0.39,1],[10.56,4.74,3.13],[0.29,0,2]],[[0,0,0],[0,0,0],[0,0,0.02],[0,0,0],[0,0,0],[0,0,0],[0,0,0]]],[[[3.85,0.36,4.74],[1.95,0.43,3.57],[8.73,0.68,1.82],[0.46,0.76,0.4],[2.03,0.13,8.65],[3.06,12.29,23.77],[9.89,0.27,5.81]],[[0.4,5.45,4],[0.01,0.8,0.27],[0.42,12.76,3.49],[10.44,0.13,2.23],[0,10.98,1.68],[0.09,5.4,0],[0,0.06,0.04]],[[0,0.2,0],[0.1,0.02,0.05],[0.06,0,0.03],[0.02,0.02,0],[0,0,0],[0,0,0],[0,0,0]],[[0.02,0,0],[0.07,2.99,6.54],[0,0,0],[0.06,0.82,1.52],[0,0,0],[1.44,0,0.84],[0,3.52,0.33]],[[0.84,2.14,0.66],[0.01,0.9,0],[0.11,0.26,1.08],[7.82,1.74,0],[0,0.03,0],[0.04,3.14,1.17],[0,4.91,0]],[[0.1,0.25,0.66],[1.1,0.69,0.07],[0.01,0.02,3.08],[0.28,0.26,2.89],[0.18,0.59,0.01],[0.04,5.97,0.02],[0.59,0.11,3.09]],[[2.11,2.44,0.05],[0.09,0,1.45],[0.12,0.47,0],[1.54,0,0.01],[0.03,2.58,0.01],[0.12,0,0.12],[0.04,1.03,0]],[[0.02,0.71,0.18],[0.37,0,0.17],[0,0,0.27],[0,2.97,0],[0,0.05,0],[0,0,0],[8.09,1.86,0]],[[0.13,0.41,0.13],[1.43,7.43,1.36],[10.29,1.88,0],[0,0,1.15],[4.31,0.02,0.03],[0,4.34,0.83],[0,0.83,0.01]],[[0,0,0.02],[0,0,0],[0,0,0],[0,0,0],[0,0.75,0],[0,0,0],[0,0.02,0]]],[[[0.36,5.51,0.74],[0.12,3.21,0.71],[4.17,0.81,11.55],[11.83,1.53,6.77],[5.84,0.53,8.65],[14.36,0.72,4.93],[0.13,7.36,5.1]],[[0,0.18,0.99],[0,3.48,1.23],[0.06,0.14,0.26],[0.06,1.98,0.71],[14.3,0.1,0.19],[0,0.01,5.4],[0,0.37,0.98]],[[0,0,0],[0.01,0.58,0.01],[0,0,0.01],[0,0,0],[0,0,0],[0,4.14,0],[0,0,0]],[[0.03,0,0.21],[0.02,0.17,0],[3.01,0,0],[0,0,0],[0,0,0],[0,0.16,0.56],[0,4.19,1.66]],[[0,0.16,0],[0.23,0.01,0.01],[0.06,5.18,0],[4.03,0.13,0.01],[0,0,0.11],[0,0.32,0.04],[0,0,0.03]],[[0.18,0.56,0],[0.24,4.67,5.8],[0.16,0.14,1.33],[0.01,7.35,1.06],[3.43,0.03,0.01],[0,0.02,0.01],[0,0.01,0.86]],[[0.06,0,0.37],[0.55,3.33,2.65],[0,0.18,0],[1.43,3.36,0.01],[0.14,0.48,0],[0,0,0],[0,0,2.69]],[[0,0,0.09],[0,0.01,0.49],[0,0,0],[0.2,0,0.97],[0.81,0.01,2.6],[0,0,0],[0.31,0.07,0.03]],[[1.37,0,3.28],[1.17,0,0.03],[5.71,0.02,13.12],[0,0.33,0.46],[0.03,0.21,0.68],[0.83,0.15,3.99],[0.01,0.03,6.32]],[[0.19,0,0],[0,0,0],[0,0,0],[0,0,0],[0,0,0],[0.01,0,0],[0,0,0]]]];

