Omegamax = 6;
Produkte = 5;
v = [2,2,1,1,1];
KS = 137.3;

KH	=	9;								
							
											
kS = [[1000,	61.0982,	135.3811,	125.4204,	136.6548,	117.0763,	56.9162,	31.051,	62.8976,	111.512],
[61.0982,	1000,	93.9225,	90.9353,	148.5481,	121.9531,	18.7415,	88.1098,	108.0461,	125.9754],
[135.3811,	93.9225,	1000,	17.3325,	119.2363,	93.723,	83.6537,	147.5133,	143.5935,	110.1599],
[125.4204,	90.9353,	17.3325,	1000,	102.3983,	76.5169,	77.8317,	134.7515,	128.243,	92.8303],
[136.6548,	148.5481,	119.2363,	102.3983,	1000,	28.1437,	129.8136,	121.5764,	90.0895,	25.1435],
[117.0763,	121.9531,	93.723,	76.5169,	28.1437,	1000,	103.2318,	107.2947,	81.5113,	18.9332],
[56.9162,	18.7415,	83.6537,	77.8317,	129.8136,	103.2318,	1000,	79.282,	94.1049,	107.3586],
[31.051,	88.1098,	147.5133,	134.7515,	121.5764,	107.2947,	79.282,	1000,	36.2807,	97.1766],
[62.8976,	108.0461,	143.5935,	128.243,	90.0895,	81.5113,	94.1049,	36.2807,	1000,	67.5128],
[111.512,	125.9754,	110.1599,	92.8303,	25.1435,	18.9332,	107.3586,	97.1766,	67.5128,	1000]];
									
kem = [336,	58.6543,	129.9659,	120.4035,	131.1886,	112.3933,	54.6396,	29.8089,	60.3817,	107.0515];
											
											
								

kI = [0.0033,0.0193,0.0514,0.1153,0.2933];
qS = [1,1,1,1,1];

d = [[[[6.43,3.18,2.27,3.09,6.11],[7.32,6.29,3.39,7.72,0.02],[5.11,4.17,9.01,7.77,3.65],[7.59,2.2,4.52,0.46,14.44],[2.03,4.79,2.61,14.1,3.47],[1.84,3.65,1.84,11.22,0.1],[2.85,0.2,0.1,0.57,5.27]],[[0.03,4.63,0.09,3.28,2.04],[0.04,0.2,0.01,1.17,0],[0.3,0.21,0.05,0.15,0.04],[1.39,0,0.86,0.91,0.09],[2.64,0,0.41,0.04,1.9],[3.42,0.01,0.37,1.81,4.07],[0.2,0.61,0,0,0.66]],[[0.17,0,0.62,0,0],[0,0,0.08,0,0],[0,0.01,0,0,3.06],[3.09,0,0,0,0],[0,3.99,0,0,0],[0,0,0,0.04,0],[0,1.22,0,0.99,1.91]],[[0,0.01,0,0,0.21],[0.05,0.05,0,0.02,0.02],[0.73,3.93,0.03,0,0.03],[0.01,1.69,0,0,2.67],[0,0.48,10.37,0.01,1.3],[0,0,0.25,0,0],[0.11,0.06,2.2,0.12,0.01]],[[2.14,0,0.24,1.79,0],[0.01,0.08,0.19,0.01,0],[0.72,0,0,0.92,0.47],[0.01,0,0,0,0.05],[0,0.03,0,0.01,0],[3.14,0.04,0.93,0,0],[0.12,0,0.06,0,1.67]],[[2.01,0.59,1.4,0.66,0.01],[0.38,1.78,0.05,4.11,1.1],[1.72,0.01,1.4,0,0.02],[0.02,0,0.16,1.26,0.14],[4.21,0,0,1.24,0.16],[1.32,0,0.09,1.41,0.99],[0.4,0.01,4.57,0.02,0.01]],[[0,0.02,0.03,0.4,0],[0.59,0.1,1.54,0.02,6.92],[0.5,0.01,0,0,0.37],[0,2.41,0.04,0.64,0],[0.53,0,0,7.77,0.02],[0,0.07,0.29,2.44,8.54],[0.17,2.21,0.24,0,0.11]],[[0.58,0.05,1.69,0,0],[0.37,0.03,0.01,0.83,0],[9.22,0.58,0.64,0,0],[9.71,1.84,0.79,0,0.39],[0,0,0,0,0],[0.15,0,0,0,0],[0.03,0.01,0.01,0,0.13]],[[1.69,5.27,4.23,0.03,0.36],[1.75,1,9.86,0.03,2.5],[0.36,0.01,0.06,4.88,0.49],[5.37,13.84,0,2.03,0],[0.04,0,0.15,0.25,1],[0.18,10.56,0.27,0,3.13],[0,0.29,0.01,3.39,2]],[[0,0,0,0,0],[0,0,0,0,0],[0,0,0,0,0.02],[0,0,0,0,0],[0,0,0,0,0],[0,0,0,0,0],[0,0,0,0,0]]],[[[4.86,3.85,12.62,2.04,4.74],[3.04,1.95,18.57,4.48,3.57],[4.62,8.73,4.06,0.87,1.82],[1.89,0.46,1.07,10.49,0.4],[2.61,2.03,3.27,10.3,8.65],[23.77,3.06,4.62,0.03,23.77],[3.41,9.89,1.06,18.99,5.81]],[[0.02,0.4,0.01,0.18,4],[1.44,0.01,0.95,0.4,0.27],[0.74,0.42,0,0.19,3.49],[3.5,10.44,0.01,5.11,2.23],[0,0,0,4.4,1.68],[0.48,0.09,1.24,0.02,0],[3.42,0,0.12,0.61,0.04]],[[0.2,0,2.09,0,0],[0,0.1,0,0,0.05],[0,0.06,0,0,0.03],[5.18,0.02,2.07,0.14,0],[0,0,0,0,0],[0.04,0,0,0.15,0],[0,0,0,0.65,0]],[[0.28,0.02,0,0.28,0],[0,0.07,0.01,0,6.54],[0,0,0,0,0],[2.67,0.06,2.67,0,1.52],[0,0,0,0,0],[1.1,1.44,8.19,0,0.84],[0,0,8.19,0,0.33]],[[0.34,0.84,0.52,1.17,0.66],[0.97,0.01,0.01,0.9,0],[0,0.11,0,0.15,1.08],[0.02,7.82,0.01,0.1,0],[1.52,0,0,0,0],[0.12,0.04,0,1.04,1.17],[0,0,0.01,0,0]],[[1.03,0.1,0.33,0.02,0.66],[0.81,1.1,4.11,7.67,0.07],[0.74,0.01,0.09,0.01,3.08],[0.01,0.28,0.11,0.19,2.89],[1.16,0.18,2.67,0.36,0.01],[0.01,0.04,1.32,0.86,0.02],[13.14,0.59,0,0.92,3.09]],[[0.1,2.11,0.17,0.58,0.05],[0,0.09,1.54,0,1.45],[0.11,0.12,1.3,1,0],[0.01,1.54,0.19,0.05,0.01],[1.58,0.03,0.41,1.58,0.01],[3.32,0.12,0.03,2.21,0.12],[0.85,0.04,2.44,4.69,0]],[[0.16,0.02,4.52,0,0.18],[0.76,0.37,0.41,5.23,0.17],[0.64,0,0.85,0,0.27],[0.97,0,0,0,0],[0.26,0,0,0,0],[0.03,0,0.62,0,0],[0,8.09,0.15,0.62,0]],[[0.56,0.13,2.92,1.3,0.13],[0.49,1.43,0,1.5,1.36],[0.14,10.29,0.99,0.18,0],[0.4,0,0,1.37,1.15],[6,4.31,0,3.04,0.03],[0.06,0,0.09,0.48,0.83],[7.93,0,2.31,0.06,0.01]],[[0,0,0,0,0.02],[0,0,0,0,0],[0,0,0,0,0],[0,0,0,0,0],[0,0,0,0,0],[0,0,0,0,0],[0,0,0,0,0]]],[[[3.85,0.36,5.8,7.77,0.74],[1.67,0.12,7.32,14.42,0.71],[4.5,4.17,0.16,11.55,11.55],[0.64,11.83,10.9,2.36,6.77],[2.88,5.84,3.58,2.52,8.65],[5.27,14.36,7.9,1.54,4.93],[0,0.13,2.55,0,5.1]],[[0,0,0,7.38,0.99],[2.45,0,0.54,12.15,1.23],[0.83,0.06,0.28,0.55,0.26],[1.31,0.06,0.48,2.38,0.71],[0.02,14.3,0.11,0,0.19],[0.01,0,0.01,0,5.4],[2.11,0,0.24,10.16,0.98]],[[2.51,0,0.05,0,0],[0.05,0.01,0.3,0,0.01],[0,0,0.31,0,0.01],[0.26,0,0,0,0],[0.01,0,0.99,0,0],[0,0,0,0,0],[0,0,0,1.52,0]],[[0,0.03,2.14,0.55,0.21],[0,0.02,5.29,0,0],[0,3.01,0,0,0],[0.16,0,0,0.02,0],[0,0,0.67,0,0],[0.01,0,0,0,0.56],[1.91,0,0.96,0.01,1.66]],[[0.56,0,2.58,2.14,0],[0.01,0.23,0.01,0.19,0.01],[0,0.06,3.52,0.66,0],[0,4.03,1.45,0.02,0.01],[0,0,0,0,0.11],[0,0,0,0.01,0.04],[0,0,4.19,2.42,0.03]],[[0,0.18,1.08,0.29,0],[0.03,0.24,4.99,0,5.8],[0.97,0.16,1.14,13.42,1.33],[0.71,0.01,0,0.9,1.06],[0.18,3.43,11.65,0,0.01],[0.01,0,0,0.12,0.01],[0.06,0,0,5.97,0.86]],[[0.18,0.06,0,3.99,0.37],[0,0.55,0.04,0.03,2.65],[0.01,0,0.12,1.3,0],[2.41,1.43,0.35,0.01,0.01],[0,0.14,0,0.09,0],[0.71,0,14.55,0,0],[0,0,0.12,0.03,2.69]],[[0,0,0.36,0.85,0.09],[0,0,0,0.49,0.49],[0.36,0,0,0,0],[0,0.2,3.4,0.23,0.97],[0.01,0.81,0,2.02,2.6],[4.99,0,0,0,0],[0.04,0.31,4.12,0.36,0.03]],[[0.63,1.37,2.21,0,3.28],[9.86,1.17,0.06,0.28,0.03],[0,5.71,0.41,0,13.12],[5.85,0,0.05,0.53,0.46],[1.96,0.03,0.39,0.49,0.68],[1.73,0.83,0.32,0.12,3.99],[0.22,0.01,16.93,3.13,6.32]],[[0,0.19,0,0,0],[0,0,0,0,0],[0,0,0,0,0],[0,0,0.01,0.02,0],[0,0,0,0,0],[0,0.01,0,0,0],[0,0,0,0,0]]],[[[6.96,9.3,2.75,4.06,2.92],[4.93,5.43,2.79,1.05,3.86],[2.27,10.68,3,5.37,0.43],[9.43,4.64,10.11,0.01,5.6],[1.24,0.64,1.18,4.52,0],[2.09,1.39,6.21,5.63,1.46],[3.06,3.41,2.85,10.74,0]],[[0.08,0.01,0.01,0.22,0.03],[0.14,0.85,0.15,0.12,0.01],[4.3,0,1.17,1.17,0.01],[0.08,1.87,0.11,0.01,10.44],[1.68,0,1.3,0.03,1.57],[0.02,0.01,0.04,1.44,0.01],[7.57,0.24,1.06,0.01,0]],[[0.35,0,3.06,0.11,0.17],[4.84,0,0,0,0.01],[0.82,0,0,0.02,5],[0.49,0.02,0,2.07,0.19],[8.06,5.36,3.99,2.04,0.01],[0,0.29,0,0.02,0],[0,0,0.02,0,0]],[[0,0.17,0,0.04,1.57],[1.95,1.77,2.66,0.02,0.15],[0,0,0,0.06,0.01],[0.27,0.27,0.55,0.14,0.37],[0.01,3.5,0.12,0,0.01],[0,0.19,2.56,0,0],[0.01,0,0,0,0]],[[5.18,0.92,0,0.05,0.03],[0.05,0,0,1.32,1.32],[0,0,0.61,0.01,0],[0.29,0.24,0,0.78,0.24],[0.85,0.02,1.38,0.07,0.16],[0.41,0,0.02,0.01,0.08],[0,0.03,0,0,0]],[[0.97,0.01,0.02,0.63,0.1],[1.87,0.36,0.21,4.99,0.41],[3.08,0.02,2.48,0.22,3.67],[0.05,3.92,0.04,0.33,0.01],[0.39,0,0.16,0.71,0.16],[13.14,0.02,3.09,0.01,0.01],[0.01,0.8,4.21,1.23,4.98]],[[2.44,2.44,6.19,0.11,0],[1.27,0.01,0.24,0.63,0.01],[1.3,0,3.65,0,0],[1.54,0.1,5.61,0.19,0],[0,0,0.11,0,0.85],[2.44,2.44,0.01,0,0],[0.03,0,1.65,0.06,3.32]],[[0,0.01,0,0.15,0],[0,0.04,1.08,0.03,0.83],[0.58,0,0.1,0,5.4],[0.58,1.33,0.48,0,0.1],[0,1.59,0,0,0],[3.45,0.02,0,0,0],[0.24,0,0.41,0,0.05]],[[4.54,0.01,0.22,0.03,2.33],[0,5.58,0,0.06,7.43],[1.3,0,13.12,0.71,0.08],[4.28,0,9.11,7.1,0],[1.44,0.05,0.39,2.51,0.06],[1.86,0.02,4.74,0.41,0.03],[0,1.29,0,0.66,0.22]],[[0,0,0,0,0.19],[0,0,0,0,0],[0,0,0,0.09,0],[0.07,0,0,0.01,0],[0,0,0,0,0],[0,0,0,0.59,0],[0,0,0,0,0]]],[[[8.23,3.65,0.36,4.06,6.43],[6.13,0.91,0.43,6.29,1.25],[3.65,8.23,0.68,4.98,6.27],[7.81,10.9,0.76,6.23,4.4],[0.99,4.92,0.13,17.21,7.61],[0.27,0.23,12.29,3.78,0.67],[0.08,2.96,0.27,2.27,8.49]],[[3.73,0.32,5.45,0.06,1.24],[4.92,0.03,0.8,6.41,0.72],[8.43,1.46,12.76,0.3,1.17],[2.1,1.31,0.13,0,0],[0.17,0.09,10.98,0.2,3.25],[0,16.47,5.4,0.34,0],[0.03,1.68,0.06,0.26,0.02]],[[0.62,0.05,0.2,7.3,1.11],[0.39,0,0.02,0,0.3],[0,0,0,0.15,2.09],[3.91,0,0.02,0.09,0.01],[0.01,0,0,0.01,0],[0,0,0,0,0],[0,0,0,0,0]],[[0,0.61,0,1.06,0],[0.66,0.02,2.99,0.05,0],[0,0.55,0,0.01,0],[9.8,0.61,0.82,0.61,4],[0,0.02,0,2.34,0.15],[0.07,5.07,0,0,0],[0,0,3.52,0,0.22]],[[0.06,0.01,2.14,0.04,1.27],[3.48,0.48,0.9,0.25,0.07],[2.34,0,0.26,0.22,0.47],[0,0,1.74,10.6,0],[0.07,1.52,0.03,0.58,4.09],[0,0,3.14,0.2,0.01],[0.15,0,4.91,3.61,12.87]],[[0.41,3.08,0.25,0,0.16],[0.22,0.07,0.69,0.46,7.67],[0.49,3.26,0.02,3.46,0.16],[0.01,0.9,0.26,0.09,0.75],[2.37,0.45,0.59,0.21,0],[0.01,0.18,5.97,1.52,0.43],[4.57,0,0.11,0.06,0.22]],[[1,0,2.44,0.1,0.4],[0,0.01,0,0.22,0],[0.01,0.02,0.47,0.02,1.6],[0.1,0.8,0,0.25,7.46],[0.15,0,2.58,0.07,0.06],[0,2,0,0,0],[0,0.71,1.03,0.11,0.32]],[[0,0.13,0.71,2.96,0],[0.02,0.12,0,0.17,0],[0,0.85,0,0,1.03],[0.09,0.09,2.97,0,0.12],[2.02,0,0.05,0,0.01],[0,0.05,0,0,8.09],[0,0.13,1.86,0,0.04]],[[7.68,0.22,0.41,0.03,3.09],[0.02,0.49,7.43,0,0.15],[0,0.23,1.88,0.29,0.1],[0.04,0.6,0,1.03,13.84],[3.04,0.11,0.02,3.04,11.35],[1.29,0.22,4.34,0.06,0],[0.11,0.52,0.83,0.18,0.11]],[[0,0,0,0.19,0],[0,0,0,0,0],[0,0,0,0,0],[0.35,0,0,0,0],[0.05,0,0.75,0,0],[0,0,0,0,0],[0,0,0.02,0,0]]],[[[2.42,17.33,5.51,3.55,0.49],[6.44,16.73,3.21,3.48,2.88],[7.35,0.49,0.81,6.96,4.28],[7.81,1.82,1.53,3.73,6.77],[2.35,3.69,0.53,21.14,1.87],[6.65,0.2,0.72,3.29,4.62],[20.95,20.95,7.36,4.62,1.06]],[[2.28,0.01,0.18,0.02,0.02],[0,0.76,3.48,0.06,0.07],[2.04,2.42,0.14,0.02,3.73],[13.47,0.45,1.98,0,0],[0,0.1,0.1,0.01,0.72],[0.78,0,0.01,0.18,0],[1.96,4.07,0.37,0.37,0.72]],[[0.02,0,0,0,0],[4.84,0.2,0.58,0.76,0],[0,0,0,0.13,0],[5.18,0.06,0,0,0],[0,0,0,0.07,0],[0,0,4.14,0,0],[0,0.08,0,0.05,0.01]],[[1.42,1.57,0,0.73,0],[0,0,0.17,0.55,0],[0.38,0,0,0,6.8],[0,9.8,0,0.01,0],[0,0.09,0,0.03,0.02],[0.02,0,0.16,0,6.3],[0,0,4.19,0,0.09]],[[0,0.56,0.16,0,0.02],[0.03,0,0.01,0.27,5.04],[0.11,1.64,5.18,0,3.16],[0.01,0.05,0.13,7.82,0.07],[0,0.24,0,1.25,0.08],[0.04,0,0.32,0,0.01],[0,0.1,0,0.02,0.15]],[[1.56,0.97,0.56,0.74,0.7],[8.67,0.9,4.67,0.09,1.04],[1.48,2.62,0.14,0.01,0.11],[0.85,0.02,7.35,0.95,1.01],[1.39,0,0.03,0,0.12],[3.89,0,0.02,0,0.64],[0.2,0,0.01,0,0.11]],[[0.58,0.37,0,0,0.04],[0.08,0.16,3.33,0,0.77],[2.44,1.6,0.18,0.02,0.22],[1.43,0.48,3.36,0.14,0.12],[0,0.07,0.48,0.38,0.07],[0,1.13,0,0,0],[6.13,0,0,0.01,2.44]],[[0,0,0,0.03,0],[1.43,0.49,0.01,0.09,0.44],[0.13,0.02,0,5.4,0.16],[0,0,0,0,2.06],[0.1,0,0.01,4.01,5.77],[0.01,0,0,0,0.1],[1.22,0.47,0.07,0.01,0]],[[0.46,1.6,0,0.01,0.27],[0.08,3.69,0,0.02,0],[0.05,0.08,0.02,2.33,1.78],[0.64,0.81,0.33,0,3.73],[2.85,0.15,0.21,0.83,14.69],[0.09,6.32,0.15,0.02,0.14],[3.99,0.56,0.03,0,0.32]],[[0,0,0,0,0.86],[0,0,0,0,0],[0,0,0,0,0],[0,0,0,0,0],[0,0,0,0,0],[0,0,0,0,0],[0,0,0,0,0]]]];

