Omegamax = 4;
Produkte = 3;
v = [2,2,1];
KS = 126;

KH	=	9;								
							
											
kS = [[1000,	100.3154,	67.9336,	78.6797,	66.2313,	39.1673,	15.8027,	29.5922,	86.2152,	73.4044],
[100.3154,	1000,	74.3155,	63.6129,	52.5148,	75.8219,	84.5888,	108.1348,	29.2909,	64.5159],
[67.9336,	74.3155,	1000,	15.2169,	22.6999,	29.2509,	57.317,	53.6605,	45.899,	11.1019],
[78.6797,	63.6129,	15.2169,	1000,	18.5917,	39.5901,	66.206,	67.7875,	34.3532,	5.3364],
[66.2313,	52.5148,	22.6999,	18.5917,	1000,	29.6067,	52.0814,	62.0716,	25.8883,	15.7955],
[39.1673,	75.8219,	29.2509,	39.5901,	29.6067,	1000,	28.1405,	33.0635,	53.8425,	34.2857],
[15.8027,	84.5888,	57.317,	66.206,	52.0814,	28.1405,	1000,	34.0634,	70.7486,	61.0963],
[29.5922,	108.1348,	53.6605,	67.7875,	62.0716,	33.0635,	34.0634,	1000,	86.8817,	62.6072],
[86.2152,	29.2909,	45.899,	34.3532,	25.8883,	53.8425,	70.7486,	86.8817,	1000,	35.5839],
[73.4044,	64.5159,	11.1019,	5.3364,	15.7955,	34.2857,	61.0963,	62.6072,	35.5839,	1000]];
									
kem = [336,	96.3028,	65.2162,	75.5325,	63.582,	37.6006,	15.1706,	28.4085,	82.7666,	70.4682];
										
											
								

kI = [0.0033,0.0193,0.0514];
qS = [1,1,1];

d = [[[[6.43,8.23,0.36],[7.32,6.13,0.12],[5.11,3.65,4.17],[7.59,7.81,11.83],[2.03,0.99,5.84],[1.84,0.27,14.36],[2.85,0.08,0.13]],[[0.03,3.73,0],[0.04,4.92,0],[0.3,8.43,0.06],[1.39,2.1,0.06],[2.64,0.17,14.3],[3.42,0,0],[0.2,0.03,0]],[[0.17,0.62,0],[0,0.39,0.01],[0,0,0],[3.09,3.91,0],[0,0.01,0],[0,0,0],[0,0,0]],[[0,0,0.03],[0.05,0.66,0.02],[0.73,0,3.01],[0.01,9.8,0],[0,0,0],[0,0.07,0],[0.11,0,0]],[[2.14,0.06,0],[0.01,3.48,0.23],[0.72,2.34,0.06],[0.01,0,4.03],[0,0.07,0],[3.14,0,0],[0.12,0.15,0]],[[2.01,0.41,0.18],[0.38,0.22,0.24],[1.72,0.49,0.16],[0.02,0.01,0.01],[4.21,2.37,3.43],[1.32,0.01,0],[0.4,4.57,0]],[[0,1,0.06],[0.59,0,0.55],[0.5,0.01,0],[0,0.1,1.43],[0.53,0.15,0.14],[0,0,0],[0.17,0,0]],[[0.58,0,0],[0.37,0.02,0],[9.22,0,0],[9.71,0.09,0.2],[0,2.02,0.81],[0.15,0,0],[0.03,0,0.31]],[[1.69,7.68,1.37],[1.75,0.02,1.17],[0.36,0,5.71],[5.37,0.04,0],[0.04,3.04,0.03],[0.18,1.29,0.83],[0,0.11,0.01]],[[0,0,0.19],[0,0,0],[0,0,0],[0,0.35,0],[0,0.05,0],[0,0,0.01],[0,0,0]]],[[[4.86,2.42,9.3],[3.04,6.44,5.43],[4.62,7.35,10.68],[1.89,7.81,4.64],[2.61,2.35,0.64],[23.77,6.65,1.39],[3.41,20.95,3.41]],[[0.02,2.28,0.01],[1.44,0,0.85],[0.74,2.04,0],[3.5,13.47,1.87],[0,0,0],[0.48,0.78,0.01],[3.42,1.96,0.24]],[[0.2,0.02,0],[0,4.84,0],[0,0,0],[5.18,5.18,0.02],[0,0,5.36],[0.04,0,0.29],[0,0,0]],[[0.28,1.42,0.17],[0,0,1.77],[0,0.38,0],[2.67,0,0.27],[0,0,3.5],[1.1,0.02,0.19],[0,0,0]],[[0.34,0,0.92],[0.97,0.03,0],[0,0.11,0],[0.02,0.01,0.24],[1.52,0,0.02],[0.12,0.04,0],[0,0,0.03]],[[1.03,1.56,0.01],[0.81,8.67,0.36],[0.74,1.48,0.02],[0.01,0.85,3.92],[1.16,1.39,0],[0.01,3.89,0.02],[13.14,0.2,0.8]],[[0.1,0.58,2.44],[0,0.08,0.01],[0.11,2.44,0],[0.01,1.43,0.1],[1.58,0,0],[3.32,0,2.44],[0.85,6.13,0]],[[0.16,0,0.01],[0.76,1.43,0.04],[0.64,0.13,0],[0.97,0,1.33],[0.26,0.1,1.59],[0.03,0.01,0.02],[0,1.22,0]],[[0.56,0.46,0.01],[0.49,0.08,5.58],[0.14,0.05,0],[0.4,0.64,0],[6,2.85,0.05],[0.06,0.09,0.02],[7.93,3.99,1.29]],[[0,0,0],[0,0,0],[0,0,0],[0,0,0],[0,0,0],[0,0,0],[0,0,0]]],[[[3.85,3.18,3.65],[1.67,6.29,0.91],[4.5,4.17,8.23],[0.64,2.2,10.9],[2.88,4.79,4.92],[5.27,3.65,0.23],[0,0.2,2.96]],[[0,4.63,0.32],[2.45,0.2,0.03],[0.83,0.21,1.46],[1.31,0,1.31],[0.02,0,0.09],[0.01,0.01,16.47],[2.11,0.61,1.68]],[[2.51,0,0.05],[0.05,0,0],[0,0.01,0],[0.26,0,0],[0.01,3.99,0],[0,0,0],[0,1.22,0]],[[0,0.01,0.61],[0,0.05,0.02],[0,3.93,0.55],[0.16,1.69,0.61],[0,0.48,0.02],[0.01,0,5.07],[1.91,0.06,0]],[[0.56,0,0.01],[0.01,0.08,0.48],[0,0,0],[0,0,0],[0,0.03,1.52],[0,0.04,0],[0,0,0]],[[0,0.59,3.08],[0.03,1.78,0.07],[0.97,0.01,3.26],[0.71,0,0.9],[0.18,0,0.45],[0.01,0,0.18],[0.06,0.01,0]],[[0.18,0.02,0],[0,0.1,0.01],[0.01,0.01,0.02],[2.41,2.41,0.8],[0,0,0],[0.71,0.07,2],[0,2.21,0.71]],[[0,0.05,0.13],[0,0.03,0.12],[0.36,0.58,0.85],[0,1.84,0.09],[0.01,0,0],[4.99,0,0.05],[0.04,0.01,0.13]],[[0.63,5.27,0.22],[9.86,1,0.49],[0,0.01,0.23],[5.85,13.84,0.6],[1.96,0,0.11],[1.73,10.56,0.22],[0.22,0.29,0.52]],[[0,0,0],[0,0,0],[0,0,0],[0,0,0],[0,0,0],[0,0,0],[0,0,0]]],[[[6.96,3.85,17.33],[4.93,1.95,16.73],[2.27,8.73,0.49],[9.43,0.46,1.82],[1.24,2.03,3.69],[2.09,3.06,0.2],[3.06,9.89,20.95]],[[0.08,0.4,0.01],[0.14,0.01,0.76],[4.3,0.42,2.42],[0.08,10.44,0.45],[1.68,0,0.1],[0.02,0.09,0],[7.57,0,4.07]],[[0.35,0,0],[4.84,0.1,0.2],[0.82,0.06,0],[0.49,0.02,0.06],[8.06,0,0],[0,0,0],[0,0,0.08]],[[0,0.02,1.57],[1.95,0.07,0],[0,0,0],[0.27,0.06,9.8],[0.01,0,0.09],[0,1.44,0],[0.01,0,0]],[[5.18,0.84,0.56],[0.05,0.01,0],[0,0.11,1.64],[0.29,7.82,0.05],[0.85,0,0.24],[0.41,0.04,0],[0,0,0.1]],[[0.97,0.1,0.97],[1.87,1.1,0.9],[3.08,0.01,2.62],[0.05,0.28,0.02],[0.39,0.18,0],[13.14,0.04,0],[0.01,0.59,0]],[[2.44,2.11,0.37],[1.27,0.09,0.16],[1.3,0.12,1.6],[1.54,1.54,0.48],[0,0.03,0.07],[2.44,0.12,1.13],[0.03,0.04,0]],[[0,0.02,0],[0,0.37,0.49],[0.58,0,0.02],[0.58,0,0],[0,0,0],[3.45,0,0],[0.24,8.09,0.47]],[[4.54,0.13,1.6],[0,1.43,3.69],[1.3,10.29,0.08],[4.28,0,0.81],[1.44,4.31,0.15],[1.86,0,6.32],[0,0,0.56]],[[0,0,0],[0,0,0],[0,0,0],[0.07,0,0],[0,0,0],[0,0,0],[0,0,0]]]];

