Omegamax = 9;
Produkte = 2;
v = [2,2];
KS = 117;

KH	=	9;								
							
											
kS = [[1000,	57.2372,	67.818,	71.0382,	113.7826,	113.8788,	58.1284,	11.8263,	18.415,	123.4198],
[57.2372,	1000,	46.2746,	90.4893,	109.4487,	63.9478,	85.5736,	67.1704,	61.1488,	79.4736],
[67.818,	46.2746,	1000,	55.0772,	63.2108,	56.2776,	57.2214,	71.1569,	58.0168,	58.8204],
[71.0382,	90.4893,	55.0772,	1000,	51.2275,	109.1766,	14.9386,	64.9797,	52.6937,	105.6924],
[113.7826,	109.4487,	63.2108,	51.2275,	1000,	95.8549,	65.6871,	110.9154,	97.0091,	82.8634],
[113.8788,	63.9478,	56.2776,	109.1766,	95.8549,	1000,	113.2514,	120.7053,	109.6557,	21.205],
[58.1284,	85.5736,	57.2214,	14.9386,	65.6871,	113.2514,	1000,	51.0286,	39.7368,	112.4334],
[11.8263,	67.1704,	71.1569,	64.9797,	110.9154,	120.7053,	51.0286,	1000,	14.2461,	128.6299],
[18.415,	61.1488,	58.0168,	52.6937,	97.0091,	109.6557,	39.7368,	14.2461,	1000,	116.2309],
[123.4198,	79.4736,	58.8204,	105.6924,	82.8634,	21.205,	112.4334,	128.6299,	116.2309,	1000]];
									
kem = [336,	54.9478,	65.1053,	68.1967,	109.2313,	109.3237,	55.8032,	11.3532,	17.6784,	118.4831];
											
											
								

kI = [0.0033,0.0193];
qS = [1,1];

d = [[[[6.43,9.3],[7.32,5.43],[5.11,10.68],[7.59,4.64],[2.03,0.64],[1.84,1.39],[2.85,3.41]],[[0.03,0.01],[0.04,0.85],[0.3,0],[1.39,1.87],[2.64,0],[3.42,0.01],[0.2,0.24]],[[0.17,0],[0,0],[0,0],[3.09,0.02],[0,5.36],[0,0.29],[0,0]],[[0,0.17],[0.05,1.77],[0.73,0],[0.01,0.27],[0,3.5],[0,0.19],[0.11,0]],[[2.14,0.92],[0.01,0],[0.72,0],[0.01,0.24],[0,0.02],[3.14,0],[0.12,0.03]],[[2.01,0.01],[0.38,0.36],[1.72,0.02],[0.02,3.92],[4.21,0],[1.32,0.02],[0.4,0.8]],[[0,2.44],[0.59,0.01],[0.5,0],[0,0.1],[0.53,0],[0,2.44],[0.17,0]],[[0.58,0.01],[0.37,0.04],[9.22,0],[9.71,1.33],[0,1.59],[0.15,0.02],[0.03,0]],[[1.69,0.01],[1.75,5.58],[0.36,0],[5.37,0],[0.04,0.05],[0.18,0.02],[0,1.29]],[[0,0],[0,0],[0,0],[0,0],[0,0],[0,0],[0,0]]],[[[4.86,3.65],[3.04,0.91],[4.62,8.23],[1.89,10.9],[2.61,4.92],[23.77,0.23],[3.41,2.96]],[[0.02,0.32],[1.44,0.03],[0.74,1.46],[3.5,1.31],[0,0.09],[0.48,16.47],[3.42,1.68]],[[0.2,0.05],[0,0],[0,0],[5.18,0],[0,0],[0.04,0],[0,0]],[[0.28,0.61],[0,0.02],[0,0.55],[2.67,0.61],[0,0.02],[1.1,5.07],[0,0]],[[0.34,0.01],[0.97,0.48],[0,0],[0.02,0],[1.52,1.52],[0.12,0],[0,0]],[[1.03,3.08],[0.81,0.07],[0.74,3.26],[0.01,0.9],[1.16,0.45],[0.01,0.18],[13.14,0]],[[0.1,0],[0,0.01],[0.11,0.02],[0.01,0.8],[1.58,0],[3.32,2],[0.85,0.71]],[[0.16,0.13],[0.76,0.12],[0.64,0.85],[0.97,0.09],[0.26,0],[0.03,0.05],[0,0.13]],[[0.56,0.22],[0.49,0.49],[0.14,0.23],[0.4,0.6],[6,0.11],[0.06,0.22],[7.93,0.52]],[[0,0],[0,0],[0,0],[0,0],[0,0],[0,0],[0,0]]],[[[3.85,17.33],[1.67,16.73],[4.5,0.49],[0.64,1.82],[2.88,3.69],[5.27,0.2],[0,20.95]],[[0,0.01],[2.45,0.76],[0.83,2.42],[1.31,0.45],[0.02,0.1],[0.01,0],[2.11,4.07]],[[2.51,0],[0.05,0.2],[0,0],[0.26,0.06],[0.01,0],[0,0],[0,0.08]],[[0,1.57],[0,0],[0,0],[0.16,9.8],[0,0.09],[0.01,0],[1.91,0]],[[0.56,0.56],[0.01,0],[0,1.64],[0,0.05],[0,0.24],[0,0],[0,0.1]],[[0,0.97],[0.03,0.9],[0.97,2.62],[0.71,0.02],[0.18,0],[0.01,0],[0.06,0]],[[0.18,0.37],[0,0.16],[0.01,1.6],[2.41,0.48],[0,0.07],[0.71,1.13],[0,0]],[[0,0],[0,0.49],[0.36,0.02],[0,0],[0.01,0],[4.99,0],[0.04,0.47]],[[0.63,1.6],[9.86,3.69],[0,0.08],[5.85,0.81],[1.96,0.15],[1.73,6.32],[0.22,0.56]],[[0,0],[0,0],[0,0],[0,0],[0,0],[0,0],[0,0]]],[[[6.96,2.27],[4.93,3.39],[2.27,9.01],[9.43,4.52],[1.24,2.61],[2.09,1.84],[3.06,0.1]],[[0.08,0.09],[0.14,0.01],[4.3,0.05],[0.08,0.86],[1.68,0.41],[0.02,0.37],[7.57,0]],[[0.35,0.62],[4.84,0.08],[0.82,0],[0.49,0],[8.06,0],[0,0],[0,0]],[[0,0],[1.95,0],[0,0.03],[0.27,0],[0.01,10.37],[0,0.25],[0.01,2.2]],[[5.18,0.24],[0.05,0.19],[0,0],[0.29,0],[0.85,0],[0.41,0.93],[0,0.06]],[[0.97,1.4],[1.87,0.05],[3.08,1.4],[0.05,0.16],[0.39,0],[13.14,0.09],[0.01,4.57]],[[2.44,0.03],[1.27,1.54],[1.3,0],[1.54,0.04],[0,0],[2.44,0.29],[0.03,0.24]],[[0,1.69],[0,0.01],[0.58,0.64],[0.58,0.79],[0,0],[3.45,0],[0.24,0.01]],[[4.54,4.23],[0,9.86],[1.3,0.06],[4.28,0],[1.44,0.15],[1.86,0.27],[0,0.01]],[[0,0],[0,0],[0,0],[0.07,0],[0,0],[0,0],[0,0]]],[[[8.23,12.62],[6.13,18.57],[3.65,4.06],[7.81,1.07],[0.99,3.27],[0.27,4.62],[0.08,1.06]],[[3.73,0.01],[4.92,0.95],[8.43,0],[2.1,0.01],[0.17,0],[0,1.24],[0.03,0.12]],[[0.62,2.09],[0.39,0],[0,0],[3.91,2.07],[0.01,0],[0,0],[0,0]],[[0,0],[0.66,0.01],[0,0],[9.8,2.67],[0,0],[0.07,8.19],[0,8.19]],[[0.06,0.52],[3.48,0.01],[2.34,0],[0,0.01],[0.07,0],[0,0],[0.15,0.01]],[[0.41,0.33],[0.22,4.11],[0.49,0.09],[0.01,0.11],[2.37,2.67],[0.01,1.32],[4.57,0]],[[1,0.17],[0,1.54],[0.01,1.3],[0.1,0.19],[0.15,0.41],[0,0.03],[0,2.44]],[[0,4.52],[0.02,0.41],[0,0.85],[0.09,0],[2.02,0],[0,0.62],[0,0.15]],[[7.68,2.92],[0.02,0],[0,0.99],[0.04,0],[3.04,0],[1.29,0.09],[0.11,2.31]],[[0,0],[0,0],[0,0],[0.35,0],[0.05,0],[0,0],[0,0]]],[[[2.42,5.8],[6.44,7.32],[7.35,0.16],[7.81,10.9],[2.35,3.58],[6.65,7.9],[20.95,2.55]],[[2.28,0],[0,0.54],[2.04,0.28],[13.47,0.48],[0,0.11],[0.78,0.01],[1.96,0.24]],[[0.02,0.05],[4.84,0.3],[0,0.31],[5.18,0],[0,0.99],[0,0],[0,0]],[[1.42,2.14],[0,5.29],[0.38,0],[0,0],[0,0.67],[0.02,0],[0,0.96]],[[0,2.58],[0.03,0.01],[0.11,3.52],[0.01,1.45],[0,0],[0.04,0],[0,4.19]],[[1.56,1.08],[8.67,4.99],[1.48,1.14],[0.85,0],[1.39,11.65],[3.89,0],[0.2,0]],[[0.58,0],[0.08,0.04],[2.44,0.12],[1.43,0.35],[0,0],[0,14.55],[6.13,0.12]],[[0,0.36],[1.43,0],[0.13,0],[0,3.4],[0.1,0],[0.01,0],[1.22,4.12]],[[0.46,2.21],[0.08,0.06],[0.05,0.41],[0.64,0.05],[2.85,0.39],[0.09,0.32],[3.99,16.93]],[[0,0],[0,0],[0,0],[0,0.01],[0,0],[0,0],[0,0]]],[[[3.18,2.75],[6.29,2.79],[4.17,3],[2.2,10.11],[4.79,1.18],[3.65,6.21],[0.2,2.85]],[[4.63,0.01],[0.2,0.15],[0.21,1.17],[0,0.11],[0,1.3],[0.01,0.04],[0.61,1.06]],[[0,3.06],[0,0],[0.01,0],[0,0],[3.99,3.99],[0,0],[1.22,0.02]],[[0.01,0],[0.05,2.66],[3.93,0],[1.69,0.55],[0.48,0.12],[0,2.56],[0.06,0]],[[0,0],[0.08,0],[0,0.61],[0,0],[0.03,1.38],[0.04,0.02],[0,0]],[[0.59,0.02],[1.78,0.21],[0.01,2.48],[0,0.04],[0,0.16],[0,3.09],[0.01,4.21]],[[0.02,6.19],[0.1,0.24],[0.01,3.65],[2.41,5.61],[0,0.11],[0.07,0.01],[2.21,1.65]],[[0.05,0],[0.03,1.08],[0.58,0.1],[1.84,0.48],[0,0],[0,0],[0.01,0.41]],[[5.27,0.22],[1,0],[0.01,13.12],[13.84,9.11],[0,0.39],[10.56,4.74],[0.29,0]],[[0,0],[0,0],[0,0],[0,0],[0,0],[0,0],[0,0]]],[[[3.85,0.36],[1.95,0.43],[8.73,0.68],[0.46,0.76],[2.03,0.13],[3.06,12.29],[9.89,0.27]],[[0.4,5.45],[0.01,0.8],[0.42,12.76],[10.44,0.13],[0,10.98],[0.09,5.4],[0,0.06]],[[0,0.2],[0.1,0.02],[0.06,0],[0.02,0.02],[0,0],[0,0],[0,0]],[[0.02,0],[0.07,2.99],[0,0],[0.06,0.82],[0,0],[1.44,0],[0,3.52]],[[0.84,2.14],[0.01,0.9],[0.11,0.26],[7.82,1.74],[0,0.03],[0.04,3.14],[0,4.91]],[[0.1,0.25],[1.1,0.69],[0.01,0.02],[0.28,0.26],[0.18,0.59],[0.04,5.97],[0.59,0.11]],[[2.11,2.44],[0.09,0],[0.12,0.47],[1.54,0],[0.03,2.58],[0.12,0],[0.04,1.03]],[[0.02,0.71],[0.37,0],[0,0],[0,2.97],[0,0.05],[0,0],[8.09,1.86]],[[0.13,0.41],[1.43,7.43],[10.29,1.88],[0,0],[4.31,0.02],[0,4.34],[0,0.83]],[[0,0],[0,0],[0,0],[0,0],[0,0.75],[0,0],[0,0.02]]],[[[0.36,5.51],[0.12,3.21],[4.17,0.81],[11.83,1.53],[5.84,0.53],[14.36,0.72],[0.13,7.36]],[[0,0.18],[0,3.48],[0.06,0.14],[0.06,1.98],[14.3,0.1],[0,0.01],[0,0.37]],[[0,0],[0.01,0.58],[0,0],[0,0],[0,0],[0,4.14],[0,0]],[[0.03,0],[0.02,0.17],[3.01,0],[0,0],[0,0],[0,0.16],[0,4.19]],[[0,0.16],[0.23,0.01],[0.06,5.18],[4.03,0.13],[0,0],[0,0.32],[0,0]],[[0.18,0.56],[0.24,4.67],[0.16,0.14],[0.01,7.35],[3.43,0.03],[0,0.02],[0,0.01]],[[0.06,0],[0.55,3.33],[0,0.18],[1.43,3.36],[0.14,0.48],[0,0],[0,0]],[[0,0],[0,0.01],[0,0],[0.2,0],[0.81,0.01],[0,0],[0.31,0.07]],[[1.37,0],[1.17,0],[5.71,0.02],[0,0.33],[0.03,0.21],[0.83,0.15],[0.01,0.03]],[[0.19,0],[0,0],[0,0],[0,0],[0,0],[0.01,0],[0,0]]]];

