Omegamax = 1;
Produkte = 4;
v = [2,2,1,1];
KS = 132.8;

KH	=	9;								
							
											
kS = [[1000,	57.2372,	67.818,	71.0382,	113.7826,	113.8788,	58.1284,	11.8263,	18.415,	123.4198],
[57.2372,	1000,	46.2746,	90.4893,	109.4487,	63.9478,	85.5736,	67.1704,	61.1488,	79.4736],
[67.818,	46.2746,	1000,	55.0772,	63.2108,	56.2776,	57.2214,	71.1569,	58.0168,	58.8204],
[71.0382,	90.4893,	55.0772,	1000,	51.2275,	109.1766,	14.9386,	64.9797,	52.6937,	105.6924],
[113.7826,	109.4487,	63.2108,	51.2275,	1000,	95.8549,	65.6871,	110.9154,	97.0091,	82.8634],
[113.8788,	63.9478,	56.2776,	109.1766,	95.8549,	1000,	113.2514,	120.7053,	109.6557,	21.205],
[58.1284,	85.5736,	57.2214,	14.9386,	65.6871,	113.2514,	1000,	51.0286,	39.7368,	112.4334],
[11.8263,	67.1704,	71.1569,	64.9797,	110.9154,	120.7053,	51.0286,	1000,	14.2461,	128.6299],
[18.415,	61.1488,	58.0168,	52.6937,	97.0091,	109.6557,	39.7368,	14.2461,	1000,	116.2309],
[123.4198,	79.4736,	58.8204,	105.6924,	82.8634,	21.205,	112.4334,	128.6299,	116.2309,	1000]];
									
kem = [336,	54.9478,	65.1053,	68.1967,	109.2313,	109.3237,	55.8032,	11.3532,	17.6784,	118.4831];
											
											
								

kI = [0.0033,0.0193,0.0514,0.1153];
qS = [1,1,1,1];

d = [[[[6.43,4.86,3.85,6.96],[7.32,3.04,1.67,4.93],[5.11,4.62,4.5,2.27],[7.59,1.89,0.64,9.43],[2.03,2.61,2.88,1.24],[1.84,23.77,5.27,2.09],[2.85,3.41,0,3.06]],[[0.03,0.02,0,0.08],[0.04,1.44,2.45,0.14],[0.3,0.74,0.83,4.3],[1.39,3.5,1.31,0.08],[2.64,0,0.02,1.68],[3.42,0.48,0.01,0.02],[0.2,3.42,2.11,7.57]],[[0.17,0.2,2.51,0.35],[0,0,0.05,4.84],[0,0,0,0.82],[3.09,5.18,0.26,0.49],[0,0,0.01,8.06],[0,0.04,0,0],[0,0,0,0]],[[0,0.28,0,0],[0.05,0,0,1.95],[0.73,0,0,0],[0.01,2.67,0.16,0.27],[0,0,0,0.01],[0,1.1,0.01,0],[0.11,0,1.91,0.01]],[[2.14,0.34,0.56,5.18],[0.01,0.97,0.01,0.05],[0.72,0,0,0],[0.01,0.02,0,0.29],[0,1.52,0,0.85],[3.14,0.12,0,0.41],[0.12,0,0,0]],[[2.01,1.03,0,0.97],[0.38,0.81,0.03,1.87],[1.72,0.74,0.97,3.08],[0.02,0.01,0.71,0.05],[4.21,1.16,0.18,0.39],[1.32,0.01,0.01,13.14],[0.4,13.14,0.06,0.01]],[[0,0.1,0.18,2.44],[0.59,0,0,1.27],[0.5,0.11,0.01,1.3],[0,0.01,2.41,1.54],[0.53,1.58,0,0],[0,3.32,0.71,2.44],[0.17,0.85,0,0.03]],[[0.58,0.16,0,0],[0.37,0.76,0,0],[9.22,0.64,0.36,0.58],[9.71,0.97,0,0.58],[0,0.26,0.01,0],[0.15,0.03,4.99,3.45],[0.03,0,0.04,0.24]],[[1.69,0.56,0.63,4.54],[1.75,0.49,9.86,0],[0.36,0.14,0,1.3],[5.37,0.4,5.85,4.28],[0.04,6,1.96,1.44],[0.18,0.06,1.73,1.86],[0,7.93,0.22,0]],[[0,0,0,0],[0,0,0,0],[0,0,0,0],[0,0,0,0.07],[0,0,0,0],[0,0,0,0],[0,0,0,0]]]];

