Omegamax = 8;
Produkte = 2;
v = [2,2];
KS = 117;

KH	=	9;								
							
											
kS = [[1000,	61.0982,	135.3811,	125.4204,	136.6548,	117.0763,	56.9162,	31.051,	62.8976,	111.512],
[61.0982,	1000,	93.9225,	90.9353,	148.5481,	121.9531,	18.7415,	88.1098,	108.0461,	125.9754],
[135.3811,	93.9225,	1000,	17.3325,	119.2363,	93.723,	83.6537,	147.5133,	143.5935,	110.1599],
[125.4204,	90.9353,	17.3325,	1000,	102.3983,	76.5169,	77.8317,	134.7515,	128.243,	92.8303],
[136.6548,	148.5481,	119.2363,	102.3983,	1000,	28.1437,	129.8136,	121.5764,	90.0895,	25.1435],
[117.0763,	121.9531,	93.723,	76.5169,	28.1437,	1000,	103.2318,	107.2947,	81.5113,	18.9332],
[56.9162,	18.7415,	83.6537,	77.8317,	129.8136,	103.2318,	1000,	79.282,	94.1049,	107.3586],
[31.051,	88.1098,	147.5133,	134.7515,	121.5764,	107.2947,	79.282,	1000,	36.2807,	97.1766],
[62.8976,	108.0461,	143.5935,	128.243,	90.0895,	81.5113,	94.1049,	36.2807,	1000,	67.5128],
[111.512,	125.9754,	110.1599,	92.8303,	25.1435,	18.9332,	107.3586,	97.1766,	67.5128,	1000]];
									
kem = [336,	58.6543,	129.9659,	120.4035,	131.1886,	112.3933,	54.6396,	29.8089,	60.3817,	107.0515];
											
											
								

kI = [0.0033,0.0193];
qS = [1,1];

d = [[[[6.43,0.36],[7.32,0.12],[5.11,4.17],[7.59,11.83],[2.03,5.84],[1.84,14.36],[2.85,0.13]],[[0.03,0],[0.04,0],[0.3,0.06],[1.39,0.06],[2.64,14.3],[3.42,0],[0.2,0]],[[0.17,0],[0,0.01],[0,0],[3.09,0],[0,0],[0,0],[0,0]],[[0,0.03],[0.05,0.02],[0.73,3.01],[0.01,0],[0,0],[0,0],[0.11,0]],[[2.14,0],[0.01,0.23],[0.72,0.06],[0.01,4.03],[0,0],[3.14,0],[0.12,0]],[[2.01,0.18],[0.38,0.24],[1.72,0.16],[0.02,0.01],[4.21,3.43],[1.32,0],[0.4,0]],[[0,0.06],[0.59,0.55],[0.5,0],[0,1.43],[0.53,0.14],[0,0],[0.17,0]],[[0.58,0],[0.37,0],[9.22,0],[9.71,0.2],[0,0.81],[0.15,0],[0.03,0.31]],[[1.69,1.37],[1.75,1.17],[0.36,5.71],[5.37,0],[0.04,0.03],[0.18,0.83],[0,0.01]],[[0,0.19],[0,0],[0,0],[0,0],[0,0],[0,0.01],[0,0]]],[[[4.86,9.3],[3.04,5.43],[4.62,10.68],[1.89,4.64],[2.61,0.64],[23.77,1.39],[3.41,3.41]],[[0.02,0.01],[1.44,0.85],[0.74,0],[3.5,1.87],[0,0],[0.48,0.01],[3.42,0.24]],[[0.2,0],[0,0],[0,0],[5.18,0.02],[0,5.36],[0.04,0.29],[0,0]],[[0.28,0.17],[0,1.77],[0,0],[2.67,0.27],[0,3.5],[1.1,0.19],[0,0]],[[0.34,0.92],[0.97,0],[0,0],[0.02,0.24],[1.52,0.02],[0.12,0],[0,0.03]],[[1.03,0.01],[0.81,0.36],[0.74,0.02],[0.01,3.92],[1.16,0],[0.01,0.02],[13.14,0.8]],[[0.1,2.44],[0,0.01],[0.11,0],[0.01,0.1],[1.58,0],[3.32,2.44],[0.85,0]],[[0.16,0.01],[0.76,0.04],[0.64,0],[0.97,1.33],[0.26,1.59],[0.03,0.02],[0,0]],[[0.56,0.01],[0.49,5.58],[0.14,0],[0.4,0],[6,0.05],[0.06,0.02],[7.93,1.29]],[[0,0],[0,0],[0,0],[0,0],[0,0],[0,0],[0,0]]],[[[3.85,3.65],[1.67,0.91],[4.5,8.23],[0.64,10.9],[2.88,4.92],[5.27,0.23],[0,2.96]],[[0,0.32],[2.45,0.03],[0.83,1.46],[1.31,1.31],[0.02,0.09],[0.01,16.47],[2.11,1.68]],[[2.51,0.05],[0.05,0],[0,0],[0.26,0],[0.01,0],[0,0],[0,0]],[[0,0.61],[0,0.02],[0,0.55],[0.16,0.61],[0,0.02],[0.01,5.07],[1.91,0]],[[0.56,0.01],[0.01,0.48],[0,0],[0,0],[0,1.52],[0,0],[0,0]],[[0,3.08],[0.03,0.07],[0.97,3.26],[0.71,0.9],[0.18,0.45],[0.01,0.18],[0.06,0]],[[0.18,0],[0,0.01],[0.01,0.02],[2.41,0.8],[0,0],[0.71,2],[0,0.71]],[[0,0.13],[0,0.12],[0.36,0.85],[0,0.09],[0.01,0],[4.99,0.05],[0.04,0.13]],[[0.63,0.22],[9.86,0.49],[0,0.23],[5.85,0.6],[1.96,0.11],[1.73,0.22],[0.22,0.52]],[[0,0],[0,0],[0,0],[0,0],[0,0],[0,0],[0,0]]],[[[6.96,17.33],[4.93,16.73],[2.27,0.49],[9.43,1.82],[1.24,3.69],[2.09,0.2],[3.06,20.95]],[[0.08,0.01],[0.14,0.76],[4.3,2.42],[0.08,0.45],[1.68,0.1],[0.02,0],[7.57,4.07]],[[0.35,0],[4.84,0.2],[0.82,0],[0.49,0.06],[8.06,0],[0,0],[0,0.08]],[[0,1.57],[1.95,0],[0,0],[0.27,9.8],[0.01,0.09],[0,0],[0.01,0]],[[5.18,0.56],[0.05,0],[0,1.64],[0.29,0.05],[0.85,0.24],[0.41,0],[0,0.1]],[[0.97,0.97],[1.87,0.9],[3.08,2.62],[0.05,0.02],[0.39,0],[13.14,0],[0.01,0]],[[2.44,0.37],[1.27,0.16],[1.3,1.6],[1.54,0.48],[0,0.07],[2.44,1.13],[0.03,0]],[[0,0],[0,0.49],[0.58,0.02],[0.58,0],[0,0],[3.45,0],[0.24,0.47]],[[4.54,1.6],[0,3.69],[1.3,0.08],[4.28,0.81],[1.44,0.15],[1.86,6.32],[0,0.56]],[[0,0],[0,0],[0,0],[0.07,0],[0,0],[0,0],[0,0]]],[[[8.23,2.27],[6.13,3.39],[3.65,9.01],[7.81,4.52],[0.99,2.61],[0.27,1.84],[0.08,0.1]],[[3.73,0.09],[4.92,0.01],[8.43,0.05],[2.1,0.86],[0.17,0.41],[0,0.37],[0.03,0]],[[0.62,0.62],[0.39,0.08],[0,0],[3.91,0],[0.01,0],[0,0],[0,0]],[[0,0],[0.66,0],[0,0.03],[9.8,0],[0,10.37],[0.07,0.25],[0,2.2]],[[0.06,0.24],[3.48,0.19],[2.34,0],[0,0],[0.07,0],[0,0.93],[0.15,0.06]],[[0.41,1.4],[0.22,0.05],[0.49,1.4],[0.01,0.16],[2.37,0],[0.01,0.09],[4.57,4.57]],[[1,0.03],[0,1.54],[0.01,0],[0.1,0.04],[0.15,0],[0,0.29],[0,0.24]],[[0,1.69],[0.02,0.01],[0,0.64],[0.09,0.79],[2.02,0],[0,0],[0,0.01]],[[7.68,4.23],[0.02,9.86],[0,0.06],[0.04,0],[3.04,0.15],[1.29,0.27],[0.11,0.01]],[[0,0],[0,0],[0,0],[0.35,0],[0.05,0],[0,0],[0,0]]],[[[2.42,12.62],[6.44,18.57],[7.35,4.06],[7.81,1.07],[2.35,3.27],[6.65,4.62],[20.95,1.06]],[[2.28,0.01],[0,0.95],[2.04,0],[13.47,0.01],[0,0],[0.78,1.24],[1.96,0.12]],[[0.02,2.09],[4.84,0],[0,0],[5.18,2.07],[0,0],[0,0],[0,0]],[[1.42,0],[0,0.01],[0.38,0],[0,2.67],[0,0],[0.02,8.19],[0,8.19]],[[0,0.52],[0.03,0.01],[0.11,0],[0.01,0.01],[0,0],[0.04,0],[0,0.01]],[[1.56,0.33],[8.67,4.11],[1.48,0.09],[0.85,0.11],[1.39,2.67],[3.89,1.32],[0.2,0]],[[0.58,0.17],[0.08,1.54],[2.44,1.3],[1.43,0.19],[0,0.41],[0,0.03],[6.13,2.44]],[[0,4.52],[1.43,0.41],[0.13,0.85],[0,0],[0.1,0],[0.01,0.62],[1.22,0.15]],[[0.46,2.92],[0.08,0],[0.05,0.99],[0.64,0],[2.85,0],[0.09,0.09],[3.99,2.31]],[[0,0],[0,0],[0,0],[0,0],[0,0],[0,0],[0,0]]],[[[3.18,5.8],[6.29,7.32],[4.17,0.16],[2.2,10.9],[4.79,3.58],[3.65,7.9],[0.2,2.55]],[[4.63,0],[0.2,0.54],[0.21,0.28],[0,0.48],[0,0.11],[0.01,0.01],[0.61,0.24]],[[0,0.05],[0,0.3],[0.01,0.31],[0,0],[3.99,0.99],[0,0],[1.22,0]],[[0.01,2.14],[0.05,5.29],[3.93,0],[1.69,0],[0.48,0.67],[0,0],[0.06,0.96]],[[0,2.58],[0.08,0.01],[0,3.52],[0,1.45],[0.03,0],[0.04,0],[0,4.19]],[[0.59,1.08],[1.78,4.99],[0.01,1.14],[0,0],[0,11.65],[0,0],[0.01,0]],[[0.02,0],[0.1,0.04],[0.01,0.12],[2.41,0.35],[0,0],[0.07,14.55],[2.21,0.12]],[[0.05,0.36],[0.03,0],[0.58,0],[1.84,3.4],[0,0],[0,0],[0.01,4.12]],[[5.27,2.21],[1,0.06],[0.01,0.41],[13.84,0.05],[0,0.39],[10.56,0.32],[0.29,16.93]],[[0,0],[0,0],[0,0],[0,0.01],[0,0],[0,0],[0,0]]],[[[3.85,2.75],[1.95,2.79],[8.73,3],[0.46,10.11],[2.03,1.18],[3.06,6.21],[9.89,2.85]],[[0.4,0.01],[0.01,0.15],[0.42,1.17],[10.44,0.11],[0,1.3],[0.09,0.04],[0,1.06]],[[0,3.06],[0.1,0],[0.06,0],[0.02,0],[0,3.99],[0,0],[0,0.02]],[[0.02,0],[0.07,2.66],[0,0],[0.06,0.55],[0,0.12],[1.44,2.56],[0,0]],[[0.84,0],[0.01,0],[0.11,0.61],[7.82,0],[0,1.38],[0.04,0.02],[0,0]],[[0.1,0.02],[1.1,0.21],[0.01,2.48],[0.28,0.04],[0.18,0.16],[0.04,3.09],[0.59,4.21]],[[2.11,6.19],[0.09,0.24],[0.12,3.65],[1.54,5.61],[0.03,0.11],[0.12,0.01],[0.04,1.65]],[[0.02,0],[0.37,1.08],[0,0.1],[0,0.48],[0,0],[0,0],[8.09,0.41]],[[0.13,0.22],[1.43,0],[10.29,13.12],[0,9.11],[4.31,0.39],[0,4.74],[0,0]],[[0,0],[0,0],[0,0],[0,0],[0,0],[0,0],[0,0]]]];

