Omegamax = 1;
Produkte = 1;
v = [2];
KS = 90;

KH	=	9;								
							
											
kS = [[1000,	100.3154,	67.9336,	78.6797,	66.2313,	39.1673,	15.8027,	29.5922,	86.2152,	73.4044],
[100.3154,	1000,	74.3155,	63.6129,	52.5148,	75.8219,	84.5888,	108.1348,	29.2909,	64.5159],
[67.9336,	74.3155,	1000,	15.2169,	22.6999,	29.2509,	57.317,	53.6605,	45.899,	11.1019],
[78.6797,	63.6129,	15.2169,	1000,	18.5917,	39.5901,	66.206,	67.7875,	34.3532,	5.3364],
[66.2313,	52.5148,	22.6999,	18.5917,	1000,	29.6067,	52.0814,	62.0716,	25.8883,	15.7955],
[39.1673,	75.8219,	29.2509,	39.5901,	29.6067,	1000,	28.1405,	33.0635,	53.8425,	34.2857],
[15.8027,	84.5888,	57.317,	66.206,	52.0814,	28.1405,	1000,	34.0634,	70.7486,	61.0963],
[29.5922,	108.1348,	53.6605,	67.7875,	62.0716,	33.0635,	34.0634,	1000,	86.8817,	62.6072],
[86.2152,	29.2909,	45.899,	34.3532,	25.8883,	53.8425,	70.7486,	86.8817,	1000,	35.5839],
[73.4044,	64.5159,	11.1019,	5.3364,	15.7955,	34.2857,	61.0963,	62.6072,	35.5839,	1000]];
									
kem = [336,	96.3028,	65.2162,	75.5325,	63.582,	37.6006,	15.1706,	28.4085,	82.7666,	70.4682];
										
											
								

kI = [0.0033];
qS = [1];

d = [[[[6.43],[7.32],[5.11],[7.59],[2.03],[1.84],[2.85]],[[0.03],[0.04],[0.3],[1.39],[2.64],[3.42],[0.2]],[[0.17],[0],[0],[3.09],[0],[0],[0]],[[0],[0.05],[0.73],[0.01],[0],[0],[0.11]],[[2.14],[0.01],[0.72],[0.01],[0],[3.14],[0.12]],[[2.01],[0.38],[1.72],[0.02],[4.21],[1.32],[0.4]],[[0],[0.59],[0.5],[0],[0.53],[0],[0.17]],[[0.58],[0.37],[9.22],[9.71],[0],[0.15],[0.03]],[[1.69],[1.75],[0.36],[5.37],[0.04],[0.18],[0]],[[0],[0],[0],[0],[0],[0],[0]]]];

