Omegamax = 2;
Produkte = 2;
v = [2,2];
KS = 117;

KH	=	9;								
							
											
kS = [[1000,	61.0982,	135.3811,	125.4204,	136.6548,	117.0763,	56.9162,	31.051,	62.8976,	111.512],
[61.0982,	1000,	93.9225,	90.9353,	148.5481,	121.9531,	18.7415,	88.1098,	108.0461,	125.9754],
[135.3811,	93.9225,	1000,	17.3325,	119.2363,	93.723,	83.6537,	147.5133,	143.5935,	110.1599],
[125.4204,	90.9353,	17.3325,	1000,	102.3983,	76.5169,	77.8317,	134.7515,	128.243,	92.8303],
[136.6548,	148.5481,	119.2363,	102.3983,	1000,	28.1437,	129.8136,	121.5764,	90.0895,	25.1435],
[117.0763,	121.9531,	93.723,	76.5169,	28.1437,	1000,	103.2318,	107.2947,	81.5113,	18.9332],
[56.9162,	18.7415,	83.6537,	77.8317,	129.8136,	103.2318,	1000,	79.282,	94.1049,	107.3586],
[31.051,	88.1098,	147.5133,	134.7515,	121.5764,	107.2947,	79.282,	1000,	36.2807,	97.1766],
[62.8976,	108.0461,	143.5935,	128.243,	90.0895,	81.5113,	94.1049,	36.2807,	1000,	67.5128],
[111.512,	125.9754,	110.1599,	92.8303,	25.1435,	18.9332,	107.3586,	97.1766,	67.5128,	1000]];
									
kem = [336,	58.6543,	129.9659,	120.4035,	131.1886,	112.3933,	54.6396,	29.8089,	60.3817,	107.0515];
											
											
								

kI = [0.0033,0.0193];
qS = [1,1];

d = [[[[6.43,3.85],[7.32,1.67],[5.11,4.5],[7.59,0.64],[2.03,2.88],[1.84,5.27],[2.85,0]],[[0.03,0],[0.04,2.45],[0.3,0.83],[1.39,1.31],[2.64,0.02],[3.42,0.01],[0.2,2.11]],[[0.17,2.51],[0,0.05],[0,0],[3.09,0.26],[0,0.01],[0,0],[0,0]],[[0,0],[0.05,0],[0.73,0],[0.01,0.16],[0,0],[0,0.01],[0.11,1.91]],[[2.14,0.56],[0.01,0.01],[0.72,0],[0.01,0],[0,0],[3.14,0],[0.12,0]],[[2.01,0],[0.38,0.03],[1.72,0.97],[0.02,0.71],[4.21,0.18],[1.32,0.01],[0.4,0.06]],[[0,0.18],[0.59,0],[0.5,0.01],[0,2.41],[0.53,0],[0,0.71],[0.17,0]],[[0.58,0],[0.37,0],[9.22,0.36],[9.71,0],[0,0.01],[0.15,4.99],[0.03,0.04]],[[1.69,0.63],[1.75,9.86],[0.36,0],[5.37,5.85],[0.04,1.96],[0.18,1.73],[0,0.22]],[[0,0],[0,0],[0,0],[0,0],[0,0],[0,0],[0,0]]],[[[4.86,6.96],[3.04,4.93],[4.62,2.27],[1.89,9.43],[2.61,1.24],[23.77,2.09],[3.41,3.06]],[[0.02,0.08],[1.44,0.14],[0.74,4.3],[3.5,0.08],[0,1.68],[0.48,0.02],[3.42,7.57]],[[0.2,0.35],[0,4.84],[0,0.82],[5.18,0.49],[0,8.06],[0.04,0],[0,0]],[[0.28,0],[0,1.95],[0,0],[2.67,0.27],[0,0.01],[1.1,0],[0,0.01]],[[0.34,5.18],[0.97,0.05],[0,0],[0.02,0.29],[1.52,0.85],[0.12,0.41],[0,0]],[[1.03,0.97],[0.81,1.87],[0.74,3.08],[0.01,0.05],[1.16,0.39],[0.01,13.14],[13.14,0.01]],[[0.1,2.44],[0,1.27],[0.11,1.3],[0.01,1.54],[1.58,0],[3.32,2.44],[0.85,0.03]],[[0.16,0],[0.76,0],[0.64,0.58],[0.97,0.58],[0.26,0],[0.03,3.45],[0,0.24]],[[0.56,4.54],[0.49,0],[0.14,1.3],[0.4,4.28],[6,1.44],[0.06,1.86],[7.93,0]],[[0,0],[0,0],[0,0],[0,0.07],[0,0],[0,0],[0,0]]]];

