Omegamax = 3;
Produkte = 3;
v = [2,2,1];
KS = 126;

KH	=	9;								
							
											
kS = [[1000,	100.3154,	67.9336,	78.6797,	66.2313,	39.1673,	15.8027,	29.5922,	86.2152,	73.4044],
[100.3154,	1000,	74.3155,	63.6129,	52.5148,	75.8219,	84.5888,	108.1348,	29.2909,	64.5159],
[67.9336,	74.3155,	1000,	15.2169,	22.6999,	29.2509,	57.317,	53.6605,	45.899,	11.1019],
[78.6797,	63.6129,	15.2169,	1000,	18.5917,	39.5901,	66.206,	67.7875,	34.3532,	5.3364],
[66.2313,	52.5148,	22.6999,	18.5917,	1000,	29.6067,	52.0814,	62.0716,	25.8883,	15.7955],
[39.1673,	75.8219,	29.2509,	39.5901,	29.6067,	1000,	28.1405,	33.0635,	53.8425,	34.2857],
[15.8027,	84.5888,	57.317,	66.206,	52.0814,	28.1405,	1000,	34.0634,	70.7486,	61.0963],
[29.5922,	108.1348,	53.6605,	67.7875,	62.0716,	33.0635,	34.0634,	1000,	86.8817,	62.6072],
[86.2152,	29.2909,	45.899,	34.3532,	25.8883,	53.8425,	70.7486,	86.8817,	1000,	35.5839],
[73.4044,	64.5159,	11.1019,	5.3364,	15.7955,	34.2857,	61.0963,	62.6072,	35.5839,	1000]];
									
kem = [336,	96.3028,	65.2162,	75.5325,	63.582,	37.6006,	15.1706,	28.4085,	82.7666,	70.4682];
										
											
								

kI = [0.0033,0.0193,0.0514];
qS = [1,1,1];

d = [[[[6.43,6.96,3.18],[7.32,4.93,6.29],[5.11,2.27,4.17],[7.59,9.43,2.2],[2.03,1.24,4.79],[1.84,2.09,3.65],[2.85,3.06,0.2]],[[0.03,0.08,4.63],[0.04,0.14,0.2],[0.3,4.3,0.21],[1.39,0.08,0],[2.64,1.68,0],[3.42,0.02,0.01],[0.2,7.57,0.61]],[[0.17,0.35,0],[0,4.84,0],[0,0.82,0.01],[3.09,0.49,0],[0,8.06,3.99],[0,0,0],[0,0,1.22]],[[0,0,0.01],[0.05,1.95,0.05],[0.73,0,3.93],[0.01,0.27,1.69],[0,0.01,0.48],[0,0,0],[0.11,0.01,0.06]],[[2.14,5.18,0],[0.01,0.05,0.08],[0.72,0,0],[0.01,0.29,0],[0,0.85,0.03],[3.14,0.41,0.04],[0.12,0,0]],[[2.01,0.97,0.59],[0.38,1.87,1.78],[1.72,3.08,0.01],[0.02,0.05,0],[4.21,0.39,0],[1.32,13.14,0],[0.4,0.01,0.01]],[[0,2.44,0.02],[0.59,1.27,0.1],[0.5,1.3,0.01],[0,1.54,2.41],[0.53,0,0],[0,2.44,0.07],[0.17,0.03,2.21]],[[0.58,0,0.05],[0.37,0,0.03],[9.22,0.58,0.58],[9.71,0.58,1.84],[0,0,0],[0.15,3.45,0],[0.03,0.24,0.01]],[[1.69,4.54,5.27],[1.75,0,1],[0.36,1.3,0.01],[5.37,4.28,13.84],[0.04,1.44,0],[0.18,1.86,10.56],[0,0,0.29]],[[0,0,0],[0,0,0],[0,0,0],[0,0.07,0],[0,0,0],[0,0,0],[0,0,0]]],[[[4.86,8.23,3.85],[3.04,6.13,1.95],[4.62,3.65,8.73],[1.89,7.81,0.46],[2.61,0.99,2.03],[23.77,0.27,3.06],[3.41,0.08,9.89]],[[0.02,3.73,0.4],[1.44,4.92,0.01],[0.74,8.43,0.42],[3.5,2.1,10.44],[0,0.17,0],[0.48,0,0.09],[3.42,0.03,0]],[[0.2,0.62,0],[0,0.39,0.1],[0,0,0.06],[5.18,3.91,0.02],[0,0.01,0],[0.04,0,0],[0,0,0]],[[0.28,0,0.02],[0,0.66,0.07],[0,0,0],[2.67,9.8,0.06],[0,0,0],[1.1,0.07,1.44],[0,0,0]],[[0.34,0.06,0.84],[0.97,3.48,0.01],[0,2.34,0.11],[0.02,0,7.82],[1.52,0.07,0],[0.12,0,0.04],[0,0.15,0]],[[1.03,0.41,0.1],[0.81,0.22,1.1],[0.74,0.49,0.01],[0.01,0.01,0.28],[1.16,2.37,0.18],[0.01,0.01,0.04],[13.14,4.57,0.59]],[[0.1,1,2.11],[0,0,0.09],[0.11,0.01,0.12],[0.01,0.1,1.54],[1.58,0.15,0.03],[3.32,0,0.12],[0.85,0,0.04]],[[0.16,0,0.02],[0.76,0.02,0.37],[0.64,0,0],[0.97,0.09,0],[0.26,2.02,0],[0.03,0,0],[0,0,8.09]],[[0.56,7.68,0.13],[0.49,0.02,1.43],[0.14,0,10.29],[0.4,0.04,0],[6,3.04,4.31],[0.06,1.29,0],[7.93,0.11,0]],[[0,0,0],[0,0,0],[0,0,0],[0,0.35,0],[0,0.05,0],[0,0,0],[0,0,0]]],[[[3.85,2.42,0.36],[1.67,6.44,0.12],[4.5,7.35,4.17],[0.64,7.81,11.83],[2.88,2.35,5.84],[5.27,6.65,14.36],[0,20.95,0.13]],[[0,2.28,0],[2.45,0,0],[0.83,2.04,0.06],[1.31,13.47,0.06],[0.02,0,14.3],[0.01,0.78,0],[2.11,1.96,0]],[[2.51,0.02,0],[0.05,4.84,0.01],[0,0,0],[0.26,5.18,0],[0.01,0,0],[0,0,0],[0,0,0]],[[0,1.42,0.03],[0,0,0.02],[0,0.38,3.01],[0.16,0,0],[0,0,0],[0.01,0.02,0],[1.91,0,0]],[[0.56,0,0],[0.01,0.03,0.23],[0,0.11,0.06],[0,0.01,4.03],[0,0,0],[0,0.04,0],[0,0,0]],[[0,1.56,0.18],[0.03,8.67,0.24],[0.97,1.48,0.16],[0.71,0.85,0.01],[0.18,1.39,3.43],[0.01,3.89,0],[0.06,0.2,0]],[[0.18,0.58,0.06],[0,0.08,0.55],[0.01,2.44,0],[2.41,1.43,1.43],[0,0,0.14],[0.71,0,0],[0,6.13,0]],[[0,0,0],[0,1.43,0],[0.36,0.13,0],[0,0,0.2],[0.01,0.1,0.81],[4.99,0.01,0],[0.04,1.22,0.31]],[[0.63,0.46,1.37],[9.86,0.08,1.17],[0,0.05,5.71],[5.85,0.64,0],[1.96,2.85,0.03],[1.73,0.09,0.83],[0.22,3.99,0.01]],[[0,0,0.19],[0,0,0],[0,0,0],[0,0,0],[0,0,0],[0,0,0.01],[0,0,0]]]];

