Omegamax = 5;
Produkte = 3;
v = [2,2,1];
KS = 126;

KH	=	9;								
							
											
kS = [[1000,	61.0982,	135.3811,	125.4204,	136.6548,	117.0763,	56.9162,	31.051,	62.8976,	111.512],
[61.0982,	1000,	93.9225,	90.9353,	148.5481,	121.9531,	18.7415,	88.1098,	108.0461,	125.9754],
[135.3811,	93.9225,	1000,	17.3325,	119.2363,	93.723,	83.6537,	147.5133,	143.5935,	110.1599],
[125.4204,	90.9353,	17.3325,	1000,	102.3983,	76.5169,	77.8317,	134.7515,	128.243,	92.8303],
[136.6548,	148.5481,	119.2363,	102.3983,	1000,	28.1437,	129.8136,	121.5764,	90.0895,	25.1435],
[117.0763,	121.9531,	93.723,	76.5169,	28.1437,	1000,	103.2318,	107.2947,	81.5113,	18.9332],
[56.9162,	18.7415,	83.6537,	77.8317,	129.8136,	103.2318,	1000,	79.282,	94.1049,	107.3586],
[31.051,	88.1098,	147.5133,	134.7515,	121.5764,	107.2947,	79.282,	1000,	36.2807,	97.1766],
[62.8976,	108.0461,	143.5935,	128.243,	90.0895,	81.5113,	94.1049,	36.2807,	1000,	67.5128],
[111.512,	125.9754,	110.1599,	92.8303,	25.1435,	18.9332,	107.3586,	97.1766,	67.5128,	1000]];
									
kem = [336,	58.6543,	129.9659,	120.4035,	131.1886,	112.3933,	54.6396,	29.8089,	60.3817,	107.0515];
											
											
								

kI = [0.0033,0.0193,0.0514];
qS = [1,1,1];

d = [[[[6.43,2.42,3.65],[7.32,6.44,0.91],[5.11,7.35,8.23],[7.59,7.81,10.9],[2.03,2.35,4.92],[1.84,6.65,0.23],[2.85,20.95,2.96]],[[0.03,2.28,0.32],[0.04,0,0.03],[0.3,2.04,1.46],[1.39,13.47,1.31],[2.64,0,0.09],[3.42,0.78,16.47],[0.2,1.96,1.68]],[[0.17,0.02,0.05],[0,4.84,0],[0,0,0],[3.09,5.18,0],[0,0,0],[0,0,0],[0,0,0]],[[0,1.42,0.61],[0.05,0,0.02],[0.73,0.38,0.55],[0.01,0,0.61],[0,0,0.02],[0,0.02,5.07],[0.11,0,0]],[[2.14,0,0.01],[0.01,0.03,0.48],[0.72,0.11,0],[0.01,0.01,0],[0,0,1.52],[3.14,0.04,0],[0.12,0,0]],[[2.01,1.56,3.08],[0.38,8.67,0.07],[1.72,1.48,3.26],[0.02,0.85,0.9],[4.21,1.39,0.45],[1.32,3.89,0.18],[0.4,0.2,0]],[[0,0.58,0],[0.59,0.08,0.01],[0.5,2.44,0.02],[0,1.43,0.8],[0.53,0,0],[0,0,2],[0.17,6.13,0.71]],[[0.58,0,0.13],[0.37,1.43,0.12],[9.22,0.13,0.85],[9.71,0,0.09],[0,0.1,0],[0.15,0.01,0.05],[0.03,1.22,0.13]],[[1.69,0.46,0.22],[1.75,0.08,0.49],[0.36,0.05,0.23],[5.37,0.64,0.6],[0.04,2.85,0.11],[0.18,0.09,0.22],[0,3.99,0.52]],[[0,0,0],[0,0,0],[0,0,0],[0,0,0],[0,0,0],[0,0,0],[0,0,0]]],[[[4.86,3.18,17.33],[3.04,6.29,16.73],[4.62,4.17,0.49],[1.89,2.2,1.82],[2.61,4.79,3.69],[23.77,3.65,0.2],[3.41,0.2,20.95]],[[0.02,4.63,0.01],[1.44,0.2,0.76],[0.74,0.21,2.42],[3.5,0,0.45],[0,0,0.1],[0.48,0.01,0],[3.42,0.61,4.07]],[[0.2,0,0],[0,0,0.2],[0,0.01,0],[5.18,0,0.06],[0,3.99,0],[0.04,0,0],[0,1.22,0.08]],[[0.28,0.01,1.57],[0,0.05,0],[0,3.93,0],[2.67,1.69,9.8],[0,0.48,0.09],[1.1,0,0],[0,0.06,0]],[[0.34,0,0.56],[0.97,0.08,0],[0,0,1.64],[0.02,0,0.05],[1.52,0.03,0.24],[0.12,0.04,0],[0,0,0.1]],[[1.03,0.59,0.97],[0.81,1.78,0.9],[0.74,0.01,2.62],[0.01,0,0.02],[1.16,0,0],[0.01,0,0],[13.14,0.01,0]],[[0.1,0.02,0.37],[0,0.1,0.16],[0.11,0.01,1.6],[0.01,2.41,0.48],[1.58,0,0.07],[3.32,0.07,1.13],[0.85,2.21,0]],[[0.16,0.05,0],[0.76,0.03,0.49],[0.64,0.58,0.02],[0.97,1.84,0],[0.26,0,0],[0.03,0,0],[0,0.01,0.47]],[[0.56,5.27,1.6],[0.49,1,3.69],[0.14,0.01,0.08],[0.4,13.84,0.81],[6,0,0.15],[0.06,10.56,6.32],[7.93,0.29,0.56]],[[0,0,0],[0,0,0],[0,0,0],[0,0,0],[0,0,0],[0,0,0],[0,0,0]]],[[[3.85,3.85,2.27],[1.67,1.95,3.39],[4.5,8.73,9.01],[0.64,0.46,4.52],[2.88,2.03,2.61],[5.27,3.06,1.84],[0,9.89,0.1]],[[0,0.4,0.09],[2.45,0.01,0.01],[0.83,0.42,0.05],[1.31,10.44,0.86],[0.02,0,0.41],[0.01,0.09,0.37],[2.11,0,0]],[[2.51,0,0.62],[0.05,0.1,0.08],[0,0.06,0],[0.26,0.02,0],[0.01,0,0],[0,0,0],[0,0,0]],[[0,0.02,0],[0,0.07,0],[0,0,0.03],[0.16,0.06,0],[0,0,10.37],[0.01,1.44,0.25],[1.91,0,2.2]],[[0.56,0.84,0.24],[0.01,0.01,0.19],[0,0.11,0],[0,7.82,0],[0,0,0],[0,0.04,0.93],[0,0,0.06]],[[0,0.1,1.4],[0.03,1.1,0.05],[0.97,0.01,1.4],[0.71,0.28,0.16],[0.18,0.18,0],[0.01,0.04,0.09],[0.06,0.59,4.57]],[[0.18,2.11,0.03],[0,0.09,1.54],[0.01,0.12,0],[2.41,1.54,0.04],[0,0.03,0],[0.71,0.12,0.29],[0,0.04,0.24]],[[0,0.02,1.69],[0,0.37,0.01],[0.36,0,0.64],[0,0,0.79],[0.01,0,0],[4.99,0,0],[0.04,8.09,0.01]],[[0.63,0.13,4.23],[9.86,1.43,9.86],[0,10.29,0.06],[5.85,0,0],[1.96,4.31,0.15],[1.73,0,0.27],[0.22,0,0.01]],[[0,0,0],[0,0,0],[0,0,0],[0,0,0],[0,0,0],[0,0,0],[0,0,0]]],[[[6.96,0.36,12.62],[4.93,0.12,18.57],[2.27,4.17,4.06],[9.43,11.83,1.07],[1.24,5.84,3.27],[2.09,14.36,4.62],[3.06,0.13,1.06]],[[0.08,0,0.01],[0.14,0,0.95],[4.3,0.06,0],[0.08,0.06,0.01],[1.68,14.3,0],[0.02,0,1.24],[7.57,0,0.12]],[[0.35,0,2.09],[4.84,0.01,0],[0.82,0,0],[0.49,0,2.07],[8.06,0,0],[0,0,0],[0,0,0]],[[0,0.03,0],[1.95,0.02,0.01],[0,3.01,0],[0.27,0,2.67],[0.01,0,0],[0,0,8.19],[0.01,0,8.19]],[[5.18,0,0.52],[0.05,0.23,0.01],[0,0.06,0],[0.29,4.03,0.01],[0.85,0,0],[0.41,0,0],[0,0,0.01]],[[0.97,0.18,0.33],[1.87,0.24,4.11],[3.08,0.16,0.09],[0.05,0.01,0.11],[0.39,3.43,2.67],[13.14,0,1.32],[0.01,0,0]],[[2.44,0.06,0.17],[1.27,0.55,1.54],[1.3,0,1.3],[1.54,1.43,0.19],[0,0.14,0.41],[2.44,0,0.03],[0.03,0,2.44]],[[0,0,4.52],[0,0,0.41],[0.58,0,0.85],[0.58,0.2,0],[0,0.81,0],[3.45,0,0.62],[0.24,0.31,0.15]],[[4.54,1.37,2.92],[0,1.17,0],[1.3,5.71,0.99],[4.28,0,0],[1.44,0.03,0],[1.86,0.83,0.09],[0,0.01,2.31]],[[0,0.19,0],[0,0,0],[0,0,0],[0.07,0,0],[0,0,0],[0,0.01,0],[0,0,0]]],[[[8.23,9.3,5.8],[6.13,5.43,7.32],[3.65,10.68,0.16],[7.81,4.64,10.9],[0.99,0.64,3.58],[0.27,1.39,7.9],[0.08,3.41,2.55]],[[3.73,0.01,0],[4.92,0.85,0.54],[8.43,0,0.28],[2.1,1.87,0.48],[0.17,0,0.11],[0,0.01,0.01],[0.03,0.24,0.24]],[[0.62,0,0.05],[0.39,0,0.3],[0,0,0.31],[3.91,0.02,0],[0.01,5.36,0.99],[0,0.29,0],[0,0,0]],[[0,0.17,2.14],[0.66,1.77,5.29],[0,0,0],[9.8,0.27,0],[0,3.5,0.67],[0.07,0.19,0],[0,0,0.96]],[[0.06,0.92,2.58],[3.48,0,0.01],[2.34,0,3.52],[0,0.24,1.45],[0.07,0.02,0],[0,0,0],[0.15,0.03,4.19]],[[0.41,0.01,1.08],[0.22,0.36,4.99],[0.49,0.02,1.14],[0.01,3.92,0],[2.37,0,11.65],[0.01,0.02,0],[4.57,0.8,0]],[[1,2.44,0],[0,0.01,0.04],[0.01,0,0.12],[0.1,0.1,0.35],[0.15,0,0],[0,2.44,14.55],[0,0,0.12]],[[0,0.01,0.36],[0.02,0.04,0],[0,0,0],[0.09,1.33,3.4],[2.02,1.59,0],[0,0.02,0],[0,0,4.12]],[[7.68,0.01,2.21],[0.02,5.58,0.06],[0,0,0.41],[0.04,0,0.05],[3.04,0.05,0.39],[1.29,0.02,0.32],[0.11,1.29,16.93]],[[0,0,0],[0,0,0],[0,0,0],[0.35,0,0.01],[0.05,0,0],[0,0,0],[0,0,0]]]];

