Omegamax = 6;
Produkte = 3;
v = [2,2,1];
KS = 126;

KH	=	9;								
							
											
kS = [[1000,	100.3154,	67.9336,	78.6797,	66.2313,	39.1673,	15.8027,	29.5922,	86.2152,	73.4044],
[100.3154,	1000,	74.3155,	63.6129,	52.5148,	75.8219,	84.5888,	108.1348,	29.2909,	64.5159],
[67.9336,	74.3155,	1000,	15.2169,	22.6999,	29.2509,	57.317,	53.6605,	45.899,	11.1019],
[78.6797,	63.6129,	15.2169,	1000,	18.5917,	39.5901,	66.206,	67.7875,	34.3532,	5.3364],
[66.2313,	52.5148,	22.6999,	18.5917,	1000,	29.6067,	52.0814,	62.0716,	25.8883,	15.7955],
[39.1673,	75.8219,	29.2509,	39.5901,	29.6067,	1000,	28.1405,	33.0635,	53.8425,	34.2857],
[15.8027,	84.5888,	57.317,	66.206,	52.0814,	28.1405,	1000,	34.0634,	70.7486,	61.0963],
[29.5922,	108.1348,	53.6605,	67.7875,	62.0716,	33.0635,	34.0634,	1000,	86.8817,	62.6072],
[86.2152,	29.2909,	45.899,	34.3532,	25.8883,	53.8425,	70.7486,	86.8817,	1000,	35.5839],
[73.4044,	64.5159,	11.1019,	5.3364,	15.7955,	34.2857,	61.0963,	62.6072,	35.5839,	1000]];
									
kem = [336,	96.3028,	65.2162,	75.5325,	63.582,	37.6006,	15.1706,	28.4085,	82.7666,	70.4682];
										
											
								

kI = [0.0033,0.0193,0.0514];
qS = [1,1,1];

d = [[[[6.43,3.18,2.27],[7.32,6.29,3.39],[5.11,4.17,9.01],[7.59,2.2,4.52],[2.03,4.79,2.61],[1.84,3.65,1.84],[2.85,0.2,0.1]],[[0.03,4.63,0.09],[0.04,0.2,0.01],[0.3,0.21,0.05],[1.39,0,0.86],[2.64,0,0.41],[3.42,0.01,0.37],[0.2,0.61,0]],[[0.17,0,0.62],[0,0,0.08],[0,0.01,0],[3.09,0,0],[0,3.99,0],[0,0,0],[0,1.22,0]],[[0,0.01,0],[0.05,0.05,0],[0.73,3.93,0.03],[0.01,1.69,0],[0,0.48,10.37],[0,0,0.25],[0.11,0.06,2.2]],[[2.14,0,0.24],[0.01,0.08,0.19],[0.72,0,0],[0.01,0,0],[0,0.03,0],[3.14,0.04,0.93],[0.12,0,0.06]],[[2.01,0.59,1.4],[0.38,1.78,0.05],[1.72,0.01,1.4],[0.02,0,0.16],[4.21,0,0],[1.32,0,0.09],[0.4,0.01,4.57]],[[0,0.02,0.03],[0.59,0.1,1.54],[0.5,0.01,0],[0,2.41,0.04],[0.53,0,0],[0,0.07,0.29],[0.17,2.21,0.24]],[[0.58,0.05,1.69],[0.37,0.03,0.01],[9.22,0.58,0.64],[9.71,1.84,0.79],[0,0,0],[0.15,0,0],[0.03,0.01,0.01]],[[1.69,5.27,4.23],[1.75,1,9.86],[0.36,0.01,0.06],[5.37,13.84,0],[0.04,0,0.15],[0.18,10.56,0.27],[0,0.29,0.01]],[[0,0,0],[0,0,0],[0,0,0],[0,0,0],[0,0,0],[0,0,0],[0,0,0]]],[[[4.86,3.85,12.62],[3.04,1.95,18.57],[4.62,8.73,4.06],[1.89,0.46,1.07],[2.61,2.03,3.27],[23.77,3.06,4.62],[3.41,9.89,1.06]],[[0.02,0.4,0.01],[1.44,0.01,0.95],[0.74,0.42,0],[3.5,10.44,0.01],[0,0,0],[0.48,0.09,1.24],[3.42,0,0.12]],[[0.2,0,2.09],[0,0.1,0],[0,0.06,0],[5.18,0.02,2.07],[0,0,0],[0.04,0,0],[0,0,0]],[[0.28,0.02,0],[0,0.07,0.01],[0,0,0],[2.67,0.06,2.67],[0,0,0],[1.1,1.44,8.19],[0,0,8.19]],[[0.34,0.84,0.52],[0.97,0.01,0.01],[0,0.11,0],[0.02,7.82,0.01],[1.52,0,0],[0.12,0.04,0],[0,0,0.01]],[[1.03,0.1,0.33],[0.81,1.1,4.11],[0.74,0.01,0.09],[0.01,0.28,0.11],[1.16,0.18,2.67],[0.01,0.04,1.32],[13.14,0.59,0]],[[0.1,2.11,0.17],[0,0.09,1.54],[0.11,0.12,1.3],[0.01,1.54,0.19],[1.58,0.03,0.41],[3.32,0.12,0.03],[0.85,0.04,2.44]],[[0.16,0.02,4.52],[0.76,0.37,0.41],[0.64,0,0.85],[0.97,0,0],[0.26,0,0],[0.03,0,0.62],[0,8.09,0.15]],[[0.56,0.13,2.92],[0.49,1.43,0],[0.14,10.29,0.99],[0.4,0,0],[6,4.31,0],[0.06,0,0.09],[7.93,0,2.31]],[[0,0,0],[0,0,0],[0,0,0],[0,0,0],[0,0,0],[0,0,0],[0,0,0]]],[[[3.85,0.36,5.8],[1.67,0.12,7.32],[4.5,4.17,0.16],[0.64,11.83,10.9],[2.88,5.84,3.58],[5.27,14.36,7.9],[0,0.13,2.55]],[[0,0,0],[2.45,0,0.54],[0.83,0.06,0.28],[1.31,0.06,0.48],[0.02,14.3,0.11],[0.01,0,0.01],[2.11,0,0.24]],[[2.51,0,0.05],[0.05,0.01,0.3],[0,0,0.31],[0.26,0,0],[0.01,0,0.99],[0,0,0],[0,0,0]],[[0,0.03,2.14],[0,0.02,5.29],[0,3.01,0],[0.16,0,0],[0,0,0.67],[0.01,0,0],[1.91,0,0.96]],[[0.56,0,2.58],[0.01,0.23,0.01],[0,0.06,3.52],[0,4.03,1.45],[0,0,0],[0,0,0],[0,0,4.19]],[[0,0.18,1.08],[0.03,0.24,4.99],[0.97,0.16,1.14],[0.71,0.01,0],[0.18,3.43,11.65],[0.01,0,0],[0.06,0,0]],[[0.18,0.06,0],[0,0.55,0.04],[0.01,0,0.12],[2.41,1.43,0.35],[0,0.14,0],[0.71,0,14.55],[0,0,0.12]],[[0,0,0.36],[0,0,0],[0.36,0,0],[0,0.2,3.4],[0.01,0.81,0],[4.99,0,0],[0.04,0.31,4.12]],[[0.63,1.37,2.21],[9.86,1.17,0.06],[0,5.71,0.41],[5.85,0,0.05],[1.96,0.03,0.39],[1.73,0.83,0.32],[0.22,0.01,16.93]],[[0,0.19,0],[0,0,0],[0,0,0],[0,0,0.01],[0,0,0],[0,0.01,0],[0,0,0]]],[[[6.96,9.3,2.75],[4.93,5.43,2.79],[2.27,10.68,3],[9.43,4.64,10.11],[1.24,0.64,1.18],[2.09,1.39,6.21],[3.06,3.41,2.85]],[[0.08,0.01,0.01],[0.14,0.85,0.15],[4.3,0,1.17],[0.08,1.87,0.11],[1.68,0,1.3],[0.02,0.01,0.04],[7.57,0.24,1.06]],[[0.35,0,3.06],[4.84,0,0],[0.82,0,0],[0.49,0.02,0],[8.06,5.36,3.99],[0,0.29,0],[0,0,0.02]],[[0,0.17,0],[1.95,1.77,2.66],[0,0,0],[0.27,0.27,0.55],[0.01,3.5,0.12],[0,0.19,2.56],[0.01,0,0]],[[5.18,0.92,0],[0.05,0,0],[0,0,0.61],[0.29,0.24,0],[0.85,0.02,1.38],[0.41,0,0.02],[0,0.03,0]],[[0.97,0.01,0.02],[1.87,0.36,0.21],[3.08,0.02,2.48],[0.05,3.92,0.04],[0.39,0,0.16],[13.14,0.02,3.09],[0.01,0.8,4.21]],[[2.44,2.44,6.19],[1.27,0.01,0.24],[1.3,0,3.65],[1.54,0.1,5.61],[0,0,0.11],[2.44,2.44,0.01],[0.03,0,1.65]],[[0,0.01,0],[0,0.04,1.08],[0.58,0,0.1],[0.58,1.33,0.48],[0,1.59,0],[3.45,0.02,0],[0.24,0,0.41]],[[4.54,0.01,0.22],[0,5.58,0],[1.3,0,13.12],[4.28,0,9.11],[1.44,0.05,0.39],[1.86,0.02,4.74],[0,1.29,0]],[[0,0,0],[0,0,0],[0,0,0],[0.07,0,0],[0,0,0],[0,0,0],[0,0,0]]],[[[8.23,3.65,0.36],[6.13,0.91,0.43],[3.65,8.23,0.68],[7.81,10.9,0.76],[0.99,4.92,0.13],[0.27,0.23,12.29],[0.08,2.96,0.27]],[[3.73,0.32,5.45],[4.92,0.03,0.8],[8.43,1.46,12.76],[2.1,1.31,0.13],[0.17,0.09,10.98],[0,16.47,5.4],[0.03,1.68,0.06]],[[0.62,0.05,0.2],[0.39,0,0.02],[0,0,0],[3.91,0,0.02],[0.01,0,0],[0,0,0],[0,0,0]],[[0,0.61,0],[0.66,0.02,2.99],[0,0.55,0],[9.8,0.61,0.82],[0,0.02,0],[0.07,5.07,0],[0,0,3.52]],[[0.06,0.01,2.14],[3.48,0.48,0.9],[2.34,0,0.26],[0,0,1.74],[0.07,1.52,0.03],[0,0,3.14],[0.15,0,4.91]],[[0.41,3.08,0.25],[0.22,0.07,0.69],[0.49,3.26,0.02],[0.01,0.9,0.26],[2.37,0.45,0.59],[0.01,0.18,5.97],[4.57,0,0.11]],[[1,0,2.44],[0,0.01,0],[0.01,0.02,0.47],[0.1,0.8,0],[0.15,0,2.58],[0,2,0],[0,0.71,1.03]],[[0,0.13,0.71],[0.02,0.12,0],[0,0.85,0],[0.09,0.09,2.97],[2.02,0,0.05],[0,0.05,0],[0,0.13,1.86]],[[7.68,0.22,0.41],[0.02,0.49,7.43],[0,0.23,1.88],[0.04,0.6,0],[3.04,0.11,0.02],[1.29,0.22,4.34],[0.11,0.52,0.83]],[[0,0,0],[0,0,0],[0,0,0],[0.35,0,0],[0.05,0,0.75],[0,0,0],[0,0,0.02]]],[[[2.42,17.33,5.51],[6.44,16.73,3.21],[7.35,0.49,0.81],[7.81,1.82,1.53],[2.35,3.69,0.53],[6.65,0.2,0.72],[20.95,20.95,7.36]],[[2.28,0.01,0.18],[0,0.76,3.48],[2.04,2.42,0.14],[13.47,0.45,1.98],[0,0.1,0.1],[0.78,0,0.01],[1.96,4.07,0.37]],[[0.02,0,0],[4.84,0.2,0.58],[0,0,0],[5.18,0.06,0],[0,0,0],[0,0,4.14],[0,0.08,0]],[[1.42,1.57,0],[0,0,0.17],[0.38,0,0],[0,9.8,0],[0,0.09,0],[0.02,0,0.16],[0,0,4.19]],[[0,0.56,0.16],[0.03,0,0.01],[0.11,1.64,5.18],[0.01,0.05,0.13],[0,0.24,0],[0.04,0,0.32],[0,0.1,0]],[[1.56,0.97,0.56],[8.67,0.9,4.67],[1.48,2.62,0.14],[0.85,0.02,7.35],[1.39,0,0.03],[3.89,0,0.02],[0.2,0,0.01]],[[0.58,0.37,0],[0.08,0.16,3.33],[2.44,1.6,0.18],[1.43,0.48,3.36],[0,0.07,0.48],[0,1.13,0],[6.13,0,0]],[[0,0,0],[1.43,0.49,0.01],[0.13,0.02,0],[0,0,0],[0.1,0,0.01],[0.01,0,0],[1.22,0.47,0.07]],[[0.46,1.6,0],[0.08,3.69,0],[0.05,0.08,0.02],[0.64,0.81,0.33],[2.85,0.15,0.21],[0.09,6.32,0.15],[3.99,0.56,0.03]],[[0,0,0],[0,0,0],[0,0,0],[0,0,0],[0,0,0],[0,0,0],[0,0,0]]]];

