Omegamax = 8;
Produkte = 3;
v = [2,2,1];
KS = 126;

KH	=	9;								
							
											
kS = [[1000,	57.2372,	67.818,	71.0382,	113.7826,	113.8788,	58.1284,	11.8263,	18.415,	123.4198],
[57.2372,	1000,	46.2746,	90.4893,	109.4487,	63.9478,	85.5736,	67.1704,	61.1488,	79.4736],
[67.818,	46.2746,	1000,	55.0772,	63.2108,	56.2776,	57.2214,	71.1569,	58.0168,	58.8204],
[71.0382,	90.4893,	55.0772,	1000,	51.2275,	109.1766,	14.9386,	64.9797,	52.6937,	105.6924],
[113.7826,	109.4487,	63.2108,	51.2275,	1000,	95.8549,	65.6871,	110.9154,	97.0091,	82.8634],
[113.8788,	63.9478,	56.2776,	109.1766,	95.8549,	1000,	113.2514,	120.7053,	109.6557,	21.205],
[58.1284,	85.5736,	57.2214,	14.9386,	65.6871,	113.2514,	1000,	51.0286,	39.7368,	112.4334],
[11.8263,	67.1704,	71.1569,	64.9797,	110.9154,	120.7053,	51.0286,	1000,	14.2461,	128.6299],
[18.415,	61.1488,	58.0168,	52.6937,	97.0091,	109.6557,	39.7368,	14.2461,	1000,	116.2309],
[123.4198,	79.4736,	58.8204,	105.6924,	82.8634,	21.205,	112.4334,	128.6299,	116.2309,	1000]];
									
kem = [336,	54.9478,	65.1053,	68.1967,	109.2313,	109.3237,	55.8032,	11.3532,	17.6784,	118.4831];
											
											
								

kI = [0.0033,0.0193,0.0514];
qS = [1,1,1];

d = [[[[6.43,0.36,0.36],[7.32,0.12,0.43],[5.11,4.17,0.68],[7.59,11.83,0.76],[2.03,5.84,0.13],[1.84,14.36,12.29],[2.85,0.13,0.27]],[[0.03,0,5.45],[0.04,0,0.8],[0.3,0.06,12.76],[1.39,0.06,0.13],[2.64,14.3,10.98],[3.42,0,5.4],[0.2,0,0.06]],[[0.17,0,0.2],[0,0.01,0.02],[0,0,0],[3.09,0,0.02],[0,0,0],[0,0,0],[0,0,0]],[[0,0.03,0],[0.05,0.02,2.99],[0.73,3.01,0],[0.01,0,0.82],[0,0,0],[0,0,0],[0.11,0,3.52]],[[2.14,0,2.14],[0.01,0.23,0.9],[0.72,0.06,0.26],[0.01,4.03,1.74],[0,0,0.03],[3.14,0,3.14],[0.12,0,4.91]],[[2.01,0.18,0.25],[0.38,0.24,0.69],[1.72,0.16,0.02],[0.02,0.01,0.26],[4.21,3.43,0.59],[1.32,0,5.97],[0.4,0,0.11]],[[0,0.06,2.44],[0.59,0.55,0],[0.5,0,0.47],[0,1.43,0],[0.53,0.14,2.58],[0,0,0],[0.17,0,1.03]],[[0.58,0,0.71],[0.37,0,0],[9.22,0,0],[9.71,0.2,2.97],[0,0.81,0.05],[0.15,0,0],[0.03,0.31,1.86]],[[1.69,1.37,0.41],[1.75,1.17,7.43],[0.36,5.71,1.88],[5.37,0,0],[0.04,0.03,0.02],[0.18,0.83,4.34],[0,0.01,0.83]],[[0,0.19,0],[0,0,0],[0,0,0],[0,0,0],[0,0,0.75],[0,0.01,0],[0,0,0.02]]],[[[4.86,9.3,5.51],[3.04,5.43,3.21],[4.62,10.68,0.81],[1.89,4.64,1.53],[2.61,0.64,0.53],[23.77,1.39,0.72],[3.41,3.41,7.36]],[[0.02,0.01,0.18],[1.44,0.85,3.48],[0.74,0,0.14],[3.5,1.87,1.98],[0,0,0.1],[0.48,0.01,0.01],[3.42,0.24,0.37]],[[0.2,0,0],[0,0,0.58],[0,0,0],[5.18,0.02,0],[0,5.36,0],[0.04,0.29,4.14],[0,0,0]],[[0.28,0.17,0],[0,1.77,0.17],[0,0,0],[2.67,0.27,0],[0,3.5,0],[1.1,0.19,0.16],[0,0,4.19]],[[0.34,0.92,0.16],[0.97,0,0.01],[0,0,5.18],[0.02,0.24,0.13],[1.52,0.02,0],[0.12,0,0.32],[0,0.03,0]],[[1.03,0.01,0.56],[0.81,0.36,4.67],[0.74,0.02,0.14],[0.01,3.92,7.35],[1.16,0,0.03],[0.01,0.02,0.02],[13.14,0.8,0.01]],[[0.1,2.44,0],[0,0.01,3.33],[0.11,0,0.18],[0.01,0.1,3.36],[1.58,0,0.48],[3.32,2.44,0],[0.85,0,0]],[[0.16,0.01,0],[0.76,0.04,0.01],[0.64,0,0],[0.97,1.33,0],[0.26,1.59,0.01],[0.03,0.02,0],[0,0,0.07]],[[0.56,0.01,0],[0.49,5.58,0],[0.14,0,0.02],[0.4,0,0.33],[6,0.05,0.21],[0.06,0.02,0.15],[7.93,1.29,0.03]],[[0,0,0],[0,0,0],[0,0,0],[0,0,0],[0,0,0],[0,0,0],[0,0,0]]],[[[3.85,3.65,3.09],[1.67,0.91,7.72],[4.5,8.23,7.77],[0.64,10.9,0.46],[2.88,4.92,14.1],[5.27,0.23,11.22],[0,2.96,0.57]],[[0,0.32,3.28],[2.45,0.03,1.17],[0.83,1.46,0.15],[1.31,1.31,0.91],[0.02,0.09,0.04],[0.01,16.47,1.81],[2.11,1.68,0]],[[2.51,0.05,0],[0.05,0,0],[0,0,0],[0.26,0,0],[0.01,0,0],[0,0,0.04],[0,0,0.99]],[[0,0.61,0],[0,0.02,0.02],[0,0.55,0],[0.16,0.61,0],[0,0.02,0.01],[0.01,5.07,0],[1.91,0,0.12]],[[0.56,0.01,1.79],[0.01,0.48,0.01],[0,0,0.92],[0,0,0],[0,1.52,0.01],[0,0,0],[0,0,0]],[[0,3.08,0.66],[0.03,0.07,4.11],[0.97,3.26,0],[0.71,0.9,1.26],[0.18,0.45,1.24],[0.01,0.18,1.41],[0.06,0,0.02]],[[0.18,0,0.4],[0,0.01,0.02],[0.01,0.02,0],[2.41,0.8,0.64],[0,0,7.77],[0.71,2,2.44],[0,0.71,0]],[[0,0.13,0],[0,0.12,0.83],[0.36,0.85,0],[0,0.09,0],[0.01,0,0],[4.99,0.05,0],[0.04,0.13,0]],[[0.63,0.22,0.03],[9.86,0.49,0.03],[0,0.23,4.88],[5.85,0.6,2.03],[1.96,0.11,0.25],[1.73,0.22,0],[0.22,0.52,3.39]],[[0,0,0],[0,0,0],[0,0,0],[0,0,0],[0,0,0],[0,0,0],[0,0,0]]],[[[6.96,17.33,2.04],[4.93,16.73,4.48],[2.27,0.49,0.87],[9.43,1.82,10.49],[1.24,3.69,10.3],[2.09,0.2,0.03],[3.06,20.95,18.99]],[[0.08,0.01,0.18],[0.14,0.76,0.4],[4.3,2.42,0.19],[0.08,0.45,5.11],[1.68,0.1,4.4],[0.02,0,0.02],[7.57,4.07,0.61]],[[0.35,0,0],[4.84,0.2,0],[0.82,0,0],[0.49,0.06,0.14],[8.06,0,0],[0,0,0.15],[0,0.08,0.65]],[[0,1.57,0.28],[1.95,0,0],[0,0,0],[0.27,9.8,0],[0.01,0.09,0],[0,0,0],[0.01,0,0]],[[5.18,0.56,1.17],[0.05,0,0.9],[0,1.64,0.15],[0.29,0.05,0.1],[0.85,0.24,0],[0.41,0,1.04],[0,0.1,0]],[[0.97,0.97,0.02],[1.87,0.9,7.67],[3.08,2.62,0.01],[0.05,0.02,0.19],[0.39,0,0.36],[13.14,0,0.86],[0.01,0,0.92]],[[2.44,0.37,0.58],[1.27,0.16,0],[1.3,1.6,1],[1.54,0.48,0.05],[0,0.07,1.58],[2.44,1.13,2.21],[0.03,0,4.69]],[[0,0,0],[0,0.49,5.23],[0.58,0.02,0],[0.58,0,0],[0,0,0],[3.45,0,0],[0.24,0.47,0.62]],[[4.54,1.6,1.3],[0,3.69,1.5],[1.3,0.08,0.18],[4.28,0.81,1.37],[1.44,0.15,3.04],[1.86,6.32,0.48],[0,0.56,0.06]],[[0,0,0],[0,0,0],[0,0,0],[0.07,0,0],[0,0,0],[0,0,0],[0,0,0]]],[[[8.23,2.27,7.77],[6.13,3.39,14.42],[3.65,9.01,11.55],[7.81,4.52,2.36],[0.99,2.61,2.52],[0.27,1.84,1.54],[0.08,0.1,0]],[[3.73,0.09,7.38],[4.92,0.01,12.15],[8.43,0.05,0.55],[2.1,0.86,2.38],[0.17,0.41,0],[0,0.37,0],[0.03,0,10.16]],[[0.62,0.62,0],[0.39,0.08,0],[0,0,0],[3.91,0,0],[0.01,0,0],[0,0,0],[0,0,1.52]],[[0,0,0.55],[0.66,0,0],[0,0.03,0],[9.8,0,0.02],[0,10.37,0],[0.07,0.25,0],[0,2.2,0.01]],[[0.06,0.24,2.14],[3.48,0.19,0.19],[2.34,0,0.66],[0,0,0.02],[0.07,0,0],[0,0.93,0.01],[0.15,0.06,2.42]],[[0.41,1.4,0.29],[0.22,0.05,0],[0.49,1.4,13.42],[0.01,0.16,0.9],[2.37,0,0],[0.01,0.09,0.12],[4.57,4.57,5.97]],[[1,0.03,3.99],[0,1.54,0.03],[0.01,0,1.3],[0.1,0.04,0.01],[0.15,0,0.09],[0,0.29,0],[0,0.24,0.03]],[[0,1.69,0.85],[0.02,0.01,0.49],[0,0.64,0],[0.09,0.79,0.23],[2.02,0,2.02],[0,0,0],[0,0.01,0.36]],[[7.68,4.23,0],[0.02,9.86,0.28],[0,0.06,0],[0.04,0,0.53],[3.04,0.15,0.49],[1.29,0.27,0.12],[0.11,0.01,3.13]],[[0,0,0],[0,0,0],[0,0,0],[0.35,0,0.02],[0.05,0,0],[0,0,0],[0,0,0]]],[[[2.42,12.62,4.06],[6.44,18.57,1.05],[7.35,4.06,5.37],[7.81,1.07,0.01],[2.35,3.27,4.52],[6.65,4.62,5.63],[20.95,1.06,10.74]],[[2.28,0.01,0.22],[0,0.95,0.12],[2.04,0,1.17],[13.47,0.01,0.01],[0,0,0.03],[0.78,1.24,1.44],[1.96,0.12,0.01]],[[0.02,2.09,0.11],[4.84,0,0],[0,0,0.02],[5.18,2.07,2.07],[0,0,2.04],[0,0,0.02],[0,0,0]],[[1.42,0,0.04],[0,0.01,0.02],[0.38,0,0.06],[0,2.67,0.14],[0,0,0],[0.02,8.19,0],[0,8.19,0]],[[0,0.52,0.05],[0.03,0.01,1.32],[0.11,0,0.01],[0.01,0.01,0.78],[0,0,0.07],[0.04,0,0.01],[0,0.01,0]],[[1.56,0.33,0.63],[8.67,4.11,4.99],[1.48,0.09,0.22],[0.85,0.11,0.33],[1.39,2.67,0.71],[3.89,1.32,0.01],[0.2,0,1.23]],[[0.58,0.17,0.11],[0.08,1.54,0.63],[2.44,1.3,0],[1.43,0.19,0.19],[0,0.41,0],[0,0.03,0],[6.13,2.44,0.06]],[[0,4.52,0.15],[1.43,0.41,0.03],[0.13,0.85,0],[0,0,0],[0.1,0,0],[0.01,0.62,0],[1.22,0.15,0]],[[0.46,2.92,0.03],[0.08,0,0.06],[0.05,0.99,0.71],[0.64,0,7.1],[2.85,0,2.51],[0.09,0.09,0.41],[3.99,2.31,0.66]],[[0,0,0],[0,0,0],[0,0,0.09],[0,0,0.01],[0,0,0],[0,0,0.59],[0,0,0]]],[[[3.18,5.8,4.06],[6.29,7.32,6.29],[4.17,0.16,4.98],[2.2,10.9,6.23],[4.79,3.58,17.21],[3.65,7.9,3.78],[0.2,2.55,2.27]],[[4.63,0,0.06],[0.2,0.54,6.41],[0.21,0.28,0.3],[0,0.48,0],[0,0.11,0.2],[0.01,0.01,0.34],[0.61,0.24,0.26]],[[0,0.05,7.3],[0,0.3,0],[0.01,0.31,0.15],[0,0,0.09],[3.99,0.99,0.01],[0,0,0],[1.22,0,0]],[[0.01,2.14,1.06],[0.05,5.29,0.05],[3.93,0,0.01],[1.69,0,0.61],[0.48,0.67,2.34],[0,0,0],[0.06,0.96,0]],[[0,2.58,0.04],[0.08,0.01,0.25],[0,3.52,0.22],[0,1.45,10.6],[0.03,0,0.58],[0.04,0,0.2],[0,4.19,3.61]],[[0.59,1.08,0],[1.78,4.99,0.46],[0.01,1.14,3.46],[0,0,0.09],[0,11.65,0.21],[0,0,1.52],[0.01,0,0.06]],[[0.02,0,0.1],[0.1,0.04,0.22],[0.01,0.12,0.02],[2.41,0.35,0.25],[0,0,0.07],[0.07,14.55,0],[2.21,0.12,0.11]],[[0.05,0.36,2.96],[0.03,0,0.17],[0.58,0,0],[1.84,3.4,0],[0,0,0],[0,0,0],[0.01,4.12,0]],[[5.27,2.21,0.03],[1,0.06,0],[0.01,0.41,0.29],[13.84,0.05,1.03],[0,0.39,3.04],[10.56,0.32,0.06],[0.29,16.93,0.18]],[[0,0,0.19],[0,0,0],[0,0,0],[0,0.01,0],[0,0,0],[0,0,0],[0,0,0]]],[[[3.85,2.75,3.55],[1.95,2.79,3.48],[8.73,3,6.96],[0.46,10.11,3.73],[2.03,1.18,21.14],[3.06,6.21,3.29],[9.89,2.85,4.62]],[[0.4,0.01,0.02],[0.01,0.15,0.06],[0.42,1.17,0.02],[10.44,0.11,0],[0,1.3,0.01],[0.09,0.04,0.18],[0,1.06,0.37]],[[0,3.06,0],[0.1,0,0.76],[0.06,0,0.13],[0.02,0,0],[0,3.99,0.07],[0,0,0],[0,0.02,0.05]],[[0.02,0,0.73],[0.07,2.66,0.55],[0,0,0],[0.06,0.55,0.01],[0,0.12,0.03],[1.44,2.56,0],[0,0,0]],[[0.84,0,0],[0.01,0,0.27],[0.11,0.61,0],[7.82,0,7.82],[0,1.38,1.25],[0.04,0.02,0],[0,0,0.02]],[[0.1,0.02,0.74],[1.1,0.21,0.09],[0.01,2.48,0.01],[0.28,0.04,0.95],[0.18,0.16,0],[0.04,3.09,0],[0.59,4.21,0]],[[2.11,6.19,0],[0.09,0.24,0],[0.12,3.65,0.02],[1.54,5.61,0.14],[0.03,0.11,0.38],[0.12,0.01,0],[0.04,1.65,0.01]],[[0.02,0,0.03],[0.37,1.08,0.09],[0,0.1,5.4],[0,0.48,0],[0,0,4.01],[0,0,0],[8.09,0.41,0.01]],[[0.13,0.22,0.01],[1.43,0,0.02],[10.29,13.12,2.33],[0,9.11,0],[4.31,0.39,0.83],[0,4.74,0.02],[0,0,0]],[[0,0,0],[0,0,0],[0,0,0],[0,0,0],[0,0,0],[0,0,0],[0,0,0]]]];

