Omegamax = 7;
Produkte = 4;
v = [2,2,1,1];
KS = 132.8;

KH	=	9;								
							
											
kS = [[1000,	61.0982,	135.3811,	125.4204,	136.6548,	117.0763,	56.9162,	31.051,	62.8976,	111.512],
[61.0982,	1000,	93.9225,	90.9353,	148.5481,	121.9531,	18.7415,	88.1098,	108.0461,	125.9754],
[135.3811,	93.9225,	1000,	17.3325,	119.2363,	93.723,	83.6537,	147.5133,	143.5935,	110.1599],
[125.4204,	90.9353,	17.3325,	1000,	102.3983,	76.5169,	77.8317,	134.7515,	128.243,	92.8303],
[136.6548,	148.5481,	119.2363,	102.3983,	1000,	28.1437,	129.8136,	121.5764,	90.0895,	25.1435],
[117.0763,	121.9531,	93.723,	76.5169,	28.1437,	1000,	103.2318,	107.2947,	81.5113,	18.9332],
[56.9162,	18.7415,	83.6537,	77.8317,	129.8136,	103.2318,	1000,	79.282,	94.1049,	107.3586],
[31.051,	88.1098,	147.5133,	134.7515,	121.5764,	107.2947,	79.282,	1000,	36.2807,	97.1766],
[62.8976,	108.0461,	143.5935,	128.243,	90.0895,	81.5113,	94.1049,	36.2807,	1000,	67.5128],
[111.512,	125.9754,	110.1599,	92.8303,	25.1435,	18.9332,	107.3586,	97.1766,	67.5128,	1000]];
									
kem = [336,	58.6543,	129.9659,	120.4035,	131.1886,	112.3933,	54.6396,	29.8089,	60.3817,	107.0515];
											
											
								

kI = [0.0033,0.0193,0.0514,0.1153];
qS = [1,1,1,1];

d = [[[[6.43,3.85,5.8,4.06],[7.32,1.95,7.32,1.05],[5.11,8.73,0.16,5.37],[7.59,0.46,10.9,0.01],[2.03,2.03,3.58,4.52],[1.84,3.06,7.9,5.63],[2.85,9.89,2.55,10.74]],[[0.03,0.4,0,0.22],[0.04,0.01,0.54,0.12],[0.3,0.42,0.28,1.17],[1.39,10.44,0.48,0.01],[2.64,0,0.11,0.03],[3.42,0.09,0.01,1.44],[0.2,0,0.24,0.01]],[[0.17,0,0.05,0.11],[0,0.1,0.3,0],[0,0.06,0.31,0.02],[3.09,0.02,0,2.07],[0,0,0.99,2.04],[0,0,0,0.02],[0,0,0,0]],[[0,0.02,2.14,0.04],[0.05,0.07,5.29,0.02],[0.73,0,0,0.06],[0.01,0.06,0,0.14],[0,0,0.67,0],[0,1.44,0,0],[0.11,0,0.96,0]],[[2.14,0.84,2.58,0.05],[0.01,0.01,0.01,1.32],[0.72,0.11,3.52,0.01],[0.01,7.82,1.45,0.78],[0,0,0,0.07],[3.14,0.04,0,0.01],[0.12,0,4.19,0]],[[2.01,0.1,1.08,0.63],[0.38,1.1,4.99,4.99],[1.72,0.01,1.14,0.22],[0.02,0.28,0,0.33],[4.21,0.18,11.65,0.71],[1.32,0.04,0,0.01],[0.4,0.59,0,1.23]],[[0,2.11,0,0.11],[0.59,0.09,0.04,0.63],[0.5,0.12,0.12,0],[0,1.54,0.35,0.19],[0.53,0.03,0,0],[0,0.12,14.55,0],[0.17,0.04,0.12,0.06]],[[0.58,0.02,0.36,0.15],[0.37,0.37,0,0.03],[9.22,0,0,0],[9.71,0,3.4,0],[0,0,0,0],[0.15,0,0,0],[0.03,8.09,4.12,0]],[[1.69,0.13,2.21,0.03],[1.75,1.43,0.06,0.06],[0.36,10.29,0.41,0.71],[5.37,0,0.05,7.1],[0.04,4.31,0.39,2.51],[0.18,0,0.32,0.41],[0,0,16.93,0.66]],[[0,0,0,0],[0,0,0,0],[0,0,0,0.09],[0,0,0.01,0.01],[0,0,0,0],[0,0,0,0.59],[0,0,0,0]]],[[[4.86,0.36,2.75,4.06],[3.04,0.12,2.79,6.29],[4.62,4.17,3,4.98],[1.89,11.83,10.11,6.23],[2.61,5.84,1.18,17.21],[23.77,14.36,6.21,3.78],[3.41,0.13,2.85,2.27]],[[0.02,0,0.01,0.06],[1.44,0,0.15,6.41],[0.74,0.06,1.17,0.3],[3.5,0.06,0.11,0],[0,14.3,1.3,0.2],[0.48,0,0.04,0.34],[3.42,0,1.06,0.26]],[[0.2,0,3.06,7.3],[0,0.01,0,0],[0,0,0,0.15],[5.18,0,0,0.09],[0,0,3.99,0.01],[0.04,0,0,0],[0,0,0.02,0]],[[0.28,0.03,0,1.06],[0,0.02,2.66,0.05],[0,3.01,0,0.01],[2.67,0,0.55,0.61],[0,0,0.12,2.34],[1.1,0,2.56,0],[0,0,0,0]],[[0.34,0,0,0.04],[0.97,0.23,0,0.25],[0,0.06,0.61,0.22],[0.02,4.03,0,10.6],[1.52,0,1.38,0.58],[0.12,0,0.02,0.2],[0,0,0,3.61]],[[1.03,0.18,0.02,0],[0.81,0.24,0.21,0.46],[0.74,0.16,2.48,3.46],[0.01,0.01,0.04,0.09],[1.16,3.43,0.16,0.21],[0.01,0,3.09,1.52],[13.14,0,4.21,0.06]],[[0.1,0.06,6.19,0.1],[0,0.55,0.24,0.22],[0.11,0,3.65,0.02],[0.01,1.43,5.61,0.25],[1.58,0.14,0.11,0.07],[3.32,0,0.01,0],[0.85,0,1.65,0.11]],[[0.16,0,0,2.96],[0.76,0,1.08,0.17],[0.64,0,0.1,0],[0.97,0.2,0.48,0],[0.26,0.81,0,0],[0.03,0,0,0],[0,0.31,0.41,0]],[[0.56,1.37,0.22,0.03],[0.49,1.17,0,0],[0.14,5.71,13.12,0.29],[0.4,0,9.11,1.03],[6,0.03,0.39,3.04],[0.06,0.83,4.74,0.06],[7.93,0.01,0,0.18]],[[0,0.19,0,0.19],[0,0,0,0],[0,0,0,0],[0,0,0,0],[0,0,0,0],[0,0.01,0,0],[0,0,0,0]]],[[[3.85,9.3,0.36,3.55],[1.67,5.43,0.43,3.48],[4.5,10.68,0.68,6.96],[0.64,4.64,0.76,3.73],[2.88,0.64,0.13,21.14],[5.27,1.39,12.29,3.29],[0,3.41,0.27,4.62]],[[0,0.01,5.45,0.02],[2.45,0.85,0.8,0.06],[0.83,0,12.76,0.02],[1.31,1.87,0.13,0],[0.02,0,10.98,0.01],[0.01,0.01,5.4,0.18],[2.11,0.24,0.06,0.37]],[[2.51,0,0.2,0],[0.05,0,0.02,0.76],[0,0,0,0.13],[0.26,0.02,0.02,0],[0.01,5.36,0,0.07],[0,0.29,0,0],[0,0,0,0.05]],[[0,0.17,0,0.73],[0,1.77,2.99,0.55],[0,0,0,0],[0.16,0.27,0.82,0.01],[0,3.5,0,0.03],[0.01,0.19,0,0],[1.91,0,3.52,0]],[[0.56,0.92,2.14,0],[0.01,0,0.9,0.27],[0,0,0.26,0],[0,0.24,1.74,7.82],[0,0.02,0.03,1.25],[0,0,3.14,0],[0,0.03,4.91,0.02]],[[0,0.01,0.25,0.74],[0.03,0.36,0.69,0.09],[0.97,0.02,0.02,0.01],[0.71,3.92,0.26,0.95],[0.18,0,0.59,0],[0.01,0.02,5.97,0],[0.06,0.8,0.11,0]],[[0.18,2.44,2.44,0],[0,0.01,0,0],[0.01,0,0.47,0.02],[2.41,0.1,0,0.14],[0,0,2.58,0.38],[0.71,2.44,0,0],[0,0,1.03,0.01]],[[0,0.01,0.71,0.03],[0,0.04,0,0.09],[0.36,0,0,5.4],[0,1.33,2.97,0],[0.01,1.59,0.05,4.01],[4.99,0.02,0,0],[0.04,0,1.86,0.01]],[[0.63,0.01,0.41,0.01],[9.86,5.58,7.43,0.02],[0,0,1.88,2.33],[5.85,0,0,0],[1.96,0.05,0.02,0.83],[1.73,0.02,4.34,0.02],[0.22,1.29,0.83,0]],[[0,0,0,0],[0,0,0,0],[0,0,0,0],[0,0,0,0],[0,0,0.75,0],[0,0,0,0],[0,0,0.02,0]]],[[[6.96,3.65,5.51,6.11],[4.93,0.91,3.21,0.02],[2.27,8.23,0.81,3.65],[9.43,10.9,1.53,14.44],[1.24,4.92,0.53,3.47],[2.09,0.23,0.72,0.1],[3.06,2.96,7.36,5.27]],[[0.08,0.32,0.18,2.04],[0.14,0.03,3.48,0],[4.3,1.46,0.14,0.04],[0.08,1.31,1.98,0.09],[1.68,0.09,0.1,1.9],[0.02,16.47,0.01,4.07],[7.57,1.68,0.37,0.66]],[[0.35,0.05,0,0],[4.84,0,0.58,0],[0.82,0,0,3.06],[0.49,0,0,0],[8.06,0,0,0],[0,0,4.14,0],[0,0,0,1.91]],[[0,0.61,0,0.21],[1.95,0.02,0.17,0.02],[0,0.55,0,0.03],[0.27,0.61,0,2.67],[0.01,0.02,0,1.3],[0,5.07,0.16,0],[0.01,0,4.19,0.01]],[[5.18,0.01,0.16,0],[0.05,0.48,0.01,0],[0,0,5.18,0.47],[0.29,0,0.13,0.05],[0.85,1.52,0,0],[0.41,0,0.32,0],[0,0,0,1.67]],[[0.97,3.08,0.56,0.01],[1.87,0.07,4.67,1.1],[3.08,3.26,0.14,0.02],[0.05,0.9,7.35,0.14],[0.39,0.45,0.03,0.16],[13.14,0.18,0.02,0.99],[0.01,0,0.01,0.01]],[[2.44,0,0,0],[1.27,0.01,3.33,6.92],[1.3,0.02,0.18,0.37],[1.54,0.8,3.36,0],[0,0,0.48,0.02],[2.44,2,0,8.54],[0.03,0.71,0,0.11]],[[0,0.13,0,0],[0,0.12,0.01,0],[0.58,0.85,0,0],[0.58,0.09,0,0.39],[0,0,0.01,0],[3.45,0.05,0,0],[0.24,0.13,0.07,0.13]],[[4.54,0.22,0,0.36],[0,0.49,0,2.5],[1.3,0.23,0.02,0.49],[4.28,0.6,0.33,0],[1.44,0.11,0.21,1],[1.86,0.22,0.15,3.13],[0,0.52,0.03,2]],[[0,0,0,0],[0,0,0,0],[0,0,0,0.02],[0.07,0,0,0],[0,0,0,0],[0,0,0,0],[0,0,0,0]]],[[[8.23,17.33,3.09,4.74],[6.13,16.73,7.72,3.57],[3.65,0.49,7.77,1.82],[7.81,1.82,0.46,0.4],[0.99,3.69,14.1,8.65],[0.27,0.2,11.22,23.77],[0.08,20.95,0.57,5.81]],[[3.73,0.01,3.28,4],[4.92,0.76,1.17,0.27],[8.43,2.42,0.15,3.49],[2.1,0.45,0.91,2.23],[0.17,0.1,0.04,1.68],[0,0,1.81,0],[0.03,4.07,0,0.04]],[[0.62,0,0,0],[0.39,0.2,0,0.05],[0,0,0,0.03],[3.91,0.06,0,0],[0.01,0,0,0],[0,0,0.04,0],[0,0.08,0.99,0]],[[0,1.57,0,0],[0.66,0,0.02,6.54],[0,0,0,0],[9.8,9.8,0,1.52],[0,0.09,0.01,0],[0.07,0,0,0.84],[0,0,0.12,0.33]],[[0.06,0.56,1.79,0.66],[3.48,0,0.01,0],[2.34,1.64,0.92,1.08],[0,0.05,0,0],[0.07,0.24,0.01,0],[0,0,0,1.17],[0.15,0.1,0,0]],[[0.41,0.97,0.66,0.66],[0.22,0.9,4.11,0.07],[0.49,2.62,0,3.08],[0.01,0.02,1.26,2.89],[2.37,0,1.24,0.01],[0.01,0,1.41,0.02],[4.57,0,0.02,3.09]],[[1,0.37,0.4,0.05],[0,0.16,0.02,1.45],[0.01,1.6,0,0],[0.1,0.48,0.64,0.01],[0.15,0.07,7.77,0.01],[0,1.13,2.44,0.12],[0,0,0,0]],[[0,0,0,0.18],[0.02,0.49,0.83,0.17],[0,0.02,0,0.27],[0.09,0,0,0],[2.02,0,0,0],[0,0,0,0],[0,0.47,0,0]],[[7.68,1.6,0.03,0.13],[0.02,3.69,0.03,1.36],[0,0.08,4.88,0],[0.04,0.81,2.03,1.15],[3.04,0.15,0.25,0.03],[1.29,6.32,0,0.83],[0.11,0.56,3.39,0.01]],[[0,0,0,0.02],[0,0,0,0],[0,0,0,0],[0.35,0,0,0],[0.05,0,0,0],[0,0,0,0],[0,0,0,0]]],[[[2.42,2.27,2.04,0.74],[6.44,3.39,4.48,0.71],[7.35,9.01,0.87,11.55],[7.81,4.52,10.49,6.77],[2.35,2.61,10.3,8.65],[6.65,1.84,0.03,4.93],[20.95,0.1,18.99,5.1]],[[2.28,0.09,0.18,0.99],[0,0.01,0.4,1.23],[2.04,0.05,0.19,0.26],[13.47,0.86,5.11,0.71],[0,0.41,4.4,0.19],[0.78,0.37,0.02,5.4],[1.96,0,0.61,0.98]],[[0.02,0.62,0,0],[4.84,0.08,0,0.01],[0,0,0,0.01],[5.18,0,0.14,0],[0,0,0,0],[0,0,0.15,0],[0,0,0.65,0]],[[1.42,0,0.28,0.21],[0,0,0,0],[0.38,0.03,0,0],[0,0,0,0],[0,10.37,0,0],[0.02,0.25,0,0.56],[0,2.2,0,1.66]],[[0,0.24,1.17,0],[0.03,0.19,0.9,0.01],[0.11,0,0.15,0],[0.01,0,0.1,0.01],[0,0,0,0.11],[0.04,0.93,1.04,0.04],[0,0.06,0,0.03]],[[1.56,1.4,0.02,0],[8.67,0.05,7.67,5.8],[1.48,1.4,0.01,1.33],[0.85,0.16,0.19,1.06],[1.39,0,0.36,0.01],[3.89,0.09,0.86,0.01],[0.2,4.57,0.92,0.86]],[[0.58,0.03,0.58,0.37],[0.08,1.54,0,2.65],[2.44,0,1,0],[1.43,0.04,0.05,0.01],[0,0,1.58,0],[0,0.29,2.21,0],[6.13,0.24,4.69,2.69]],[[0,1.69,0,0.09],[1.43,0.01,5.23,0.49],[0.13,0.64,0,0],[0,0.79,0,0.97],[0.1,0,0,2.6],[0.01,0,0,0],[1.22,0.01,0.62,0.03]],[[0.46,4.23,1.3,3.28],[0.08,9.86,1.5,0.03],[0.05,0.06,0.18,13.12],[0.64,0,1.37,0.46],[2.85,0.15,3.04,0.68],[0.09,0.27,0.48,3.99],[3.99,0.01,0.06,6.32]],[[0,0,0,0],[0,0,0,0],[0,0,0,0],[0,0,0,0],[0,0,0,0],[0,0,0,0],[0,0,0,0]]],[[[3.18,12.62,7.77,2.92],[6.29,18.57,14.42,3.86],[4.17,4.06,11.55,0.43],[2.2,1.07,2.36,5.6],[4.79,3.27,2.52,0],[3.65,4.62,1.54,1.46],[0.2,1.06,0,0]],[[4.63,0.01,7.38,0.03],[0.2,0.95,12.15,0.01],[0.21,0,0.55,0.01],[0,0.01,2.38,10.44],[0,0,0,1.57],[0.01,1.24,0,0.01],[0.61,0.12,10.16,0]],[[0,2.09,0,0.17],[0,0,0,0.01],[0.01,0,0,5],[0,2.07,0,0.19],[3.99,0,0,0.01],[0,0,0,0],[1.22,0,1.52,0]],[[0.01,0,0.55,1.57],[0.05,0.01,0,0.15],[3.93,0,0,0.01],[1.69,2.67,0.02,0.37],[0.48,0,0,0.01],[0,8.19,0,0],[0.06,8.19,0.01,0]],[[0,0.52,2.14,0.03],[0.08,0.01,0.19,1.32],[0,0,0.66,0],[0,0.01,0.02,0.24],[0.03,0,0,0.16],[0.04,0,0.01,0.08],[0,0.01,2.42,0]],[[0.59,0.33,0.29,0.1],[1.78,4.11,0,0.41],[0.01,0.09,13.42,3.67],[0,0.11,0.9,0.01],[0,2.67,0,0.16],[0,1.32,0.12,0.01],[0.01,0,5.97,4.98]],[[0.02,0.17,3.99,0],[0.1,1.54,0.03,0.01],[0.01,1.3,1.3,0],[2.41,0.19,0.01,0],[0,0.41,0.09,0.85],[0.07,0.03,0,0],[2.21,2.44,0.03,3.32]],[[0.05,4.52,0.85,0],[0.03,0.41,0.49,0.83],[0.58,0.85,0,5.4],[1.84,0,0.23,0.1],[0,0,2.02,0],[0,0.62,0,0],[0.01,0.15,0.36,0.05]],[[5.27,2.92,0,2.33],[1,0,0.28,7.43],[0.01,0.99,0,0.08],[13.84,0,0.53,0],[0,0,0.49,0.06],[10.56,0.09,0.12,0.03],[0.29,2.31,3.13,0.22]],[[0,0,0,0.19],[0,0,0,0],[0,0,0,0],[0,0,0.02,0],[0,0,0,0],[0,0,0,0],[0,0,0,0]]]];

