Omegamax = 4;
Produkte = 5;
v = [2,2,1,1,1];
KS = 137.3;

KH	=	9;								
							
											
kS = [[1000,	57.2372,	67.818,	71.0382,	113.7826,	113.8788,	58.1284,	11.8263,	18.415,	123.4198],
[57.2372,	1000,	46.2746,	90.4893,	109.4487,	63.9478,	85.5736,	67.1704,	61.1488,	79.4736],
[67.818,	46.2746,	1000,	55.0772,	63.2108,	56.2776,	57.2214,	71.1569,	58.0168,	58.8204],
[71.0382,	90.4893,	55.0772,	1000,	51.2275,	109.1766,	14.9386,	64.9797,	52.6937,	105.6924],
[113.7826,	109.4487,	63.2108,	51.2275,	1000,	95.8549,	65.6871,	110.9154,	97.0091,	82.8634],
[113.8788,	63.9478,	56.2776,	109.1766,	95.8549,	1000,	113.2514,	120.7053,	109.6557,	21.205],
[58.1284,	85.5736,	57.2214,	14.9386,	65.6871,	113.2514,	1000,	51.0286,	39.7368,	112.4334],
[11.8263,	67.1704,	71.1569,	64.9797,	110.9154,	120.7053,	51.0286,	1000,	14.2461,	128.6299],
[18.415,	61.1488,	58.0168,	52.6937,	97.0091,	109.6557,	39.7368,	14.2461,	1000,	116.2309],
[123.4198,	79.4736,	58.8204,	105.6924,	82.8634,	21.205,	112.4334,	128.6299,	116.2309,	1000]];
									
kem = [336,	54.9478,	65.1053,	68.1967,	109.2313,	109.3237,	55.8032,	11.3532,	17.6784,	118.4831];
											
											
								

kI = [0.0033,0.0193,0.0514,0.1153,0.2933];
qS = [1,1,1,1,1];

d = [[[[6.43,8.23,0.36,2.27,0.36],[7.32,6.13,0.12,3.39,0.43],[5.11,3.65,4.17,9.01,0.68],[7.59,7.81,11.83,4.52,0.76],[2.03,0.99,5.84,2.61,0.13],[1.84,0.27,14.36,1.84,12.29],[2.85,0.08,0.13,0.1,0.27]],[[0.03,3.73,0,0.09,5.45],[0.04,4.92,0,0.01,0.8],[0.3,8.43,0.06,0.05,12.76],[1.39,2.1,0.06,0.86,0.13],[2.64,0.17,14.3,0.41,10.98],[3.42,0,0,0.37,5.4],[0.2,0.03,0,0,0.06]],[[0.17,0.62,0,0.62,0.2],[0,0.39,0.01,0.08,0.02],[0,0,0,0,0],[3.09,3.91,0,0,0.02],[0,0.01,0,0,0],[0,0,0,0,0],[0,0,0,0,0]],[[0,0,0.03,0,0],[0.05,0.66,0.02,0,2.99],[0.73,0,3.01,0.03,0],[0.01,9.8,0,0,0.82],[0,0,0,10.37,0],[0,0.07,0,0.25,0],[0.11,0,0,2.2,3.52]],[[2.14,0.06,0,0.24,2.14],[0.01,3.48,0.23,0.19,0.9],[0.72,2.34,0.06,0,0.26],[0.01,0,4.03,0,1.74],[0,0.07,0,0,0.03],[3.14,0,0,0.93,3.14],[0.12,0.15,0,0.06,4.91]],[[2.01,0.41,0.18,1.4,0.25],[0.38,0.22,0.24,0.05,0.69],[1.72,0.49,0.16,1.4,0.02],[0.02,0.01,0.01,0.16,0.26],[4.21,2.37,3.43,0,0.59],[1.32,0.01,0,0.09,5.97],[0.4,4.57,0,4.57,0.11]],[[0,1,0.06,0.03,2.44],[0.59,0,0.55,1.54,0],[0.5,0.01,0,0,0.47],[0,0.1,1.43,0.04,0],[0.53,0.15,0.14,0,2.58],[0,0,0,0.29,0],[0.17,0,0,0.24,1.03]],[[0.58,0,0,1.69,0.71],[0.37,0.02,0,0.01,0],[9.22,0,0,0.64,0],[9.71,0.09,0.2,0.79,2.97],[0,2.02,0.81,0,0.05],[0.15,0,0,0,0],[0.03,0,0.31,0.01,1.86]],[[1.69,7.68,1.37,4.23,0.41],[1.75,0.02,1.17,9.86,7.43],[0.36,0,5.71,0.06,1.88],[5.37,0.04,0,0,0],[0.04,3.04,0.03,0.15,0.02],[0.18,1.29,0.83,0.27,4.34],[0,0.11,0.01,0.01,0.83]],[[0,0,0.19,0,0],[0,0,0,0,0],[0,0,0,0,0],[0,0.35,0,0,0],[0,0.05,0,0,0.75],[0,0,0.01,0,0],[0,0,0,0,0.02]]],[[[4.86,2.42,9.3,12.62,5.51],[3.04,6.44,5.43,18.57,3.21],[4.62,7.35,10.68,4.06,0.81],[1.89,7.81,4.64,1.07,1.53],[2.61,2.35,0.64,3.27,0.53],[23.77,6.65,1.39,4.62,0.72],[3.41,20.95,3.41,1.06,7.36]],[[0.02,2.28,0.01,0.01,0.18],[1.44,0,0.85,0.95,3.48],[0.74,2.04,0,0,0.14],[3.5,13.47,1.87,0.01,1.98],[0,0,0,0,0.1],[0.48,0.78,0.01,1.24,0.01],[3.42,1.96,0.24,0.12,0.37]],[[0.2,0.02,0,2.09,0],[0,4.84,0,0,0.58],[0,0,0,0,0],[5.18,5.18,0.02,2.07,0],[0,0,5.36,0,0],[0.04,0,0.29,0,4.14],[0,0,0,0,0]],[[0.28,1.42,0.17,0,0],[0,0,1.77,0.01,0.17],[0,0.38,0,0,0],[2.67,0,0.27,2.67,0],[0,0,3.5,0,0],[1.1,0.02,0.19,8.19,0.16],[0,0,0,8.19,4.19]],[[0.34,0,0.92,0.52,0.16],[0.97,0.03,0,0.01,0.01],[0,0.11,0,0,5.18],[0.02,0.01,0.24,0.01,0.13],[1.52,0,0.02,0,0],[0.12,0.04,0,0,0.32],[0,0,0.03,0.01,0]],[[1.03,1.56,0.01,0.33,0.56],[0.81,8.67,0.36,4.11,4.67],[0.74,1.48,0.02,0.09,0.14],[0.01,0.85,3.92,0.11,7.35],[1.16,1.39,0,2.67,0.03],[0.01,3.89,0.02,1.32,0.02],[13.14,0.2,0.8,0,0.01]],[[0.1,0.58,2.44,0.17,0],[0,0.08,0.01,1.54,3.33],[0.11,2.44,0,1.3,0.18],[0.01,1.43,0.1,0.19,3.36],[1.58,0,0,0.41,0.48],[3.32,0,2.44,0.03,0],[0.85,6.13,0,2.44,0]],[[0.16,0,0.01,4.52,0],[0.76,1.43,0.04,0.41,0.01],[0.64,0.13,0,0.85,0],[0.97,0,1.33,0,0],[0.26,0.1,1.59,0,0.01],[0.03,0.01,0.02,0.62,0],[0,1.22,0,0.15,0.07]],[[0.56,0.46,0.01,2.92,0],[0.49,0.08,5.58,0,0],[0.14,0.05,0,0.99,0.02],[0.4,0.64,0,0,0.33],[6,2.85,0.05,0,0.21],[0.06,0.09,0.02,0.09,0.15],[7.93,3.99,1.29,2.31,0.03]],[[0,0,0,0,0],[0,0,0,0,0],[0,0,0,0,0],[0,0,0,0,0],[0,0,0,0,0],[0,0,0,0,0],[0,0,0,0,0]]],[[[3.85,3.18,3.65,5.8,3.09],[1.67,6.29,0.91,7.32,7.72],[4.5,4.17,8.23,0.16,7.77],[0.64,2.2,10.9,10.9,0.46],[2.88,4.79,4.92,3.58,14.1],[5.27,3.65,0.23,7.9,11.22],[0,0.2,2.96,2.55,0.57]],[[0,4.63,0.32,0,3.28],[2.45,0.2,0.03,0.54,1.17],[0.83,0.21,1.46,0.28,0.15],[1.31,0,1.31,0.48,0.91],[0.02,0,0.09,0.11,0.04],[0.01,0.01,16.47,0.01,1.81],[2.11,0.61,1.68,0.24,0]],[[2.51,0,0.05,0.05,0],[0.05,0,0,0.3,0],[0,0.01,0,0.31,0],[0.26,0,0,0,0],[0.01,3.99,0,0.99,0],[0,0,0,0,0.04],[0,1.22,0,0,0.99]],[[0,0.01,0.61,2.14,0],[0,0.05,0.02,5.29,0.02],[0,3.93,0.55,0,0],[0.16,1.69,0.61,0,0],[0,0.48,0.02,0.67,0.01],[0.01,0,5.07,0,0],[1.91,0.06,0,0.96,0.12]],[[0.56,0,0.01,2.58,1.79],[0.01,0.08,0.48,0.01,0.01],[0,0,0,3.52,0.92],[0,0,0,1.45,0],[0,0.03,1.52,0,0.01],[0,0.04,0,0,0],[0,0,0,4.19,0]],[[0,0.59,3.08,1.08,0.66],[0.03,1.78,0.07,4.99,4.11],[0.97,0.01,3.26,1.14,0],[0.71,0,0.9,0,1.26],[0.18,0,0.45,11.65,1.24],[0.01,0,0.18,0,1.41],[0.06,0.01,0,0,0.02]],[[0.18,0.02,0,0,0.4],[0,0.1,0.01,0.04,0.02],[0.01,0.01,0.02,0.12,0],[2.41,2.41,0.8,0.35,0.64],[0,0,0,0,7.77],[0.71,0.07,2,14.55,2.44],[0,2.21,0.71,0.12,0]],[[0,0.05,0.13,0.36,0],[0,0.03,0.12,0,0.83],[0.36,0.58,0.85,0,0],[0,1.84,0.09,3.4,0],[0.01,0,0,0,0],[4.99,0,0.05,0,0],[0.04,0.01,0.13,4.12,0]],[[0.63,5.27,0.22,2.21,0.03],[9.86,1,0.49,0.06,0.03],[0,0.01,0.23,0.41,4.88],[5.85,13.84,0.6,0.05,2.03],[1.96,0,0.11,0.39,0.25],[1.73,10.56,0.22,0.32,0],[0.22,0.29,0.52,16.93,3.39]],[[0,0,0,0,0],[0,0,0,0,0],[0,0,0,0,0],[0,0,0,0.01,0],[0,0,0,0,0],[0,0,0,0,0],[0,0,0,0,0]]],[[[6.96,3.85,17.33,2.75,2.04],[4.93,1.95,16.73,2.79,4.48],[2.27,8.73,0.49,3,0.87],[9.43,0.46,1.82,10.11,10.49],[1.24,2.03,3.69,1.18,10.3],[2.09,3.06,0.2,6.21,0.03],[3.06,9.89,20.95,2.85,18.99]],[[0.08,0.4,0.01,0.01,0.18],[0.14,0.01,0.76,0.15,0.4],[4.3,0.42,2.42,1.17,0.19],[0.08,10.44,0.45,0.11,5.11],[1.68,0,0.1,1.3,4.4],[0.02,0.09,0,0.04,0.02],[7.57,0,4.07,1.06,0.61]],[[0.35,0,0,3.06,0],[4.84,0.1,0.2,0,0],[0.82,0.06,0,0,0],[0.49,0.02,0.06,0,0.14],[8.06,0,0,3.99,0],[0,0,0,0,0.15],[0,0,0.08,0.02,0.65]],[[0,0.02,1.57,0,0.28],[1.95,0.07,0,2.66,0],[0,0,0,0,0],[0.27,0.06,9.8,0.55,0],[0.01,0,0.09,0.12,0],[0,1.44,0,2.56,0],[0.01,0,0,0,0]],[[5.18,0.84,0.56,0,1.17],[0.05,0.01,0,0,0.9],[0,0.11,1.64,0.61,0.15],[0.29,7.82,0.05,0,0.1],[0.85,0,0.24,1.38,0],[0.41,0.04,0,0.02,1.04],[0,0,0.1,0,0]],[[0.97,0.1,0.97,0.02,0.02],[1.87,1.1,0.9,0.21,7.67],[3.08,0.01,2.62,2.48,0.01],[0.05,0.28,0.02,0.04,0.19],[0.39,0.18,0,0.16,0.36],[13.14,0.04,0,3.09,0.86],[0.01,0.59,0,4.21,0.92]],[[2.44,2.11,0.37,6.19,0.58],[1.27,0.09,0.16,0.24,0],[1.3,0.12,1.6,3.65,1],[1.54,1.54,0.48,5.61,0.05],[0,0.03,0.07,0.11,1.58],[2.44,0.12,1.13,0.01,2.21],[0.03,0.04,0,1.65,4.69]],[[0,0.02,0,0,0],[0,0.37,0.49,1.08,5.23],[0.58,0,0.02,0.1,0],[0.58,0,0,0.48,0],[0,0,0,0,0],[3.45,0,0,0,0],[0.24,8.09,0.47,0.41,0.62]],[[4.54,0.13,1.6,0.22,1.3],[0,1.43,3.69,0,1.5],[1.3,10.29,0.08,13.12,0.18],[4.28,0,0.81,9.11,1.37],[1.44,4.31,0.15,0.39,3.04],[1.86,0,6.32,4.74,0.48],[0,0,0.56,0,0.06]],[[0,0,0,0,0],[0,0,0,0,0],[0,0,0,0,0],[0.07,0,0,0,0],[0,0,0,0,0],[0,0,0,0,0],[0,0,0,0,0]]]];

