 C = 14;  
 Omegamax = 1;
 P = 1;
 v = [2]; 
 KS = 27;


kS = [[1000,	226.9598,	211.6548,	319.2031,	70.4048,	371.9892,	382.9582,	302.9472,	453.5503,	271.5459,	326.2481,	279.4745,	363.3883,	326.9952,	196.1649],
[226.9598,	1000,	268.2928,	308.9467,	292.3286,	343.5824,	202.8406,	459.2,	445.7588,	138.5929,	237.7198,	504.0486,	137.4569,	274.1463,	249.2236],
[211.6548,	268.2928,	1000,	114.8768,	210.8616,	168.3729,	295.1212,	510.4704,	644.0198,	387.5371,	173.0402,	360.6733,	382.9582,	492.8517,	20.0449],
[319.2031,	308.9467,	114.8768,	1000,	325.2884,	53.6586,	253.1562,	621.3382,	727.4021,	443.8199,	110.396,	467.1995,	392.085,	565.9897,	125.2198],
[70.4048,	292.3286,	210.8616,	325.2884,	1000,	378.9348,	431.3454,	305.5466,	502.8982,	341.6688,	354.7502,	211.7335,	429.6518,	389.0514,	200.5961],
[371.9892,	343.5824,	168.3729,	53.6586,	378.9348,	1000,	254.8038,	674.4761,	772.0451,	481.0156,	118.5049,	516.4805,	412.1829,	607.8419,	178.8332],
[382.9582,	202.8406,	295.1212,	253.1562,	431.3454,	254.8038,	1000,	654.3139,	637.223,	322.8875,	142.7725,	629.7837,	186.2789,	464.3127,	285.3597],
[302.9472,	459.2,	510.4704,	621.3382,	305.5466,	674.4761,	654.3139,	1000,	326.203,	402.5189,	624.6448,	341.8552,	566.2511,	332.4138,	496.8442],
[453.5503,	445.7588,	644.0198,	727.4021,	502.8982,	772.0451,	637.223,	326.203,	1000,	314.3553,	679.1515,	633.7672,	475.1469,	172.9949,	624.8017],
[271.5459,	138.5929,	387.5371,	443.8199,	341.6688,	481.0156,	322.8875,	402.5189,	314.3553,	1000,	376.2642,	543.0935,	174.411,	141.4277,	367.5633],
[326.2481,	237.7198,	173.0402,	110.396,	354.7502,	118.5049,	142.7725,	624.6448,	679.1515,	376.2642,	1000,	530.3783,	294.0133,	509.9403,	170.0064],
[279.4745,	504.0486,	360.6733,	467.1995,	211.7335,	516.4805,	629.7837,	341.8552,	633.7672,	543.0935,	530.3783,	1000,	641.3849,	561.2376,	360.6379],
[363.3883,	137.4569,	382.9582,	392.085,	429.6518,	412.1829,	186.2789,	566.2511,	475.1469,	174.411,	294.0133,	641.3849,	1000,	307.2003,	365.8958],
[326.9952,	274.1463,	492.8517,	565.9897,	389.0514,	607.8419,	464.3127,	332.4138,	172.9949,	141.4277,	509.9403,	561.2376,	307.2003,	1000,	472.9949],
[196.1649,	249.2236,	20.0449,	125.2198,	200.5961,	178.8332,	285.3597,	496.8442,	624.8017,	367.5633,	170.0064,	360.6379,	365.8958,	472.9949,	1000]];
														
kem = [336,	217.8814,	203.1886,	306.4349,	67.5886,	357.1097,	367.6399,	290.8293,	435.4083,	260.684,	313.1981,	268.2955,	348.8528,	313.9154,	188.3183];


kI = [0.0193];
Q = [30];

d = [[[[0.08],
[0],
[2.28],
[0],
[4.4],
[0.4],
[0.16]],
[[0],
[0.07],
[0],
[0],
[0],
[0],
[0.76]],
[[0],
[0],
[0],
[0],
[0],
[0],
[0]],
[[0],
[0],
[0],
[0.01],
[0],
[0],
[0]],
[[0],
[0.05],
[0],
[0],
[0.3],
[0.01],
[0]],
[[0],
[0.38],
[0],
[0.01],
[0.01],
[0],
[0.02]],
[[0],
[0],
[0.11],
[0],
[0],
[0],
[0]],
[[0],
[0.28],
[0.02],
[0],
[0],
[0],
[0]],
[[0],
[0.02],
[0.07],
[0],
[0],
[0],
[0]],
[[0],
[0],
[0],
[0],
[0],
[0],
[0]],
[[0],
[0],
[0],
[0],
[0.16],
[0],
[0]],
[[0],
[1.01],
[0],
[0],
[0],
[0],
[0]],
[[0.01],
[0],
[0.01],
[0],
[0.43],
[0],
[0]],
[[0],
[0.01],
[0.12],
[0],
[0.08],
[0.03],
[0.03]],
[[0.01],
[0],
[0],
[0.05],
[0],
[0],
[0.01]]]];
