 C = 14;  
 Omegamax = 1;
 P = 1;
 v = [2]; 
 KS = 27;


kS = [[1000,	338.933,	345.0254,	183.6616,	402.9909,	564.9655,	224.2886,	275.3163,	119.0741,	526.668,	138.7767,	383.1117,	74.8444,	323.7876,	293.2557],
[338.933,	1000,	71.3039,	422.429,	89.6437,	311.9205,	386.542,	152.3944,	436.5935,	589.0823,	259.5556,	617.9965,	296.2448,	474.633,	373.0652],
[345.0254,	71.3039,	1000,	396.3212,	59.6932,	253.8675,	349.0523,	103.5716,	428.432,	526.1914,	240.5475,	580.6828,	316.5672,	428.1002,	322.2464],
[183.6616,	422.429,	396.3212,	1000,	454.7566,	548.3784,	80.8129,	296.5258,	111.5792,	361.4983,	163.6983,	209.2754,	252.9471,	149.7215,	168.3089],
[402.9909,	89.6437,	59.6932,	454.7566,	1000,	224.2274,	404.7623,	159.3849,	488.0843,	561.7647,	300.1621,	635.4905,	370.7543,	479.2194,	371.6334],
[564.9655,	311.9205,	253.8675,	548.3784,	224.2274,	1000,	475.7694,	290.0569,	618.1916,	499.1741,	433.5662,	677.908,	554.6262,	507.9608,	405.9059],
[224.2886,	386.542,	349.0523,	80.8129,	404.7623,	475.7694,	1000,	245.7189,	185.3295,	302.4842,	146.1643,	232.0328,	281.3965,	105.4099,	87.7097],
[275.3163,	152.3944,	103.5716,	296.5258,	159.3849,	290.0569,	245.7189,	1000,	340.7641,	439.5398,	150.4267,	477.1557,	267.3267,	325.5715,	221.4834],
[119.0741,	436.5935,	428.432,	111.5792,	488.0843,	618.1916,	185.3295,	340.7641,	1000,	472.4497,	190.4412,	276.453,	193.2811,	260.1327,	271.6036],
[526.668,	589.0823,	526.1914,	361.4983,	561.7647,	499.1741,	302.4842,	439.5398,	472.4497,	1000,	425.844,	305.049,	579.9212,	212.399,	244.856],
[138.7767,	259.5556,	240.5475,	163.6983,	300.1621,	433.5662,	146.1643,	150.4267,	190.4412,	425.844,	1000,	366.8668,	162.9061,	249.848,	181.1635],
[383.1117,	617.9965,	580.6828,	209.2754,	635.4905,	677.908,	232.0328,	477.1557,	276.453,	305.049,	366.8668,	1000,	456.4537,	169.9602,	275.2344],
[74.8444,	296.2448,	316.5672,	252.9471,	370.7543,	554.6262,	281.3965,	267.3267,	193.2811,	579.9212,	162.9061,	456.4537,	1000,	385.0509,	338.6872],
[323.7876,	474.633,	428.1002,	149.7215,	479.2194,	507.9608,	105.4099,	325.5715,	260.1327,	212.399,	249.848,	169.9602,	385.0509,	1000,	108.9124],
[293.2557,	373.0652,	322.2464,	168.3089,	371.6334,	405.9059,	87.7097,	221.4834,	271.6036,	244.856,	181.1635,	275.2344,	338.6872,	108.9124,	1000]];
														
kem = [336,	325.3757,	331.2244,	176.3152,	386.8713,	542.3669,	215.317,	264.3037,	114.3111,	505.6013,	133.2256,	367.7873,	71.8506,	310.8361,	281.5255];


kI = [0.0193];
Q = [30];

d = [[[[0.08],
[0],
[2.28],
[0],
[4.4],
[0.4],
[0.16]],
[[0],
[0.07],
[0],
[0],
[0],
[0],
[0.76]],
[[0],
[0],
[0],
[0],
[0],
[0],
[0]],
[[0],
[0],
[0],
[0.01],
[0],
[0],
[0]],
[[0],
[0.05],
[0],
[0],
[0.3],
[0.01],
[0]],
[[0],
[0.38],
[0],
[0.01],
[0.01],
[0],
[0.02]],
[[0],
[0],
[0.11],
[0],
[0],
[0],
[0]],
[[0],
[0.28],
[0.02],
[0],
[0],
[0],
[0]],
[[0],
[0.02],
[0.07],
[0],
[0],
[0],
[0]],
[[0],
[0],
[0],
[0],
[0],
[0],
[0]],
[[0],
[0],
[0],
[0],
[0.16],
[0],
[0]],
[[0],
[1.01],
[0],
[0],
[0],
[0],
[0]],
[[0.01],
[0],
[0.01],
[0],
[0.43],
[0],
[0]],
[[0],
[0.01],
[0.12],
[0],
[0.08],
[0.03],
[0.03]],
[[0.01],
[0],
[0],
[0.05],
[0],
[0],
[0.01]]]];
