 C = 14;  
 Omegamax = 1;
 P = 1;
 v = [2]; 
 KS = 27;


kS = [[1000,	537.9444,	381.2784,	226.0772,	142.1465,	218.687,	410.286,	605.8944,	476.2161,	614.6064,	49.9704,	560.8708,	279.4429,	167.4683,	378.9063],
[537.9444,	1000,	181.4661,	338.8868,	420.9323,	431.7928,	405.6813,	536.8576,	446.0533,	277.1859,	510.2477,	155.5765,	275.3199,	384.3759,	210.8616],
[381.2784,	181.4661,	1000,	229.7067,	290.7992,	338.0529,	396.5363,	424.3871,	307.5064,	266.0774,	346.0805,	285.133,	102.7737,	216.7289,	40.0899],
[226.0772,	338.8868,	229.7067,	1000,	87.6762,	108.7053,	231.0382,	599.182,	466.2021,	495.4378,	219.4252,	336.7371,	164.081,	150.0157,	250.193],
[142.1465,	420.9323,	290.7992,	87.6762,	1000,	98.2497,	278.9902,	611.7103,	477.1023,	549.8276,	145.7682,	424.2832,	203.0048,	132.0757,	302.053],
[218.687,	431.7928,	338.0529,	108.7053,	98.2497,	1000,	191.8204,	697.762,	563.5187,	603.9909,	236.0069,	398.9239,	269.6191,	224.8951,	358.8208],
[410.286,	405.6813,	396.5363,	231.0382,	278.9902,	191.8204,	1000,	809.7097,	681.0968,	645.7749,	423.9042,	306.3058,	374.536,	380.7691,	430.793],
[605.8944,	536.8576,	424.3871,	599.182,	611.7103,	697.762,	809.7097,	1000,	134.6113,	303.8,	555.9428,	684.3494,	437.9853,	480.4938,	385.5723],
[476.2161,	446.0533,	307.5064,	466.2021,	477.1023,	563.5187,	681.0968,	134.6113,	1000,	271.7299,	426.2925,	583.0744,	307.1142,	345.9898,	267.4879],
[614.6064,	277.1859,	266.0774,	495.4378,	549.8276,	603.9909,	645.7749,	303.8,	271.7299,	1000,	570.6662,	432.6634,	347.5667,	448.9178,	247.9423],
[49.9704,	510.2477,	346.0805,	219.4252,	145.7682,	236.0069,	423.9042,	555.9428,	426.2925,	570.6662,	1000,	545.9713,	243.3303,	129.3845,	340.0127],
[560.8708,	155.5765,	285.133,	336.7371,	424.2832,	398.9239,	306.3058,	684.3494,	583.0744,	432.6634,	545.9713,	1000,	348.6899,	436.0837,	323.603],
[279.4429,	275.3199,	102.7737,	164.081,	203.0048,	269.6191,	374.536,	437.9853,	307.1142,	347.5667,	243.3303,	348.6899,	1000,	113.9603,	101.5459],
[167.4683,	384.3759,	216.7289,	150.0157,	132.0757,	224.8951,	380.7691,	480.4938,	345.9898,	448.9178,	129.3845,	436.0837,	113.9603,	1000,	211.6224],
[378.9063,	210.8616,	40.0899,	250.193,	302.053,	358.8208,	430.793,	385.5723,	267.4879,	247.9423,	340.0127,	323.603,	101.5459,	211.6224,	1000]];
														
kem = [336,	516.4266,	366.0272,	217.0342,	136.4607,	209.9395,	393.8746,	581.6586,	457.1675,	590.0221,	47.9716,	538.436,	268.2652,	160.7696,	363.7501];


kI = [0.0193];
Q = [30];

d = [[[[0.08],
[0],
[2.28],
[0],
[4.4],
[0.4],
[0.16]],
[[0],
[0.07],
[0],
[0],
[0],
[0],
[0.76]],
[[0],
[0],
[0],
[0],
[0],
[0],
[0]],
[[0],
[0],
[0],
[0.01],
[0],
[0],
[0]],
[[0],
[0.05],
[0],
[0],
[0.3],
[0.01],
[0]],
[[0],
[0.38],
[0],
[0.01],
[0.01],
[0],
[0.02]],
[[0],
[0],
[0.11],
[0],
[0],
[0],
[0]],
[[0],
[0.28],
[0.02],
[0],
[0],
[0],
[0]],
[[0],
[0.02],
[0.07],
[0],
[0],
[0],
[0]],
[[0],
[0],
[0],
[0],
[0],
[0],
[0]],
[[0],
[0],
[0],
[0],
[0.16],
[0],
[0]],
[[0],
[1.01],
[0],
[0],
[0],
[0],
[0]],
[[0.01],
[0],
[0.01],
[0],
[0.43],
[0],
[0]],
[[0],
[0.01],
[0.12],
[0],
[0.08],
[0.03],
[0.03]],
[[0.01],
[0],
[0],
[0.05],
[0],
[0],
[0.01]]]];
