 C = 14;  
 Omegamax = 1;
 P = 1;
 v = [2]; 
 KS = 27;


kS = [[1000,	424.4794,	640.0802,	391.0238,	598.2195,	651.4454,	708.3336,	533.4423,	492.5215,	215.8907,	726.5245,	600.7044,	406.6295,	626.5027,	323.8119],
[424.4794,	1000,	326.3712,	33.7165,	659.073,	612.338,	435.042,	374.7243,	169.7294,	266.5521,	414.3172,	442.5971,	539.7268,	576.2561,	102.5446],
[640.0802,	326.3712,	1000,	345.9842,	534.7725,	423.6359,	114.2524,	203.6507,	165.2949,	560.3429,	91.0431,	221.2399,	517.1385,	390.7229,	395.3581],
[391.0238,	33.7165,	345.9842,	1000,	648.0548,	608.7232,	451.7685,	376.436,	184.1732,	234.808,	435.382,	446.521,	521.0803,	572.9336,	68.8851],
[598.2195,	659.073,	534.7725,	648.0548,	1000,	148.5056,	492.0776,	336.2362,	542.0242,	702.1262,	557.896,	318.5238,	193.0376,	163.5365,	635.3872],
[651.4454,	612.338,	423.6359,	608.7232,	148.5056,	1000,	361.6366,	246.976,	469.376,	711.8074,	430.4448,	202.8406,	281.3965,	36.3191,	611.9938],
[708.3336,	435.042,	114.2524,	451.7685,	492.0776,	361.6366,	1000,	201.1523,	267.6894,	654.1342,	70.014,	177.469,	516.4558,	333.7818,	495.1193],
[533.4423,	374.7243,	203.6507,	376.436,	336.2362,	246.976,	201.1523,	1000,	222.8948,	525.1251,	250.1303,	74.0943,	319.4977,	210.8848,	393.7586],
[492.5215,	169.7294,	165.2949,	184.1732,	542.0242,	469.376,	267.6894,	222.8948,	1000,	395.6034,	256.2153,	283.0806,	464.8443,	433.1275,	230.1159],
[215.8907,	266.5521,	560.3429,	234.808,	702.1262,	711.8074,	654.1342,	525.1251,	395.6034,	1000,	651.3853,	599.1362,	529.0907,	679.9361,	170.1158],
[726.5245,	414.3172,	91.0431,	435.382,	557.896,	430.4448,	70.014,	250.1303,	256.2153,	651.3853,	1000,	240.2296,	569.5299,	401.6927,	486.1408],
[600.7044,	442.5971,	221.2399,	446.521,	318.5238,	202.8406,	177.469,	74.0943,	283.0806,	599.1362,	240.2296,	1000,	345.0709,	169.4925,	466.7567],
[406.6295,	539.7268,	517.1385,	521.0803,	193.0376,	281.3965,	516.4558,	319.4977,	464.8443,	529.0907,	569.5299,	345.0709,	1000,	269.9968,	492.5335],
[626.5027,	576.2561,	390.7229,	572.9336,	163.5365,	36.3191,	333.7818,	210.8848,	433.1275,	679.9361,	401.6927,	169.4925,	269.9968,	1000,	577.1618],
[323.8119,	102.5446,	395.3581,	68.8851,	635.3872,	611.9938,	495.1193,	393.7586,	230.1159,	170.1158,	486.1408,	466.7567,	492.5335,	577.1618,	1000]];
														
kem = [336,	407.5003,	614.477,	375.3828,	574.2907,	625.3876,	680.0002,	512.1046,	472.8207,	207.2551,	697.4635,	576.6762,	390.3643,	601.4426,	310.8594];


kI = [0.0193];
Q = [30];

d = [[[[0.08],
[0],
[2.28],
[0],
[4.4],
[0.4],
[0.16]],
[[0],
[0.07],
[0],
[0],
[0],
[0],
[0.76]],
[[0],
[0],
[0],
[0],
[0],
[0],
[0]],
[[0],
[0],
[0],
[0.01],
[0],
[0],
[0]],
[[0],
[0.05],
[0],
[0],
[0.3],
[0.01],
[0]],
[[0],
[0.38],
[0],
[0.01],
[0.01],
[0],
[0.02]],
[[0],
[0],
[0.11],
[0],
[0],
[0],
[0]],
[[0],
[0.28],
[0.02],
[0],
[0],
[0],
[0]],
[[0],
[0.02],
[0.07],
[0],
[0],
[0],
[0]],
[[0],
[0],
[0],
[0],
[0],
[0],
[0]],
[[0],
[0],
[0],
[0],
[0.16],
[0],
[0]],
[[0],
[1.01],
[0],
[0],
[0],
[0],
[0]],
[[0.01],
[0],
[0.01],
[0],
[0.43],
[0],
[0]],
[[0],
[0.01],
[0.12],
[0],
[0.08],
[0.03],
[0.03]],
[[0.01],
[0],
[0],
[0.05],
[0],
[0],
[0.01]]]];
