 C = 14;  
 Omegamax = 1;
 P = 1;
 v = [1]; 
 KS = 6.8;

kS = [[1000,	113.0104,	315.2768,	205.0892,	480.1816,	344.7811,	457.0523,	152.1562,	506.477,	349.6807,	187.6209,	439.2275,	545.393,	420.6528,	97.7998],
[113.0104,	1000,	217.7619,	305.5466,	494.7767,	234.808,	420.5783,	229.6,	554.3452,	401.9975,	275.4409,	538.1557,	513.2676,	470.9081,	123.9929],
[315.2768,	217.7619,	1000,	457.2709,	455.2605,	84.1865,	293.8333,	360.7819,	571.3938,	449.7553,	410.0112,	665.7894,	381.3349,	503.2723,	340.2259],
[205.0892,	305.5466,	457.2709,	1000,	401.1434,	511.278,	473.8705,	97.96,	363.701,	221.7222,	54.3662,	234.269,	543.117,	283.4646,	288.6174],
[480.1816,	494.7767,	455.2605,	401.1434,	1000,	539.4089,	215.6727,	353.9204,	161.7288,	187.2549,	358.4437,	439.736,	214.8259,	159.2804,	574.1707],
[344.7811,	234.808,	84.1865,	511.278,	539.4089,	1000,	373.7816,	418.2651,	653.2242,	526.8541,	468.1153,	729.6902,	458.414,	583.0357,	346.0295],
[457.0523,	420.5783,	293.8333,	473.8705,	215.6727,	373.7816,	1000,	390.015,	372.171,	326.227,	420.2333,	596.3622,	93.1395,	340.2317,	531.7126],
[152.1562,	229.6,	360.7819,	97.96,	353.9204,	418.2651,	390.015,	1000,	357.5047,	201.2594,	49.8526,	313.9779,	466.2189,	271.7731,	248.8852],
[506.477,	554.3452,	571.3938,	363.701,	161.7288,	653.2242,	372.171,	357.5047,	1000,	156.8062,	339.3925,	316.7838,	376.1,	85.8578,	604.2634],
[349.6807,	401.9975,	449.7553,	221.7222,	187.2549,	526.8541,	326.227,	201.2594,	156.8062,	1000,	188.1321,	270.8955,	368.7612,	70.9732,	447.4616],
[187.6209,	275.4409,	410.0112,	54.3662,	358.4437,	468.1153,	420.2333,	49.8526,	339.3925,	188.1321,	1000,	264.8665,	491.0509,	255.3993,	280.3638],
[439.2275,	538.1557,	665.7894,	234.269,	439.736,	729.6902,	596.3622,	313.9779,	316.7838,	270.8955,	264.8665,	1000,	638.1682,	280.6188,	518.5767],
[545.393,	513.2676,	381.3349,	543.117,	214.8259,	458.414,	93.1395,	466.2189,	376.1,	368.7612,	491.0509,	638.1682,	1000,	365.2095,	622.8505],
[420.6528,	470.9081,	503.2723,	283.4646,	159.2804,	583.0357,	340.2317,	271.7731,	85.8578,	70.9732,	255.3993,	280.6188,	365.2095,	1000,	518.4312],
[97.7998,	123.9929,	340.2259,	288.6174,	574.1707,	346.0295,	531.7126,	248.8852,	604.2634,	447.4616,	280.3638,	518.5767,	622.8505,	518.4312,	1000]];
														
kem = [336,	108.49,	302.6657,	196.8857,	460.9744,	330.9898,	438.7702,	146.07,	486.2179,	335.6934,	180.1161,	421.6584,	523.5773,	403.8267,	93.8878];


kI = [0.1153];
Q = [15];

d = [[[[0],
[0.01],
[0.01],
[0.69],
[0.01],
[0.45],
[0.02]],
[[0],
[0],
[0.01],
[0],
[0],
[0.09],
[0]],
[[0],
[0],
[0],
[0],
[0],
[0],
[0]],
[[0],
[0],
[0],
[0],
[0],
[0],
[0]],
[[0],
[0],
[0],
[0.03],
[0],
[0],
[0.01]],
[[0],
[0],
[0.32],
[0],
[0],
[0.13],
[0]],
[[0],
[0],
[0],
[0],
[0],
[0],
[0]],
[[0],
[0],
[0.01],
[0],
[0],
[0],
[0]],
[[0],
[0],
[0],
[0.24],
[0],
[0],
[0.11]],
[[0],
[0],
[0],
[0],
[0],
[0],
[0]],
[[0],
[0],
[0],
[0],
[0],
[0],
[0]],
[[0],
[0],
[0],
[0],
[0],
[0.07],
[0]],
[[0.06],
[0],
[0.51],
[0],
[0.03],
[0],
[0]],
[[0],
[0],
[0],
[0],
[0],
[0],
[0]],
[[0],
[0],
[0],
[0],
[0],
[0],
[0]]]];
