 C = 6; 
 Omegamax = 2;
 P = 1;
 v = [2]; 
 KS = 90;

kS = [[1000,	57.2372,	67.818,	71.0382,	113.7826,	113.8788,	58.1284],
[57.2372,	1000,	46.2746,	90.4893,	109.4487,	63.9478,	85.5736],
[67.818,	46.2746,	1000,	55.0772,	63.2108,	56.2776,	57.2214],
[71.0382,	90.4893,	55.0772,	1000,	51.2275,	109.1766,	14.9386],
[113.7826,	109.4487,	63.2108,	51.2275,	1000,	95.8549,	65.6871],
[113.8788,	63.9478,	56.2776,	109.1766,	95.8549,	1000,	113.2514],
[58.1284,	85.5736,	57.2214,	14.9386,	65.6871,	113.2514,	1000]];
						
kem = [336,	54.9478,	65.1053,	68.1967,	109.2313,	109.3237,	55.8032];


kI = [0.0033];
Q = [100];

d=[[[[0.74],
[5.56],
[2.42],
[3.83],
[10.3],
[0.94],
[1.54]],
[[1.46],
[1.05],
[1.72],
[1.09],
[0.55],
[0.84],
[0]],
[[0.01],
[0.67],
[0],
[0.03],
[0.11],
[1.22],
[0.1]],
[[0],
[0],
[0.04],
[0.91],
[0],
[0],
[0]],
[[0],
[0.97],
[0.78],
[0],
[0],
[0],
[0.04]],
[[0.92],
[0.12],
[0.1],
[2.57],
[0.97],
[0],
[1.32]],
[[11.31],
[2.85],
[0.01],
[0.09],
[3.07],
[2.69],
[0.06]]],
[[[22.78],
[1.88],
[3.37],
[2.12],
[1.38],
[14.36],
[6.88]],
[[0.13],
[0],
[0.3],
[0.1],
[0.68],
[7.57],
[2.29]],
[[0],
[3.01],
[0],
[0.09],
[0.01],
[0.29],
[0.02]],
[[0.02],
[0],
[0],
[4.7],
[0],
[0],
[0]],
[[1.64],
[9.58],
[0],
[0],
[0],
[1.17],
[0]],
[[0.05],
[0.01],
[0.78],
[3.45],
[0.81],
[3.89],
[0.01]],
[[0],
[0.39],
[0],
[0.25],
[2.01],
[0.03],
[0]]]];
