 C = 6;  
 Omegamax = 2;
 P = 1;
 v = [1]; 
 KS = 9;

kS = [[1000,	100.3154,	67.9336,	78.6797,	66.2313,	39.1673,	15.8027],
[100.3154,	1000,	74.3155,	63.6129,	52.5148,	75.8219,	84.5888],
[67.9336,	74.3155,	1000,	15.2169,	22.6999,	29.2509,	57.317],
[78.6797,	63.6129,	15.2169,	1000,	18.5917,	39.5901,	66.206],
[66.2313,	52.5148,	22.6999,	18.5917,	1000,	29.6067,	52.0814],
[39.1673,	75.8219,	29.2509,	39.5901,	29.6067,	1000,	28.1405],
[15.8027,	84.5888,	57.317,	66.206,	52.0814,	28.1405,	1000]];
						
kem = [336,	96.3028,	65.2162,	75.5325,	63.582,	37.6006,	15.1706];


kI = [0.0514];
Q = [20];

d = [[[[0.01],
[0.33],
[1.95],
[0.02],
[1.85],
[0],
[0]],
[[0.05],
[0],
[0],
[0],
[0],
[0],
[0]],
[[0],
[0],
[0],
[0],
[0],
[0],
[0.01]],
[[0],
[0],
[0.06],
[0],
[0],
[0],
[0]],
[[0],
[0.07],
[0],
[0],
[0],
[0],
[0]],
[[0],
[0.07],
[0],
[0.12],
[0],
[0],
[0]],
[[0],
[0],
[0],
[0],
[0.01],
[0],
[0]]],
[[[2.53],
[0],
[0.13],
[2.29],
[4.98],
[0.14],
[2.64]],
[[0],
[0.62],
[0],
[0],
[0],
[0],
[0]],
[[0],
[0.51],
[0],
[0],
[0],
[0.71],
[0]],
[[0],
[0],
[0.13],
[0],
[0],
[1.69],
[0]],
[[0],
[0],
[0],
[0],
[0],
[0],
[0]],
[[0],
[0],
[0],
[0],
[0.04],
[0],
[2.24]],
[[0],
[0.01],
[0],
[0],
[0],
[0],
[1.56]]]];
