 C = 6;  
 Omegamax = 2;
 P = 1;
 v = [2]; 
 KS = 90;

kS = [[1000,	61.0982,	135.3811,	125.4204,	136.6548,	117.0763,	56.9162],
[61.0982,	1000,	93.9225,	90.9353,	148.5481,	121.9531,	18.7415],
[135.3811,	93.9225,	1000,	17.3325,	119.2363,	93.723,	83.6537],
[125.4204,	90.9353,	17.3325,	1000,	102.3983,	76.5169,	77.8317],
[136.6548,	148.5481,	119.2363,	102.3983,	1000,	28.1437,	129.8136],
[117.0763,	121.9531,	93.723,	76.5169,	28.1437,	1000,	103.2318],
[56.9162,	18.7415,	83.6537,	77.8317,	129.8136,	103.2318,	1000]];
						
kem = [336,	58.6543,	129.9659,	120.4035,	131.1886,	112.3933,	54.6396];


kI = [0.0033];
Q = [100];

d = [[[[10.3],
[0.12],
[5.24],
[3.42],
[0.48],
[0.03],
[6.01]],
[[0.48],
[0],
[3.49],
[0],
[0],
[0.06],
[0]],
[[0.02],
[0],
[0],
[0.01],
[0],
[0],
[0]],
[[0.03],
[0.01],
[0],
[0],
[0],
[0],
[0]],
[[0],
[1.55],
[0],
[0.01],
[0.24],
[5.85],
[2.42]],
[[4.74],
[0.9],
[1.72],
[1.48],
[0.19],
[2.87],
[1.32]],
[[0],
[0.09],
[0],
[0],
[0.01],
[0.94],
[0.94]]],
[[[7.77],
[0.85],
[1.61],
[1.07],
[2.43],
[0.1],
[2.96]],
[[2.72],
[0.95],
[0],
[0.17],
[0.48],
[1.81],
[1.15]],
[[0.95],
[0],
[0],
[0],
[0],
[9.07],
[9.07]],
[[2.38],
[0.3],
[1.42],
[0],
[0],
[1.91],
[0]],
[[4.5],
[1.43],
[0.72],
[0],
[0],
[0],
[0]],
[[1.82],
[0.52],
[0],
[0.03],
[3.43],
[0],
[1.87]],
[[0.43],
[6.92],
[11.31],
[0.64],
[2.01],
[0.85],
[0.58]]]];
