 C = 6;  
 Omegamax = 2;
 P = 1;
 v = [1]; 
 KS = 9;

kS = [[1000,	61.0982,	135.3811,	125.4204,	136.6548,	117.0763,	56.9162],
[61.0982,	1000,	93.9225,	90.9353,	148.5481,	121.9531,	18.7415],
[135.3811,	93.9225,	1000,	17.3325,	119.2363,	93.723,	83.6537],
[125.4204,	90.9353,	17.3325,	1000,	102.3983,	76.5169,	77.8317],
[136.6548,	148.5481,	119.2363,	102.3983,	1000,	28.1437,	129.8136],
[117.0763,	121.9531,	93.723,	76.5169,	28.1437,	1000,	103.2318],
[56.9162,	18.7415,	83.6537,	77.8317,	129.8136,	103.2318,	1000]];
						
kem = [336,	58.6543,	129.9659,	120.4035,	131.1886,	112.3933,	54.6396];


kI = [0.0514];
Q = [20];

d = [[[[0.17],
[0.13],
[0.04],
[3.79],
[0.06],
[0],
[3.4]],
[[0],
[0],
[0],
[0],
[0],
[0],
[0]],
[[0],
[0],
[0],
[0],
[0],
[0],
[0]],
[[0],
[0],
[0],
[3.65],
[0],
[0],
[3.89]],
[[0],
[0],
[0],
[0],
[0],
[0],
[0]],
[[0.32],
[0.04],
[0.32],
[0],
[0],
[1.05],
[0]],
[[0],
[0],
[0],
[0],
[0],
[0],
[0.14]]],
[[[0.2],
[0],
[0.88],
[0.2],
[0.03],
[0.01],
[1.33]],
[[0],
[0.05],
[0],
[0],
[0],
[0],
[0]],
[[0],
[0],
[0],
[0],
[0],
[0],
[0]],
[[0],
[0],
[0],
[0],
[0.03],
[0],
[0]],
[[0],
[0],
[0],
[0],
[0],
[0],
[0.52]],
[[0.08],
[0],
[0],
[0],
[0],
[0],
[0.02]],
[[1.78],
[0],
[0.01],
[0],
[0.32],
[0],
[0]]]];
